0.5
10.851106148447796
20.623674967742165
30.254822170010662
39.79677773727359
49.2676863759115
58.67620134846814
68.02709679519619
77.32351049200234
86.5675025716357
95.76053994947931
104.90377434028952
113.99816391178491
123.04447328464583
132.04331908976812
140.99526534340743
149.9007789613495
158.76029848531223
167.57423630921608
176.34297867918363
185.0668856935399
193.7462913028129
202.38150330973153
210.97280969818812
219.52051497931905
228.02489235541418
236.48620506608103
244.90471240557528
253.2806697228005
261.6143284213082
269.90593595929835
278.15573584961845
286.36396765976417
294.5308670118792
302.65666558275603
310.74159110383357
318.78586736119985
326.7897141955918
334.75334750239136
342.6769792316329
350.56082012845684
358.4050921235494
366.2100039069471
373.97576046642354
381.7025655745225
389.3906217885575
397.04013045061225
404.65129168754015
412.22430441096463
419.75936631727905
427.25667388764646
434.7164223880002
442.1388058690434
449.5240171662487
456.87224789985953
464.18368847488784
471.45852808111766
478.6969546931007
485.89915507016
493.06531475638786
500.19561808064697
507.29024815656925
514.3493868825569
521.3732149417833
528.3619118021892
535.3156557164873
542.2346237221592
549.1189916414562
555.9689340814028
562.7846244337874
569.5662348751722
576.3139363668907
583.0279014550795
589.708309750708
596.3553300837335
602.9691294030098
609.5498739036262
616.0977290269076
622.6128594604139
629.0954291379405
635.5456012395179
641.963538191412
648.3494016661241
654.7033525823908
661.0255511051838
667.3161566457104
673.5753278614129
679.8032226559689
685.9999981792922
692.1658108275304
698.3008162430674
704.4051693145223
710.4790241767494
716.5225342108384
722.5358520441138
728.5191295501363
734.4725178487013
740.3961673058394
746.2902275338172
752.1548473911358
757.9901749825319
763.796357658978
769.573542017681
775.3218739020842
781.0414984018648
786.7325598529362
792.3952018374471
798.0295671837824
803.6357979665603
809.2140355066347
814.7644203710976
820.2870923732721
825.782190572719
831.2498532752354
836.6902180328509
842.1034216438318
847.4896001526811
852.8488888501349
858.1814222731651
863.4873342049798
868.7667576750225
874.0198249589707
879.2466675787375
884.4474163024734
889.6222011445615
894.7711513656196
899.8943954725053
904.9920612183091
910.0642756023502
915.1111648701965
920.1328545136422
925.129469270716
929.2717779512478
931.7884701822371
932.8203815664498
932.5024996965526
930.9638537859483
928.3275146687758
924.7105947999092
920.2242482549594
914.9736707302724
909.0580995429309
902.5708136307526
895.5991335522915
888.2244214868382
880.5220812344178
872.5615582157926
864.4063394724601
856.1139536666539
847.735971081343
839.3180036202338
830.8997048077663
822.5147697891184
814.1909353302037
805.94997981767
797.8077232589022
789.7740272820221
781.8527951358866
774.0419716900865
766.333543434952
758.7135384815466
751.1620265616699
743.6531190278598
736.1549688533883
728.6297706322619
721.052612016037
713.4975966462932
705.9785739017955
698.4955299323532
691.0484390570753
683.6372637643676
676.2619547119347
668.9224507267792
661.6186788052012
654.3505541127996
647.1179799844703
639.9208479244079
632.7590376061064
625.6324168723548
618.540841735243
611.4841621903203
604.462239754805
597.4749337744074
590.5221026776946
583.6036041940787
576.7192953538131
569.8690324879957
563.0526712285678
556.2700665083125
549.5210725608582
542.8055429206745
536.1233304230753
529.4742872042182
522.8582647011026
516.2751136515731
509.7246840943151
503.2068253688598
496.7213861155795
490.26821427569104
483.8471570912534
477.4580611051699
471.10078177305206
464.7751767397364
458.48109506783084
452.2183865947789
445.98690193285796
439.78649246918116
433.61701036569605
427.4783085591847
421.37024076126454
415.2926614583873
409.24542591183973
403.2283901577439
397.24141100705543
391.28434604556634
385.35705363390184
379.4593929075231
373.5912237767262
367.75240692664096
361.9428038172329
356.16227668330174
350.4106885344827
344.6879031552455
338.9937851048946
333.3281997175689
327.69101310224266
322.08209214272523
316.50130449765976
310.9485186005253
305.4236036596347
299.9264296581367
294.45686735401324
289.0147882800833
283.6000647439984
278.2125698282468
272.8521773901513
267.51876206186637
262.2121992503862
256.93236513753595
251.67913667997715
246.45239160920886
241.25200884321086
236.07789549909452
230.92994028550896
225.80801473523988
220.71199406994648
215.6417572001628
210.5971867252973
205.57816893363199
200.58459380232404
195.61635499740404
190.67334987377748
185.75547947522418
180.8626485343976
175.99476547282626
171.1517424009121
166.3334951179322
161.53994311203778
156.7710095602535
152.0266213284794
147.30670897148906
142.61120673293064
137.94005254532632
133.29318803007328
128.6705584974423
124.07211294657849
119.49780406550137
114.94758823110482
110.42142550915723
105.91927965430035
101.4411181100513
96.9869120088001
92.55663617181297
88.15046962397842
83.76854557052823
79.4108121579533
75.07732768784923
70.76826084618102
66.48389070328243
62.224606713857426
57.990908716978716
53.783406936088866
49.60282197899942
45.44998483789178
41.32583688931628
37.2314298941927
33.16828272245663
29.139246186000864
25.146810867066975
21.197337432840566
17.30157285148187
13.474650392126465
9.73947777623198
6.155432748208535
2.888180110251835
0.5458035327784255
0.01748708690235326
0.0009091427974945884
0.0006122845295167392
0.0006187697702685356
0.0006310169292601783
0.0006436330468086561
0.0006565471056873798
0.0006698302303878387
0.00068352143347638
0.000697672537091288
0.0007122672980064611
0.0007272892569772011
0.0007427146988749306
0.0007585801983343787
0.0007748646732936253
0.0007915864673629388
0.0008087889878237599
0.00082646414806631
0.0008446334214404995
0.000863322301675953
0.0008825234251093972
0.0009022980623256718
0.000922617880165529
0.0009435460746306222
0.000965085374938103
0.000987254359502257
0.0010100763337278656
0.001033579854389942
0.0010578030170795949
0.0010827515576013406
0.0011084735176710978
0.0011349881426985146
0.0011623211219720542
0.001190515978027196
0.0012195887029357187
0.00124961566115686
0.0012805772034972327
0.0013125550858568238
0.0013455781171524501
0.0013796976466882264
0.001414949953431177
0.0014513684321902226
0.0014890288138774633
0.0015280189000347003
0.0015682949588837682
0.0016100027833979176
0.0016531382176212998
0.0016978595277146753
0.0017441611999793047
0.0017921311731694362
0.0018418676782960641
0.001893425297899941
0.0019469319574476173
0.002002417072615447
0.0020600482627636265
0.0021198944971807638
0.0021820769325000067
0.0022466624892923904
0.00231386225716596
0.002383751023239976
0.002456467334740318
0.002532215697460105
0.002611090903803003
0.0026932821124241585
0.00277901116645992
0.002868415609073943
0.0029617262861831462
0.003059187903144966
0.003160989790459606
0.0032674432658683986
0.003378767271551109
0.0034953215901160034
0.003617346773038314
0.00374525951953184
0.0038793788966214175
0.004020116603811016
0.004167889837595297
0.004323181533078899
0.004486459956460561
0.0046583061454758875
0.004839257538313401
0.005030006150031608
0.005231229395724262
0.0054437151866847
0.005668241406353054
0.0059057562427689905
0.006157184410703386
0.006423670155564886
0.006706423752273931
0.007006753587843091
0.007326024242347727
0.007665921375973683
0.008028135267014274
0.008414726463356509
0.008827832391730918
0.009269856322143014
0.00974351922982985
0.010251818517221789
0.010798271396612814
0.011386521129424735
0.012021123393653022
0.012706735512433542
0.013449004384462147
0.014254188847244697
0.01512956746154732
0.016083205706226303
0.017124884345678604
0.01826552329697835
0.01951778170555076
0.02089659993477803
0.02241947506390363
0.024106959902844775
0.025983405742299192
0.02807786801127165
0.0304252863329325
0.033067784864534176
0.0360568169917619
0.03945499943123026
0.04334118656605371
0.04781270422007431
0.05299350347619987
0.05904222143847901
0.0661646219985432
0.07463139141130345
0.08480661228340318
0.09718727011948888
0.11246662435233805
0.13163803427019116
0.156171677085311
0.18831136840920715
0.23164015634214985
0.2921545583933705
0.38051807734326404
0.5170420250848746
0.7436312605815628
1.1538514347705724
1.9669405130616393
3.6726497670762877
7.12400145856504
13.14645394676443
21.865021841895654
32.31831606456225
43.201860121319065
54.034635667432426
64.80202348761206
75.50566274676672
86.14866802663788
96.73282833205995
107.2595815230094
117.73014964911718
128.14553894967193
138.5065398536191
148.8137269795602
159.06758954968583
169.26867673942422
179.41742159143408
189.51423810492602
199.5595221823163
209.5536516292296
219.4969861544949
229.38986737014773
239.232618791431
249.0255458367922
258.7689385271497
268.46310554183896
278.10833283238395
287.7048941659781
297.25306040168635
306.7530994904478
316.20527647507157
325.60985349023935
334.9670897625053
344.2772416102947
353.54056244390716
362.7573027655122
371.9277101691522
381.05202934074197
390.1305020580663
399.1633671907862
408.1508607004314
417.0932156404048
425.99066215598145
434.84342748430737
443.65173595440325
452.4158112194009
461.1358809397974
469.8121682895025
478.44489450888665
487.0342791407403
495.58054003027024
504.08389332510177
512.5445534752786
520.9627332332617
529.3386436539319
537.6724940945866
545.9644922149415
554.2148439771312
562.4237536457065
570.5914237876397
578.7180552723178
586.8038472715476
594.8489972595535
602.8537010129784
610.8181526108827
618.742544434746
626.6270671684651
634.4719097983549
642.2772596131475
650.0433022039966
657.7702214644696
665.4581995905545
673.1074170806579
680.7180527356016
688.2902836586296
695.8242852554008
703.3202312339922
710.7782936049019
718.198642681042
725.5814470777476
732.9268737127672
740.2350878062687
747.50625288084
754.7405307581428
761.9379704124839
769.098677675044
776.2228822514597
783.3107974947208
790.3626204051687
797.3785316305001
804.3586954657621
811.3032598533558
818.2123563830348
825.0861002919053
831.9245904644273
838.7279094324127
845.4961233750267
852.2292821187868
858.9274191375636
865.5905515525814
872.2186801324161
878.8117892929967
885.3698470976061
891.8928052568778
898.3805991288003
904.8331477187146
911.2503536793141
917.6321033106437
923.9782665601032
930.2886970224457
936.5632319397737
942.8016922015471
949.0038823445747
955.16959055302
961.2985886583987
967.3906321395813
973.4454601227895
979.4630371842236
985.4917965068586
991.5547167351
997.6315362570072
1003.7010705973205
1009.741212417462
1015.728931515534
1021.6402748263218
1027.4503664212905
1033.1334075085863
1038.6626764330372
1044.010528676152
1049.1483968561215
1054.0467907278169
1058.6752971827905
1063.0025802492764
1066.9963810921893
1070.623518013126
1073.849886450363
1076.2822833296589
1076.1245984700183
1073.5832768841715
1069.1411796878965
1063.2262879863993
1056.211702874312
1048.415645435696
1040.1014567440382
1031.4775978622529
1022.6976498426824
1013.8603137270964
1005.0094105466904
996.1593413843125
987.3300166238735
978.5248190294004
969.7467442215233
960.9984890491328
952.2824515893805
943.6007311476764
934.9551282576931
926.3471446813627
917.777983408878
909.2485486586927
900.7594458775195
892.3109817403322
883.9031641503655
875.5357022391139
867.2080063663343
858.9192946326604
850.670048560844
842.4606592689715
834.2910539838024
826.1611530165402
818.0708637436157
810.0200806066899
802.0086890481775
794.0365766645377
786.1036013362485
778.2096154062172
770.354469545095
762.538012751275
754.7600923508926
747.0205539978258
739.3192416736932
731.6559976878574
724.0306626774226
716.4430756072355
708.8930737698853
701.3804927857016
693.9051666027586
686.4669274968713
679.0656060715977
671.7010312582387
664.3730303158353
657.0814288467445
649.8260638178745
642.6067730522992
635.4233851198377
628.2757292550189
621.1636353570847
614.0869339899883
607.0454563823944
600.0390344276794
593.0675006839306
586.1306883739474
579.2284313852407
572.3605642700331
565.5269222452594
558.7273411925637
551.9616576583037
545.2297088535493
538.5313326540784
531.8663676003852
525.2346528976713
518.6360284158532
512.0703346895567
505.5374129181196
499.03710496559216
492.5692533607344
486.1337012970219
479.7302926326364
473.35887189047367
467.0192842581432
460.71137558796187
454.43499239696234
448.1899818668871
441.97619184418596
435.7934708400276
429.6416680302899
423.5206332555576
417.43021702113396
411.3702704970281
405.3406455179647
399.3410832437286
393.3705694510172
387.42884812713135
381.51586372935617
375.6315599531861
369.775879732319
363.948765238663
358.15015788233023
352.37999831163995
346.6382264131203
340.92478131150335
335.2396013697309
329.58262418894924
323.9537866085113
318.3530247059793
312.78027379711915
307.2354684359067
301.71854241452195
296.229428763352
290.7680597509929
285.3343668842444
279.9282809081162
274.5497318058227
269.1986487987845
263.8749603466315
258.5785941471975
253.30947713652643
248.0675354888662
242.85269461667139
237.66487917060613
232.50401303953774
227.37001935054408
222.26282046890725
217.18233799811566
212.1284927798673
207.10120489406427
202.1003936588169
197.1259776304417
192.17787460346125
187.25600161060748
182.36027492281625
177.49061004923192
172.6469217372049
167.8291239722917
163.03712997825812
158.2708522170739
153.53020238891773
148.8150914321734
144.12542952343236
139.46112607749262
134.8220897473589
130.2082284242439
125.61944923756481
121.0556585549462
116.51676198222353
112.00266436343092
107.51326978081742
103.0484815548357
98.60820224414199
94.19233364560458
89.80077679429294
85.433431963492
81.09019866468297
76.77097564756149
72.47566090002715
68.20415164818687
63.95634435635298
59.73213472704612
55.531417700992435
51.35408745712949
47.20003741259378
43.06916022273292
38.96227127689451
34.885419036509894
30.840700386007576
26.831462658776637
22.863539608101764
18.945251407158967
15.08740464901777
11.307495830505326
7.647726657918807
4.213495550894676
1.3415137479509895
0.08643724120065423
0.002297298025191257
0.0006315700443352403
0.0006128822239899227
0.0006247678866273244
0.0006375131208193145
0.0006506047745638661
0.0006640455472650208
0.0006778278177421945
0.0006919693540414932
0.0007064974311878552
0.0007213989643328482
0.000736703872289009
0.000752426902283442
0.0007685740879549078
0.0007851602776319937
0.0008022056789972033
0.0008197216960035013
0.0008377301117255541
0.000856249469902078
0.0008752786981837217
0.0008948474660131995
0.000914999208256827
0.0009357234260416953
0.0009570498584166581
0.0009790034012038356
0.001001607148819348
0.0010248847041204234
0.0010488544392788478
0.0010735540135229712
0.0010990071576481425
0.0011252589120267207
0.0011523030533747585
0.0011801960477455706
0.0012089782843802076
0.001238661276864753
0.0012693023333083062
0.0013009223426086775
0.0013335909943184082
0.0013673271717382066
0.001402180730204135
0.0014381950324347387
0.0014754455777662855
0.0015139446879822017
0.0015537677385611438
0.0015949920487687641
0.0016376448987614923
0.0016818167575527979
0.0017275538098869216
0.0017749442187128535
0.0018240260516497208
0.0018749983478297846
0.0019278171044367488
0.0019826174610453914
0.0020394871376794217
0.0020985513092661276
0.002159932801846885
0.002223677338424036
0.0022899857558147246
0.002358956875262781
0.0024307230831478147
0.002505475806364519
0.00258331908122454
0.0026644504507751104
0.0027490314537564568
0.002837284231049677
0.002929364251843824
0.0030255790873093655
0.003126048662925371
0.003231073402303252
0.0033409556747866147
0.003455947112819935
0.0035763483311111867
0.0037024448165954927
0.0038348013890415595
0.003973592525721218
0.004119318738943657
0.004272423878343781
0.00443337452265027
0.0046027275013558145
0.004781054177323176
0.00496894657354874
0.005167132043340863
0.005376317241481055
0.005597321411529141
0.005830968071351759
0.006078283958579793
0.00634028713927851
0.006618170259523511
0.0069131569047217335
0.007226649574378561
0.007560164399690398
0.007915506205029798
0.008294449182548059
0.008699115380242014
0.009131859297382507
0.009595186667206022
0.010092139459711425
0.010625866371350587
0.01120002730056678
0.01181873624960626
0.012486632080557461
0.013208946954627356
0.013991705271590422
0.014841640571297238
0.015766589513773507
0.01677550385531723
0.01787869660145389
0.019088218949701582
0.02041788187484827
0.02188401431424407
0.02350537287507598
0.02530542795207685
0.02731031891639543
0.029552426616243698
0.03207045451602381
0.03491116090316162
0.038132317257308375
0.0418045029744946
0.04601640202165594
0.05087975995071299
0.056534891911137274
0.0631665026286354
0.07101376176035612
0.08039660359534034
0.09174808425759151
0.10566977183390977
0.12301600299695147
0.14503116359806376
0.17358861208403809
0.21161253082921666
0.2638945963533152
0.33871570702915066
0.45138356766544063
0.6324159425815346
0.947864173614414
1.550262918153864
2.793391584366586
5.386626644757511
10.250050699357011
17.881202503630213
27.77541097447015
38.59327436939792
49.45501750953666
60.25060797890869
70.98078598272197
81.6492182801349
92.25817854552794
102.80913064985441
113.3033529463371
123.74194045630995
134.12580486921283
144.45567454260316
154.73209450214233
164.95547040325076
175.12632985015517
185.24510097081736
195.31217541616329
205.3279306683194
215.29273004062202
225.20692267761402
235.07084355503926
244.88481347985407
254.64913909021396
264.3641128554864
274.0300135447798
283.64713446504624
293.21575760925117
302.73614854492786
312.2085703664556
321.63328369505587
331.01054667878833
340.3406149925602
349.62374183811505
358.86017794404313
368.0501715657763
377.19396848558523
386.29181201258734
395.34394298273725
404.3505997588356
413.31201823052515
422.2284318142868
431.100071453449
439.927165618176
448.70994030548036
457.4486190392145
466.1434228700709
474.79457037558814
483.40227733283996
491.9667566685249
500.48822690521445
508.96690607364843
517.4030102684501
525.7967536481166
534.1483484350272
542.4580049154395
550.7259314394864
558.9523344211846
567.1374183384233
575.2813857329752
583.384437210491
591.4467714404963
599.4685851564004
607.4500731554862
615.3914282989186
623.2928415117418
631.154501782874
638.9765961651175
646.759309775148
654.5028257935238
662.2073254646816
669.8729880969325
677.4999910624723
685.088509797369
692.6387178015746
700.1507866389173
707.624885937103
715.0611833877188
722.4598447462268
729.8210338319712
737.1449125281728
744.4316407819318
751.681376604227
758.8942760699146
766.0704933177307
773.2101805502901
780.3134880340846
787.3805640994881
794.4115551407455
801.4066056159885
808.3658580472265
815.2893978056812
822.1772441227074
829.0295626535839
835.8465067699823
842.6282094444435
849.3747832503749
856.0863203620563
862.7628925546336
869.4045512041242
876.011327287415
882.5832313822586
889.1202536672821
895.6223639219764
902.0895115267048
908.5216254627005
914.9186143120622
921.2803662577621
927.6067490836377
933.8976101743981
940.1527765156221
946.3720546937562
952.5552308961146
958.7020709108855
965.0588373616436
971.7833534304732
978.7481512055399
985.8330155967684
992.9249843358351
999.9183479761749
1006.7146498929778
1013.2226862831869
1019.3585061655037
1025.0454113803826
1030.213956590035
1034.8019492784283
1038.7544497512833
1042.0237711360783
1044.5694793820453
1046.3583932601723
1047.3645843632044
1047.5693771056401
1046.9613487237336
1045.5363292754957
1043.2974016406918
1040.2549015208426
1036.4264174392254
1031.83679074087
1026.518115592566
1020.5097389828543
1013.8582607220362
1006.6175334421615
998.8486625970417
990.6200064622407
982.0744707539769
973.4793249103149
964.8651906075382
956.2435420723451
947.6246469548008
939.017566328329
930.4301546897158
921.8690599591129
913.3397234800299
904.8463800193429
896.3920577672867
887.9785783374593
879.6065567668229
871.2754015156981
862.9833144677729
854.7272909300924
846.507413503923
838.3265386119537
830.1846181567885
822.0815977980826
814.0174176499
805.9920122807163
798.0053107134227
790.0572364253176
782.147707348116
774.2766358679412
766.4439288253291
758.6494875152299
750.8932076870018
743.1749795444199
735.4946877456669
727.8522114033381
720.2474240844434
712.6801938104013
705.1503830570455
697.6578487546187
690.2024422877768
682.7840094955878
675.402390671531
668.0574205635005
660.7489283737967
653.4767377591354
646.2406668306459
639.0405281538658
631.876128748748
624.7472813785604
617.6538445242701
610.5956549427533
603.5725461256937
596.5843522329395
589.6309080924956
582.712049200527
575.8276117213617
568.9774324874837
562.161348999541
555.3791994263389
548.6308226048425
541.9160580401798
535.2347459056348
528.5867270426559
521.9718429608481
515.3899358379769
508.8408485199704
502.32442452091277
495.84050802305217
489.38894387679403
482.96957760070376
476.5822553815092
470.22682407409525
463.90313120151035
457.61102495495936
451.3503541938085
445.1209684455851
438.92271790597425
432.7554534388245
426.61902657614104
420.5132895180901
414.4380951329996
408.3932969573536
402.3787491958015
396.3943067211481
390.43982507436107
384.5151604645663
378.62016976904994
372.754710533261
366.9186409708034
361.11181996344476
355.33410706111334
349.5853624818938
343.8654471120341
338.17422250594143
332.5115508861809
326.8772951434814
321.2713188367265
315.693486192968
310.1436621074088
304.6217121434181
299.1275025325221
293.66514222472995
288.23870104756304
282.84723814408386
277.4898313056408
272.1655806735226
266.87360873895324
261.61306034309786
256.38310267705765
251.18292528187186
246.0117400485203
240.86878121791793
235.7533053809208
230.6645914783211
225.6019408008491
220.56467698917558
215.55214603390635
210.56371627558872
205.59877840470554
200.6567454616784
195.73705283686877
190.8391582705736
185.96254185303107
181.106706024415
176.271175574838
171.45549764435236
166.65924172294666
161.881999650549
157.12338561702538
152.3830361621784
147.66061017575186
142.95578889742484
138.2682759168173
133.59779717348516
128.94410095692248
124.30695790656453
119.68616101178031
115.08152561188162
110.49288939611479
105.92011240366554
101.36307702365987
96.82168799515716
92.29587240716093
87.7855796986079
83.29078165837574
78.81147242527939
74.34766848807183
69.8994086854458
65.46675420603009
61.049788588392275
56.6486177210388
52.263369842413645
47.89419554090032
43.54126775481898
39.204781772427324
34.884955231924266
30.582028121443443
26.29626277905993
22.027943892784258
17.777378500565536
13.54489599029431
9.330848099795137
5.135608916832778
0.9595748791093632
-3.196835225735017
-7.3331802601188985
-11.44899673652668
-15.543798817501978
-19.617078315652385
-23.668304693645243
-27.69692506421122
-31.70236419014151
-35.684024484289566
-39.64128600957158
-43.57350647896446
-47.48002125550676
-51.36014335229953
-55.21316343250641
-59.03834980935003
-62.8349484461186
-66.60218295615796
-70.33925460287996
-74.04534229975533
-77.71980594231226
-81.36986596634634
-84.99962403027152
-88.60928287748865
-92.19904104564155
-95.76909286662062
-99.3196284665613
-102.85083376584248
-106.3628904790902
-109.85597611517343
-113.33026397720778
-116.78592316255389
-120.22311856281573
-123.64201086384453
-127.04275654573466
-130.42550788282654
-133.7904129437062
-137.1376155912029
-140.4672554823929
-143.77946806859572
-147.07438459537698
-150.35213210254787
-153.61283342416272
-156.85660718852336
-160.08356781817395
-163.29382552990603
-166.487486334755
-169.6646520380012
-172.8254202391711
-175.9698843320344
-179.0981335046073
-182.21025273915126
-185.3063228121709
-188.38642029441792
-191.45061755088852
-194.4989827408224
-197.5315798177072
-200.548468529272
-203.5497044174942
-206.53538425356112
-209.50563200991078
-212.46052641480773
-215.400144337193
-218.3245609049826
-221.23384950506383
-224.1280817832984
-227.0073276445212
-229.871655252539
-232.72113103013317
-235.55581965905682
-238.37578408003728
-241.18108549277494
-243.97178335594216
-246.74793538718606
-249.50959756312525
-252.25682411935279
-254.98966755043435
-257.7081786099083
-260.4124063102871
-263.10239792305526
-265.77819897867107
-268.43985326656656
-271.08740283514464
-273.7208879917841
-276.3403473028346
-278.9458175936205
-281.5373339484388
-284.1149297105587
-286.678636482225
-289.2284593899937
-291.7643716911736
-294.28641199869105
-296.7946100780444
-299.2889828548505
-301.76953441484875
-304.2362560038984
-306.6891260279794
-309.12811005319264
-311.55316080575767
-313.96421817201633
-316.3612091984308
-318.74404809158335
-321.11263621817756
-323.4668621050356
-325.8066014391021
-328.1317170674415
-330.442058997239
-332.7374643958006
-335.0177575905512
-337.2827405945458
-339.5315085564032
-341.7642089100517
-343.98146152935163
-346.1835084705568
-348.37021397231814
-350.54106445568146
-352.6951685240878
-354.83125696337424
-356.94768274177125
-359.0424210099065
-361.11306910080253
-363.1568465298772
-365.170594994944
-367.1507783762105
-369.093482736281
-370.9944163201546
-372.8489095552258
-374.65191505128513
-376.39800760051685
-378.08138417750166
-379.6958639392158
-381.22936209060776
-382.64587951769306
-383.92899861911957
-385.0248767479833
-385.8332490348246
-386.20742838762817
-385.95430549182333
-384.7330126168035
-381.8768168594357
-374.81590345330244
-357.0946119699501
-276.96751857172796
2.4551152036611916e14
