0.5
10.85110614844779
20.623674967742147
30.254822170010655
39.796777737273565
49.26768637591147
58.676201348468105
68.02709679519617
77.32351049200231
86.56750257163567
95.76053994947927
104.90377434028946
113.99816391178479
123.04447328464597
132.04331908976803
140.99526534340734
149.9007789613494
158.76029848531212
167.57423630921602
176.34297867918357
185.06688569353992
193.74629130281278
202.38150330973198
210.9728096981881
219.52051497931902
228.02489235541412
236.486205066081
244.90471240557517
253.2806697228003
261.6143284213081
269.9059359592981
278.1557358496181
286.3639676597639
294.5308670118792
302.6566655827556
310.74159110383334
318.7858673611998
326.78971419559133
334.7533475023919
342.6769792316333
350.5608190589066
358.40508365498
366.2099831108542
373.9757246413919
381.7025139319456
389.39055513835723
397.0400508869584
404.65120227457027
412.2242088685034
419.759268706558
427.2565782970239
434.71633261867987
442.1387251207963
449.52394772313056
456.4411211678488
461.71642543220065
465.42444702266664
467.714573987791
468.72896082594696
468.6025284853366
467.4629643639909
465.4307223097699
462.6190226203624
459.13385204328625
455.07396377588776
450.53087746534294
445.5888792086562
440.32502155266087
434.8091234940192
429.1037704792226
423.2643144045914
417.3388736162738
411.3683329102486
405.38634353232254
399.41932317813144
393.48645599314
387.5987288640051
381.7415430451855
375.90821701122167
370.0993402479553
364.3154307732356
358.5569351369188
352.82422842086834
347.1176142389548
341.4373247370564
335.78352059305763
330.1562910168517
324.55565375033717
318.9816161843618
313.43437787846995
307.91390296432854
302.42011977348955
296.9529564368317
291.51234088456033
286.09820084620793
280.71046385063323
275.349057226022
270.01390809988686
264.7049433990669
259.4220898497283
254.1652739773637
248.93442210679268
243.7294603621614
238.55031466694342
233.3969107439379
228.26917411527185
223.16703010239823
218.0904038260975
213.03922020647627
208.01340396296823
203.01287961433385
198.03757147866037
193.08740367336085
188.16230011517746
183.26218452017642
178.38698040375218
173.5366110806249
168.71099966484383
163.91006906978348
159.13374200814297
154.38194353468612
149.65468806600052
144.95193128154276
140.2735886295678
135.61958900653568
130.98987475711073
126.38440167416209
121.80313899876369
117.24606942019409
112.71318907593643
108.20450755167865
103.72004788131343
99.25984654693802
94.82395347885442
90.41243205556952
86.02535910379427
81.66282489844524
77.3249331626424
73.0118010677119
68.72355923318402
64.46042938076602
60.22297947715566
56.0113663235544
51.82598578571618
47.66759036516858
43.53728919921221
39.43654806092105
35.36718935914233
31.331392138496717
27.331692079378303
23.371907131161283
19.458565963499016
15.602745158890357
11.824694343247364
8.159435400141003
4.6940800908722515
1.71029589792081
0.15563248262871343
0.00824982556279552
0.0051980078086830955
0.005342901890977261
0.005560077083409873
0.005790813223169701
0.006035155188713649
0.006293960665957197
0.006568370849028699
0.006859675685770651
0.007169229859036635
0.007498561521106533
0.007849349989710685
0.008223412158708912
0.008622921144172506
0.009050046427495005
0.009507413204672318
0.00999784298276751
0.010524561527715026
0.011091104283526559
0.011701694791375106
0.012360701134705575
0.013073510766051922
0.013845805692960365
0.014684494754007694
0.015597019826271756
0.016592492100830244
0.017681000889253066
0.01887416125392042
0.02018583251662867
0.021632219725195686
0.02323193002347748
0.02500723331004509
0.026984562797439205
0.029195782417310485
0.0316787132626978
0.03447915987666659
0.037653881730546776
0.04127196501573246
0.04542062891199214
0.050207521240478066
0.05577181086684722
0.062290888000272625
0.06999819472880903
0.07920137613932082
0.09031934347916264
0.10392688920952148
0.12083736989595699
0.14222998403999138
0.16987019422511268
0.20650156197621755
0.2565874556597865
0.32779282937658566
0.4341205171409218
0.6031708993580736
0.8939280756761581
1.4414398857074004
2.5596140326372283
4.897263025522968
9.37898514869297
16.59462737929082
26.208676146445324
36.94368309069617
47.809639902129
58.59917896565112
69.3240084663671
79.98591844357559
90.58745956109534
101.13025705938722
111.61547938215409
122.04413660025698
132.41708041598855
142.73500416307087
152.99844280665735
163.2077876076939
173.36346191145975
183.465827947337
193.51519806951364
203.51185728689103
213.45606326308146
223.3480463164089
233.18800941991032
242.97612820133364
252.71255094313932
262.39739858249874
272.0308174561671
281.62750110332894
291.1959597976402
300.73188127387647
310.2309638435877
319.6889163950995
329.1014583935139
338.46431988070725
347.7732414753325
357.02397437281746
366.21228034536506
375.33393174195527
384.3847114883416
393.36041308705484
402.25684061740037
411.06980873545865
419.7951426740875
428.4286782429175
436.9662618283569
445.40375039358975
453.73701147857355
461.96192320004275
470.0743742515064
478.07026390325126
485.9455020023371
493.69600897259926
501.3177158146511
508.8065641058783
516.2607407011193
523.5001248186938
529.8746424417836
534.8693499554585
538.1189803263969
539.407943102887
538.6703244148258
535.9898869737198
531.6000700726844
525.8839895864447
519.3744379713345
512.7538842652973
506.4754939612042
500.18556999308385
493.8794603821132
487.56847794379024
481.2621646748615
474.9682917533216
468.6928595384128
462.4400975706262
456.2124645716998
450.0106484446207
443.83356627362417
437.68115948096903
431.5557782483065
425.45765024593265
419.38697117295106
413.3439167546246
407.3286427423748
401.3412849137834
395.38195907259035
389.45076104869565
383.5477666981586
377.6730319031971
371.82659257218916
366.00846463967133
360.21864406633995
354.45710683905025
348.7238089708172
343.0186865008144
337.34165549437563
331.6926120429932
326.07143226431896
320.4779723021635
314.91206832649766
309.3736476632906
303.86268612262455
298.3790710126676
292.9226909499422
287.49343587579693
282.0911970564047
276.7158670827647
271.3673398707009
266.04551066086304
260.7502760187252
255.48153383458762
250.2391833235757
245.0231250256403
239.83326080555747
234.66949385292787
229.5317286821785
224.4198711325612
219.33382836815318
214.27350887785747
209.2388224754013
204.22968029933784
199.24599481304566
194.28767980472895
189.35465038741668
184.44682299896323
179.56411540204752
174.7064466841754
169.87373725767787
165.06590885971
160.2828845522516
155.52458872211102
150.79094708091836
146.08188666513195
141.39733583603237
136.73735949903508
132.10962293600696
127.5172537591108
122.95843949558662
118.43144008054138
113.93458785694773
109.46628757564596
105.02501639534255
100.6093238826107
96.21783201189051
91.84923516548785
87.50230013357601
83.17586611419485
78.86884471325047
74.58021994451622
70.30904822963112
66.05445839810163
61.81565168730059
57.59190174246771
53.382554616709015
49.18702877099674
45.0048150741706
40.83547680293664
36.67864964186732
32.53404168340241
28.40143342784709
24.280677783374205
20.17170006602258
16.074497999698348
11.989141716174085
7.915773755088096
3.8546090639466515
-0.19406500187813408
-4.2298886791476
-8.2524297967561
-12.261183775730915
-16.255573629234153
-20.234949962559888
-24.198590973135698
-28.145702450523338
-32.07541777641714
-35.98679792464613
-39.8788314611712
-43.750434544086154
-47.600450923620194
-51.42765194213516
-55.23073653412595
-59.00833122621895
-62.7589901371784
-66.48119497789757
-70.17335505140531
-73.8338072528645
-77.466089836574
-81.07524697526131
-84.66171410129907
-88.22582719665779
-91.7678227929043
-95.2878379712029
-98.78591036231491
-102.26197814659851
-105.71588005400982
-109.1473553641013
-112.5560439060227
-115.94148605852105
-119.30312274994023
-122.64029545822174
-125.95224621090357
-129.2381175851213
-132.49695270760736
-135.72769525469118
-138.92918945230025
-142.10018007595752
-145.23931245078495
-148.3451324514995
-151.41608650241704
-154.4505215774506
-157.44668520010802
-160.40152456534
-163.30565955832628
-166.15610424887223
-168.94631549025786
-171.66411188785406
-174.29167379912315
-176.8055433336189
-179.17662435298624
-181.3701824709623
-183.33237920384232
-184.98881971973069
-186.22158136305825
-186.71100395735894
-185.92618697561286
-182.97202719920477
-175.06560873814854
-151.7799119317838
-7.462557181696903
1.6365105857814662e15
