0.5
167.57423630921608
318.78586736119985
456.87224789985953
583.0279014550795
698.3008162430674
803.6357979665603
899.8943954725053
987.8602847521416
1068.2489755244314
1141.7140788099205
1209.1327705209549
1065.5070968556427
905.5213390024467
758.9929393586877
625.0098336339208
502.5475867034841
390.6396720850437
288.4028372726948
195.04429884827485
109.89035320349294
32.68293319547213
0.00025553695980172817
0.00031162548198790006
0.0004287863163954618
0.0006056525296655411
0.0008841915930634095
0.0013489442526377119
0.0021889117646396892
0.003894863196526592
0.008071381111320351
0.02260851612226698
0.15955508134955868
87.45110395929673
269.6773504122796
435.99654986350396
587.9314066773236
726.7485193699272
853.5821989968357
969.4571243773624
1075.2952525925004
1171.8866506315203
1259.8186799068567
1343.0729362122008
1280.0139433102113
1102.3062202149633
938.872503995255
789.3920365014478
652.7522914735871
527.8747183694345
413.7645952778165
309.5144436542625
214.3060667111325
127.43691611903941
48.47380771925012
0.0002173020053728353
0.0002914371032732654
0.00039941687394487213
0.000560906079008596
0.000812574204276334
0.0012266980352195992
0.001960680459446497
0.0034083954282119727
0.006783845705656445
0.017419591270859326
0.08791758969930324
46.201664932829665
232.13975704292778
401.7141887921213
556.6109657284035
698.1313635858229
827.4362318432228
945.5782433521592
1053.495877578552
1151.9921370590628
1247.8421705839435
1324.626902147784
1227.7312843128768
1055.5759646637787
896.1955897805617
750.4102722189003
617.1350736341199
495.3333188583316
384.0359822707094
282.3611050657571
189.52221389000417
105.32101441801217
28.060232931255687
-44.039915695938284
-110.18928478899012
-170.03370727491208
-224.5709007797612
-274.32554233219884
-319.72807368811874
-361.1450037401582
-398.8793336370646
-433.1671425333401
-463.92491542343697
-486.402302376902
-488.24101549247285
-504.9332745471114
-528.718349777948
-551.3949667985326
-572.4403283312778
-591.813371789431
-609.6038890482617
-625.9108596219706
-640.8422292309705
-654.5123920466668
-667.0177050764944
-678.4492014660854
-688.8997728296015
-690.0044943597043
