0.5
10.851106148447796
20.623674967742165
30.254822170010662
39.79677773727359
49.2676863759115
58.67620134846814
68.02709679519619
77.32351049200234
86.5675025716357
95.76053994947931
104.90377434028952
113.99816391178491
123.04447328464583
132.04331908976812
140.99526534340743
149.9007789613495
158.76029848531223
167.57423630921608
176.34297867918363
185.0668856935399
193.7462913028129
202.38150330973153
210.97280969818812
219.52051497931905
228.02489235541418
236.48620506608103
244.90471240557528
253.2806697228005
261.6143284213082
269.90593595929835
278.15573584961845
286.36396765976417
294.5308670118792
302.65666558275603
310.74159110383357
318.78586736119985
326.7897141955918
334.75334750239136
342.6769792316329
350.56082012845684
358.4050921235494
366.2100039069471
373.97576046642354
381.7025655745225
389.3906217885575
397.04013045061225
404.65129168754015
412.22430441096463
419.75936631727905
427.25667388764646
434.7164223880002
442.1388058690434
449.5240171662487
456.87224789985953
464.18368847488784
471.45852808111766
478.6969546931007
485.89915507016
493.06531475638786
500.19561808064697
507.29024815656925
514.3493868825569
521.3732149417833
528.3619118021892
535.3156557164873
542.2346237221592
549.1189916414562
555.9689340814028
562.7846244337874
569.5662348751722
576.3139363668907
583.0279014550795
589.708309750708
596.3553300837335
602.9691294030098
609.5498739036262
616.0977290269076
622.6128594604139
629.0954291379405
635.5456012395179
641.963538191412
648.3494016661241
654.7033525823908
661.0255511051838
667.3161566457104
673.5753278614129
679.8032226559689
685.9999981792922
692.1658108275304
698.3008162430674
704.4051693145223
710.4790241767494
716.5225342108384
722.5358520441138
728.5191295501363
734.4725178487013
740.3961673058394
746.2902275338172
752.1548473911358
757.9901749825319
763.796357658978
769.573542017681
775.3218739020842
781.0414984018648
786.7325598529362
792.3952018374471
798.0295671837824
803.6357979665603
809.2140355066347
814.7644203710976
820.2870923732721
825.782190572719
831.2498532752354
836.6902180328509
842.1034216438318
847.4896001526811
852.8488888501349
858.1814222731651
863.4873342049798
868.7667576750225
874.0198249589707
879.2466675787375
884.4474163024734
889.6222011445615
894.7711513656196
899.8943954725053
904.9920612183091
910.0642756023502
915.1111648701965
920.1328545136422
925.129469270716
930.1011364436296
935.0479837564919
939.9701353520868
944.8677147691548
949.7408449427919
954.5896482044502
959.414246281937
964.2147602994155
968.9913107774047
973.744017632779
978.4730001787686
983.1783771249596
987.8602665772937
992.518786038068
997.1540524059353
1001.7661819759048
1006.3552904393405
1010.9214928839627
1015.4649037938472
1019.9856370494247
1024.4838059274832
1028.9595231011654
1033.4129006399694
1037.8440500222794
1042.2530825590457
1046.640108881654
1051.0052389047532
1055.3485820103228
1059.6702470476714
1063.9703423334372
1068.248975651588
1072.5062542534206
1076.7422848575625
1080.9571736499697
1085.1510262839286
1089.3239478800538
1093.476043026291
1097.6074157779149
1101.7181696575294
1105.808407655068
1109.878232227794
1113.9277453003003
1117.4194091499214
1118.9372985371238
1118.6081973503874
1116.6438768459195
1113.2441848041694
1108.5970455298307
1102.8784598518387
1096.2525051233727
1088.8713352218551
1080.875180548951
1072.3923480305684
1063.5392211168585
1054.4202597822164
1045.1280005252793
1035.743056368927
1026.3341168602842
1016.9579480707166
1007.6593925958343
998.4713695554914
989.4148745937817
980.4989798790448
971.7208341038636
963.0656624850615
954.5067667637081
946.0055252051148
937.5113925988355
928.9619002586653
920.3806765578285
911.839252320589
903.3377510940862
894.8762697087249
886.4548782781728
878.0736201993632
869.7325121524934
861.4315441010249
853.1706792916838
844.94985425446
836.768978802608
828.6279360326482
820.5266124634971
812.4649737567896
804.4428709712683
796.4601408900645
788.516620245043
780.6121457168016
772.7465539346732
764.9196814767229
757.1313648697505
749.3814405892897
741.669745059607
733.9961146537034
726.3603856933131
718.7623944489043
711.2019771396793
703.6789699335735
696.1932089472562
688.7445302461302
681.3327698443327
673.9577637047344
666.6193477389389
659.3173578072849
652.0516297188435
644.8219992314202
637.6283020515547
630.470373834519
623.3480501843204
616.2611666536989
609.2095587441287
602.1930619058171
595.2115115377063
588.264742987471
581.3525915515204
574.4748924749969
567.631480951777
560.8221921244709
554.0468610844226
547.3053228717088
540.5974124751424
533.922964832266
527.2818148293605
520.673797301438
514.0987470322435
507.5564987542581
501.04688714869445
494.56974684550073
488.124916504404
481.7122644509723
475.331638330603
468.98288041929214
462.66583399003434
456.3803433128248
450.1262536546569
443.9034112795246
437.7116634484209
431.5508584193377
425.42084544726725
419.32147478420023
413.25259767912775
407.21406637804
401.2057341239259
395.22745515677514
389.27908471357534
383.36047902831484
377.4714953319809
371.6119918525599
365.78182781503835
359.9808634414015
354.2089599506345
348.46597955872164
342.7517854786469
337.0662419203934
331.40921409094415
325.78056819428093
320.18017143138616
314.60789200023993
309.06359909582324
303.54716291011556
298.05845463209664
292.5973464477453
287.1637115400387
281.75742408895627
276.3783592714739
271.0263932615684
265.70140323021525
260.4032673453901
255.13186477206835
249.88707567222457
244.66878120482957
239.47686352585987
234.31120578828674
229.17169214208118
224.05820773421638
218.9706387086616
213.90887220638896
208.87279636536684
203.8623003205633
198.87727420394896
193.9176091444916
188.98319726815777
184.07393169791348
179.18970655372837
174.33041695256594
169.4959590083917
164.6862298321686
159.90112753186318
155.1405512124386
150.40440097585642
145.69396336618527
141.01512369575715
136.36776117878824
131.75097131258343
127.16387406644743
122.60561388168357
118.07535967159392
113.57230482147976
109.09566718864026
104.64468910237444
100.21863736397975
95.81680324675254
91.4385024959884
87.08307532898073
82.74988643502279
78.43832497540629
74.14780458342183
69.87776336435913
65.62766389550605
61.39699322614996
57.18526287757661
52.99200884307134
48.81679158791788
44.659196049398176
40.51883163679397
36.395332231385375
32.288356186452
28.197586327271434
24.122729951120107
20.063518827274297
16.01970919700795
11.991081773595187
7.977441742307668
3.978618760415957
-0.005533042808937557
-3.97513506609907
-7.930284236186665
-11.871053007804774
-15.797489363688877
-19.70961681457441
-23.607434399198535
-27.490916684299194
-31.360013764616305
-35.21465126288888
-39.054730329860114
-42.880127644272136
-46.690695412868834
-50.48626137039543
-54.266628779597774
-58.03157643122255
-61.78085864401995
-65.51420526473885
-69.23132166813028
-72.93188875694516
-76.61556296193879
-80.28197624186274
-83.93073608347397
-87.56142550152929
-91.17360303878561
-94.7668027660009
-98.34053428193859
-101.89428271335669
-105.42750871501804
-108.93964846968605
-112.43011368812698
-115.89829160910425
-119.34378541770478
-122.76988042022457
-126.1779232444137
-129.5680562400693
-132.94041792001627
-136.29514296010709
-139.63236219922152
-142.9522026392677
-146.25478744518063
-149.54023594492278
-152.8086636294849
-156.0601821528841
-159.2948993321667
-162.51291914740509
-165.71435895290128
-168.8993345188924
-172.0679399125801
-175.22026842741926
-178.35641258311668
-181.47646412563202
-184.58051402717751
-187.6686524862178
-190.74096892747076
-193.7975520019062
-196.83848958674685
-199.86386878546784
-202.87377592779686
-205.86829656971477
-208.8475154934544
-211.81151670750143
-214.760383446594
-217.69419817172286
-220.61304257013185
-223.51699755531692
-226.40614326702644
-229.2805590712619
-232.14032356027676
-234.985514552578
-237.81620909292437
-240.6324834523277
-243.43441312805209
-246.22207284361411
-248.995536548784
-251.75487741958318
-254.50016785828626
-257.2314794934208
-259.9488831797664
-262.65244899835585
-265.34224625647363
-268.018343487658
-270.68080845169897
-273.3297081346395
-275.9651087487744
-278.5870757326526
-281.19567375107425
-283.79096669509283
-286.3730176820138
-288.9418890553962
-291.4976423850509
-294.04033846704124
-296.5700373236837
-299.08679820354666
-301.5906795814525
-304.08173915847436
-306.5600338619406
-309.02561053006264
-311.47847787501723
-313.91870321622855
-316.3463612384096
-318.76152368985765
-321.16425938245453
-323.554634191666
-325.93271105654276
-328.29854997971916
-330.6522080274143
-332.9937393294312
-335.3231950791574
-337.640623533565
-339.94607001321003
-342.2395769022329
-344.5211836483584
-346.79092676289537
-349.0488398207375
-351.2949534603625
-353.52929538383205
-355.75189035679267
-357.96276020847466
-360.1619238316935
-362.34939718284784
-364.52519328192153
-366.68932221248207
-368.84179112168164
-370.98260422025703
-373.11176278252884
-375.2292651464017
-377.33510671336563
-379.4292799484934
-381.51177438044374
-383.58257660145875
-385.6416702673648
-387.6890360975729
-389.724651875078
-391.74849244646
-393.7605297218828
-395.7607326750934
-397.7490673434258
-399.7254968277951
-401.68998129270295
-403.6424779662358
-405.5829411400613
-407.5113221694352
-409.42756947319424
-411.33162853376234
-413.2231822718161
-415.1014789423174
-416.96657044506594
-418.8184447858712
-420.6569623920728
-422.48185611253984
-424.2927312176712
-426.08906539939545
-427.87020877117095
-429.635383867986
-431.3836856463583
-433.11408148433554
-434.82541118149504
-436.5163869589439
-438.185593459319
-439.8314877467869
-441.45239930704406
-443.0465300473163
-444.6119542963596
-446.1438674325771
-447.6371760197502
-449.09268420686567
-450.5061529893745
-451.8679469978125
-453.16303449780094
-454.3709873900456
-455.4659812103376
-456.41679512955284
-457.1868119536525
-457.7340181236827
-457.9781604710621
-457.805381500388
-456.9730788468704
-454.8842070691895
-450.56669370536287
-441.8740488027002
-418.44894042218425
-301.00952877652594
6.483415217839898e14
