0.5
4.829241931770619
8.866002613586721
12.822791208221433
16.73730700259657
20.623674967742165
24.48881634301074
28.33660965286339
32.16954545850198
35.98923029251236
39.79677773727359
43.59304992602797
47.37869747096928
51.154194122293625
54.91992999097006
58.67620134846814
62.42326844786056
66.16135756272993
69.89066098716876
73.61133703577926
77.32351049200234
81.02730364937162
84.72282079315227
88.41014678139805
92.08936151735858
95.76053994947931
99.42375207140151
103.07906292196233
106.72653258519469
110.36621619032731
113.99816391178491
117.62242096918764
121.23902762735216
124.84801919636617
128.44943623843167
132.04331908976812
135.62969866192583
139.20860519707156
142.78006826798836
146.34411677807572
149.9007789613495
153.4500823824419
156.99205393660154
160.5267198496935
164.05410567819908
167.57423630921608
171.0871359604586
174.5928281802571
178.09133584755858
181.58268117192648
185.0668856935399
188.54397028319568
192.0139551423056
195.47685980289882
198.93270312762067
202.38150330973153
205.82327787311078
209.2580458505194
212.68582975488215
216.10664708945282
219.52051497931905
222.9274504485675
226.3274704202838
229.72059171655258
233.10683105845746
236.48620506608103
239.858730258505
243.22442305380983
246.58329976907513
249.9353766203795
253.2806697228005
256.61919509041456
259.95096863629743
263.2760061725234
266.5943234101662
269.90593595929835
273.2108593289911
276.509108927315
279.8007000613397
283.08564793713356
286.36396765976417
289.6356742332974
292.90078256079966
296.1593074443346
299.41126358496575
302.65666558275603
305.89552793676563
309.12786504505647
312.35369120468715
315.57302061171606
318.78586736119985
321.99224544719624
325.19216876275993
328.38565109994465
331.57270614980473
334.75334750239136
337.9275886467575
341.0954429709517
344.2569237620238
347.412044322504
350.56082012845684
353.70326532166837
356.8393931224634
359.9692167200565
363.0927492725528
366.2100039069471
369.32099371912466
372.42573177386055
375.52423110482016
378.61650471455897
381.7025655745225
384.78242662504636
387.8561007753563
390.9236009035682
393.9849398566882
397.04013045061225
400.08918547012655
403.1321176689074
406.1689397695214
409.19966446342494
412.22430441096463
415.2428722413773
418.2553805527898
421.2618419122191
424.26226885557224
427.25667388764646
430.24506948212917
433.22746808159746
436.2038820975192
439.1743239102518
442.1388058690434
445.09734029203116
448.04993946624364
450.9966156475988
453.93738106090444
456.87224789985953
459.8012283270517
462.72433447396025
465.64157844095286
468.552972297289
471.45852808111766
474.35825779947726
477.2521734282971
480.1402869123964
483.022610165484
485.89915507016
488.76993347791364
491.6349572091241
494.4942380530617
497.34778776788596
500.19561808064697
503.0377406872845
505.8741672526292
508.70490941040094
511.5299787632103
514.3493868825569
517.1631453088328
519.9712655513183
522.7737590881844
525.5706373664902
528.3619118021892
531.1475937801212
533.927694654017
536.7022257465007
539.47119834908
542.2346237221592
544.9925130950286
547.7448776658711
550.4917286017567
553.233077038651
555.9689340814028
558.6993108037548
561.4242182483405
564.1436674266823
566.8576693191909
569.5662348751722
572.2693750128171
574.9671006192087
577.6594225503208
580.346351967239
583.0279014550795
585.7040820449266
588.3749044842202
591.0403795011039
593.7005178044247
596.3553300837335
599.0048270092846
601.6490192320359
604.2879173836492
606.9215320764897
609.5498739036262
612.1729534388313
614.7907812365811
617.4033678320552
620.0107237411371
622.6128594604139
625.2097854671761
627.8015122194179
630.3880501558372
632.9694096958355
635.5456012395179
638.1166351676931
640.6825218418735
643.2432716042752
645.7988947778176
648.3494016661241
650.8948025535215
653.4351077050402
655.9703273664145
658.5004717640818
661.0255511051838
663.5455755775652
666.0605553497749
668.5705005710648
671.0754213713909
673.5753278614129
676.0702301324935
678.5601382566994
681.0450622868015
683.5250122562729
685.9999981792922
688.4700300507398
690.9351178462008
693.3952715219639
695.8505010150208
698.3008162430674
700.7462271045032
703.1867434784307
705.622375224657
708.0531321836918
710.4790241767494
712.900061005747
715.3162524533055
717.7276082827503
720.1341382381089
722.5358520441138
724.9327594062004
727.3248700105077
729.7121935238788
732.0947395938599
734.4725178487013
736.8455378973566
739.213809329483
741.5773417154417
743.936144606297
746.2902275338172
748.639600010474
750.9842715294433
753.3242515646035
755.6595495705376
757.9901749825319
760.3161372165764
762.6374456693646
764.9541097182935
767.2661387214642
769.573542017681
771.8763289264521
774.1745087479889
776.4680907632064
778.7570842337243
781.0414984018648
783.3213424906538
785.5966257038211
787.8673572258008
790.1335462217295
792.3952018374471
794.6523331994995
796.9049494151335
799.1530595723011
801.3966727396568
803.6357979665603
805.8704442830735
808.1006206999624
810.3263362086961
812.5475997814492
814.7644203710976
816.9768069112221
819.184768316107
821.3883134807405
823.5874512808125
825.782190572719
827.972540193559
830.158508961135
832.3401056739514
834.5173391112194
836.6902180328509
838.858751179463
841.0229472723754
843.1828150136141
845.3383630859059
847.4896001526811
849.6365348580752
851.7791758269271
853.9175316647772
856.0516109578734
858.1814222731651
860.3069741583045
862.4282751416476
864.5453337322539
866.65815841989
868.7667576750225
870.8711399488213
872.9713136731633
875.0672872606248
877.159069104488
879.2466675787375
881.3300910380674
883.4093478178645
885.4844462342284
887.5553945839602
889.6222011445615
891.6848741742398
893.7434219119062
895.7978525771775
897.8481743703703
899.8943954725053
901.9365240453096
903.9745682312129
906.0085361533456
908.0384359155433
910.0642756023502
912.0860632790087
914.1038069914644
916.1175147663661
918.1271946110735
920.1328545136422
922.1345024428318
924.1321463481115
926.1257942924365
928.1154551079952
930.1011369283283
932.0828477092647
934.0605953917576
936.0343879018851
938.0042331508499
939.9701390349795
941.9321134357259
943.890164219666
945.844299238501
947.7945263290572
949.7408533132854
951.6832879982609
953.6218381761838
955.5565116243791
957.4873161052961
959.4142593665091
961.3373491407168
963.2565931457427
965.1719990845352
967.0835746451669
968.9913275008353
970.8952653098628
972.795395715696
974.6917263469068
976.5842648171913
978.4730187253701
980.3579956553893
982.2392031763187
984.1166488423535
985.9903401928129
987.8602847521416
989.7264900299083
991.5889635208068
993.4477127046551
995.3027450463967
997.1540679960985
999.0016889889533
1000.8456154452779
1002.6858547705144
1004.5224143552285
1006.3553015751118
1008.1845237909794
1010.010088348772
1011.8320025795546
1013.6502737995169
1015.4649093099733
1017.2759163973628
1019.0833023332492
1020.8870743743208
1022.6872397623908
1024.483805724397
1026.2767794724016
1028.066168203592
1029.8519791002796
1031.6342193299015
1033.4128960450178
1035.1880163833155
1036.959587467604
1038.7276164058192
1040.4921102910207
1042.253076201393
1044.010521200245
1045.7644523360111
1047.514876642249
1049.261801137643
1051.0052328259997
1052.745178696253
1054.481645722459
1056.2146408638002
1057.944171064583
1059.670243254239
1061.3928643473234
1063.1120412435173
1064.8277808276257
1066.5400899695787
1068.2489755244314
1069.9544443323612
1071.6565032186745
1073.3551589937986
1075.0504184532879
1076.7422883778183
1078.4307755331945
1080.1158866703431
1081.7976285253164
1083.4760078245524
1085.1510314075783
1086.8227060382612
1088.4910384140953
1090.1560352197043
1091.8177031268415
1093.4760487943893
1095.1310788683597
1096.7827999818946
1098.4312187552655
1100.0763417958726
1101.7181756982466
1103.3567270440471
1104.9920024020635
1106.6240083282148
1108.252751365549
1109.8782380442447
1111.5004748816086
1113.1194683820781
1114.7352250372196
1116.347751325729
1117.9570537134318
1119.5631386532834
1121.1660125853682
1122.7656819369004
1124.3621531222234
1125.9554325428107
1127.5455265872647
1129.1324416313178
1130.7161840378315
1132.2967601567977
1133.8741763253367
1135.448438867699
1137.019554095264
1138.5875283065423
1140.1523677871717
1141.7140788099205
1143.2726676346874
1144.8281405084997
1146.3805036655144
1147.9297633270176
1149.475925701426
1151.018996984285
1152.5589833582694
1154.0958909931844
1155.629726045964
1157.1604946606715
1158.6882029685
1160.2128570877735
1161.7344631239428
1163.2530271722387
1164.7685553376532
1166.2810536976517
1167.7905283124674
1169.296985230471
1170.8004304881717
1172.3008701102153
1173.7983101093864
1175.2927564866068
1176.784215230936
1178.2726923195714
1179.7581937178481
1181.240725379239
1182.7202932453545
1184.1969032459428
1185.6705612988903
1187.1412733102204
1188.6090451740947
1190.0738827728126
1191.5357919768105
1192.9947786446637
1194.4508486230843
1195.9040077469226
1197.3542618391664
1198.801616710941
1200.2460781615105
1201.6876519782752
1203.1263439367744
1204.5621598006844
1205.995614570607
1207.5602058821346
1209.1327705209549
1210.4341023133018
1211.2526258228054
1211.444396350492
1210.9330999347837
1209.7100533514993
1207.8526588623351
1205.4929299986275
1202.7425102653588
1199.6966253418432
1196.4340830817266
1193.0172735129859
1189.4921770603394
1185.8947163996354
1182.2447533049883
1178.552421489334
1174.826750982185
1171.0756681296343
1167.3059955943506
1163.5234523555819
1159.732653709153
1155.9371112674687
1152.1392329595103
1148.3403230308377
1144.5405820435876
1140.7394361534864
1136.9388792733619
1133.140062177286
1129.34355957397
1125.5499019309627
1121.7595754746467
1117.97302219024
1114.1906398217968
1110.412781872205
1106.63975760319
1102.871832035311
1099.109225947963
1095.352115879376
1091.6006341266163
1087.8548687455846
1084.1149225952172
1080.38101151195
1076.6532119145672
1072.9315867440682
1069.216196023037
1065.5070968556427
1061.8043434276412
1058.1079870063727
1054.4180759407627
1050.7346556613215
1047.0577686801469
1043.3874545909198
1039.7237500689068
1036.0666888709604
1032.4163018355189
1028.7726168826048
1025.1356590138262
1021.5054503123771
1017.8820099430363
1014.2653541521684
1010.6554962677228
1007.0524466992348
1003.4562129378238
999.8667995561966
996.2842082086432
992.7084376310407
989.1394836408498
985.5773391371187
982.0219941004793
978.4734379135971
974.9316959474921
971.3967753960834
967.8686709840148
964.3473772690991
960.8328886423174
957.3251993278203
953.8243033829261
950.3301946981221
946.8428669970639
943.3623138365765
939.8885286066527
936.4215045304542
932.9612346643112
929.5077118977223
926.060928953356
922.6208783870477
919.1875525878024
915.7609437777932
912.3410440123623
908.9278451800205
905.5213390024467
902.1215170344884
898.7283706641629
895.3418911126546
891.9620694343175
888.5888965166733
885.2223630804136
881.8624596793974
878.5091767006533
875.1625043643775
871.8224327239355
868.488951665861
865.1620509098573
861.841720008795
858.5279483487133
855.2207251488222
851.9200394614977
848.6258801722848
845.3382359998985
842.057095496222
838.7824470463056
835.5142788683715
832.2525790138059
828.9973353671678
825.7485356461815
822.5061674017433
819.2702210085673
816.0406902954004
812.8175637076928
809.600829538633
806.3904760918184
803.1864916812573
799.9888646313659
796.7975832769708
793.6126359633075
790.4340110460221
787.2616968911688
784.0956818752121
780.9359543850258
777.7825028178933
774.6353155815074
771.4943810939702
768.3596877837938
765.2312240898989
762.1089784616169
758.9929393586877
755.8830952512614
752.7794346198965
749.6819459555625
746.5906177596372
743.5054385439084
740.4263968305731
737.3534811522385
734.2866800519205
731.2259820830445
728.1713758094456
725.122849805369
722.0803926554686
719.043992954808
716.0136393088598
712.9893203335077
709.9710246550428
706.9587409101674
703.9524577459919
700.9521638200374
697.9578478002339
694.9694983649207
691.9871042028469
689.0106540131712
686.0401365054618
683.0755403996956
680.1168544262603
677.1640673259512
674.2171678499758
671.2761447599489
668.3409868278951
665.4116828362494
662.4882215778554
659.5705918559669
656.6587824842468
653.7527822867664
650.8525800980095
647.9581647628664
645.0695251366384
642.1866500850343
639.3095284841763
636.4381492205923
633.572501191222
630.7125733034123
627.858354474924
625.0098336339208
622.1669997189816
619.3298416790914
616.4983484736481
613.6725090724552
610.8523124557291
608.0377476140915
605.2288035485781
602.4254692706311
599.6277338021048
596.8355861752598
594.0490154327684
591.2680106277128
588.4925608235811
585.7226550942772
582.9582825241079
580.1994322077925
577.4460932504603
574.6982547682383
571.955906977789
569.2190400701245
566.4876432916625
563.7617059108522
561.0412172181739
558.3261665261396
555.6165431692916
552.9123365042043
550.2135359094824
547.5201307857623
544.8321105557118
542.1494646640293
539.4721825774449
536.8002537847192
534.1336677966449
531.4724141460453
528.816482387775
526.1658620987193
523.520542877796
520.8805143459526
518.2457661461688
515.6162879434546
512.9920694248523
510.3731002994345
507.7593702983052
505.15086917459945
502.5475867034841
499.94951268215664
497.35663692984565
494.76894928781104
492.1864396193443
489.60909780976743
487.03691376643434
484.4698774187292
481.9079787180681
479.35120763789837
476.799554173698
474.25300834297644
471.711560185274
469.175199762163
466.6439171572463
464.1177024761578
461.5965458465627
459.0804374181581
456.5693673626713
454.06332587386106
451.5623031675177
449.0662894814625
446.5752750755478
444.08925023165716
441.6082052537053
439.1321304676386
436.6610162214337
434.19485288509935
431.7336308506747
429.2773405322305
426.82597236586906
424.37951680972316
421.937964343957
419.50130547076594
417.0695307143766
414.64263062104703
412.22059575906616
409.8034167187541
407.39108411246224
404.98358857457305
402.5809207615001
400.18307135168845
397.7900310456143
395.4017905657846
393.01834065673813
390.6396720850437
388.26577563930334
385.89664213014817
383.53226239024184
381.1726272742782
378.8177276589828
376.4675544431135
374.12209854745663
371.78135091483233
369.4453025100903
367.1139443201121
364.7872673538103
362.4652626421296
360.14792123804364
357.835234216559
355.5271926747137
353.22378773157516
350.92501052824423
348.63085222785105
346.34130401555865
344.05635709855954
341.776002706077
339.50023208936994
337.2290365217218
334.9624072984522
332.70033573691006
330.4428131764758
328.1898309785605
325.9413805266083
323.69745322609134
321.45804050451585
319.2231338114181
316.9927246183636
314.76680441895473
312.54536472881716
310.3283970856152
308.11589304903987
305.9078442008136
303.70424214469136
301.50507850646
299.3103449339353
297.120033096966
294.9341346874315
292.7526414192409
290.5755450283375
288.4028372726948
286.23450993231427
284.0705548092315
281.91096372751366
279.7557285332596
277.6048410945961
275.4582933016843
273.31607706671406
271.17818432390936
269.0446070295212
266.9153371618363
264.7903667211704
262.66968772986917
260.5532922323135
258.4411722949088
256.3333200060993
254.22972747635387
252.13038683817825
250.03529024610364
247.9444298766965
245.85779792855504
243.77538662230444
241.69718820060586
239.62319492814586
237.55339909164886
235.4877929998653
233.42636898358165
231.36911939561082
229.31603661079592
227.2671130260184
225.22234106018536
223.1817131542348
221.14522177113767
219.11285939589732
217.08461853554783
215.06049171914947
213.0404729698189
211.0245633446282
209.01275604388152
207.005042879789
205.0014157963031
203.00186686911863
201.00638830567286
199.01497244514533
197.027611758458
195.04429884827485
193.0650264490032
191.08978742679176
189.11857477953194
187.15138163685754
185.18820126014464
183.22902704251177
181.27385250881983
179.32267131567167
177.3754772514136
175.43226423613316
173.4930263216609
171.55775769156924
169.62645266117343
167.69910567753087
165.7757113194412
163.85626429744644
161.94075945383184
160.0291917626236
158.12155632959139
156.21784839224668
154.3180633198434
152.4221966133778
150.53024390558897
148.64220096095752
146.758063675707
144.87782807780363
143.0014903269555
141.12904671461277
139.2604936639687
137.39582772995846
135.53504559925958
133.67814409029222
131.8251201532184
129.97597086994352
128.1306934541144
126.28928525112048
124.45174373809371
122.61806652390806
120.78825134918006
118.96229608626899
117.14019873927582
115.32195744404453
113.5075704681608
111.69703621095343
109.89035320349294
108.08752010859257
106.28853572080804
104.49339896643656
102.70210890351885
100.91466472183676
99.13106574291616
97.35131142002508
95.57540133817083
93.80333521410809
92.03511289633009
90.27073436507264
88.5101997323164
86.75350924178171
85.00068981039831
83.25177318854931
81.50675408285859
79.76563003661826
78.02840165481139
76.29507260411197
74.56564961288487
72.8401424711857
71.11856403076185
69.40093020505076
67.6872599691811
65.97757535997246
64.27190147593548
62.570266477271524
60.87270158587303
59.17924108532346
57.489922320896795
55.804785699558835
54.12387468996542
52.447235822463746
50.77491868909175
49.10697594357879
47.4434633013442
45.78443953949928
44.12996649684517
42.48010907387583
40.834935232774036
39.19451599741487
37.55892545336337
35.92835341067973
34.30299853470897
32.68293319547213
31.068295860611993
29.45929208423033
27.856194506886204
26.259342855597108
24.66914394383865
23.086071671544687
21.51066702510698
19.94353807737574
18.385359987659054
16.83687500172292
15.299228030973723
13.774003990536304
12.262226556297481
10.766492682585397
9.291108464298162
7.842089136903858
6.4271590764404385
5.055785580308957
3.745493817713208
2.530120660175722
1.4687790815629502
0.6619429988768806
0.20976195677622858
0.04993580312405715
0.01068444550304411
0.0023863645719509274
0.0006949500619700752
0.00035270219962532613
0.000283148680698073
0.00026857941968044086
0.0002651262157469835
0.0002639038581494511
0.00026313433306236945
0.00026246639037248606
0.00026181412172787417
0.000261167018995872
0.000260529255756364
0.0002598967473640338
0.00025926920450917475
0.00025863733079898384
0.00025801380478811454
0.00025740079698608484
0.0002567639783735495
0.0002561535911532585
0.00025553695980172817
0.00025492247893043896
0.0002543113101162861
0.00025374809195896343
0.00025321124623926415
0.00025276244360155806
0.0002524128888964965
0.00025220783735860304
0.00025215467852666583
0.00025226783579151166
0.00025257541898584895
0.0002530781249342538
0.0002537792225019114
0.00025466675713868456
0.0002557107344776746
0.00025691145078777134
0.0002582251756699861
0.0002596344101300573
0.0002611166252261482
0.00026265773863436425
0.00026425217161302433
0.0002658893595948254
0.00026756032197295195
0.000269246688061485
0.00027096807501491947
0.00027271780697682446
0.0002744801889833778
0.0002762682716092204
0.0002780831970448956
0.0002799093812361677
0.00028175380775033655
0.0002836162744056527
0.0002855012761194959
0.00028740817605530197
0.0002893329943533179
0.00029126030232461657
0.00029321497915315615
0.00029518946063509274
0.000297176199854306
0.00029919516411044657
0.00030121971102158544
0.00030326602078269746
0.00030532840119940264
0.0003074120259446839
0.0003095152162939146
0.00031162548198790006
0.00031376686551040997
0.00031591404423024727
0.00031808558916174203
0.0003202821994676474
0.0003224913653009221
0.00032471895493190676
0.00032696534515984593
0.0003292361200329611
0.00033153004110583626
0.000333843199530443
0.0003361633256472674
0.00033851135917964273
0.00034087939128517775
0.000343274489024327
0.00034568549812907177
0.00034811745171920013
0.00035057404913161277
0.00035303316161331013
0.0003555366857559704
0.00035805615536113876
0.00036059219232470235
0.00036316008811721037
0.0003657465094582334
0.000368349288846924
0.0003709764466998504
0.0003736287491724014
0.00037630591644993337
0.0003790033178043797
0.0003817325062290736
0.000384481331880387
0.00038725222798565524
0.00039005423132758185
0.00039288012917313017
0.0003957231758091704
0.0003986006140947793
0.00040149250519386237
0.0004044150384141256
0.00040737453483092093
0.0004103479801518741
0.00041335047380026204
0.0004163772615402134
0.00041943923775679013
0.0004225334696112985
0.00042565336595308214
0.0004287863163954618
0.0004319570120233793
0.00043516288520967775
0.00043838754445791787
0.000441658639233064
0.00044494758674970634
0.0004482685251340279
0.00045162231893367065
0.00045499772130764486
0.0004584171424223222
0.00046186607111569597
0.0004653494589668099
0.0004688486467034342
0.0004723967409110543
0.0004759661144338191
0.0004795789730169999
0.0004832258291298131
0.00048690312622634926
0.000490616636361889
0.0004943669921890432
0.0004981447760223772
0.0005019685141875259
0.0005058256563886461
0.0005097148071846353
0.000513651220315345
0.0005176215132078987
0.0005216189952478253
0.0005256685364581615
0.000529755513156798
0.0005338842418242882
0.0005380456369187064
0.0005422429545745786
0.0005464830092564664
0.0005507816445701783
0.0005551117566015837
0.0005594805200794268
0.0005639000349408589
0.0005683466335522045
0.0005728510342644744
0.0005773963875131119
0.0005819922442559927
0.0005866349940004315
0.0005913094064262422
0.0005960394095491255
0.000600819454213335
0.0006056525296655411
0.0006105217375484485
0.0006154446537178045
0.0006204261065674108
0.0006254403757848869
0.0006305149305566339
0.0006356446092895
0.0006408187708500741
0.0006460540436602494
0.0006513542282286602
0.0006566980907445383
0.0006620851932593889
0.0006675342621176584
0.0006730473241841607
0.000678612925103427
0.0006842351070915515
0.0006899210872828963
0.0006956634654863188
0.0007014663356853656
0.0007073301680174371
0.0007132516164563861
0.0007192389319167219
0.0007252939912637329
0.0007314112261033751
0.0007375926860259946
0.0007438483614245395
0.0007501678239674835
0.000756540503517498
0.0007629898603424216
0.0007695054735857156
0.0007761112356312995
0.0007827711827192824
0.0007895030656925971
0.0007963157959231212
0.0008032040531332994
0.0008101665618022743
0.0008172058460547936
0.0008243201246268476
0.0008315165608621159
0.0008387933847311903
0.0008461550808018292
0.0008535859065463725
0.0008611119305490586
0.0008687096320321502
0.0008763970244153008
0.0008841915930634095
0.0008920506985207661
0.000900005815835538
0.0009080494846634873
0.0009161904721395689
0.0009244297621711829
0.0009327605766600096
0.0009411707289020694
0.0009496874485683609
0.0009583169886259066
0.0009670424637968415
0.0009758693297290597
0.0009847924373858374
0.0009938216166351951
0.0010029493623747352
0.0010122052536842027
0.0010215591227786792
0.001031022244079395
0.0010405992502125678
0.0010503011195936063
0.0010601072748924964
0.001070030439304593
0.0010800792637487597
0.0010902455926136716
0.0011005389671057697
0.0011109579284576442
0.0011215098164297132
0.0011321805218139315
0.0011429978078954244
0.001153914485649136
0.001164966079626412
0.001176206262480248
0.001187562008557125
0.0011990583860377066
0.0012107107666728043
0.0012224947612485876
0.0012344182394226192
0.0012465067997955827
0.0012587440949029891
0.0012711431483113048
0.0012837064529868725
0.0012964225930921641
0.0013093002426528245
0.0013223552137931233
0.0013355589896118637
0.0013489442526377119
0.0013625123913333435
0.0013762472589151137
0.0013901693129058131
0.0014042805196034058
0.0014186215307521776
0.0014330716562332181
0.001447740459674748
0.0014626182814146155
0.0014776994187730606
0.0014929684215855053
0.001508455751022176
0.0015241651542010103
0.0015400387083197118
0.0015561624288120282
0.0015725199763183659
0.0015890969833707795
0.0016059032139445896
0.0016229433853200597
0.0016402165575272272
0.0016577403498048984
0.0016755036377132384
0.0016935175353275445
0.0017117862719036253
0.0017303170297567835
0.0017491177605089526
0.0017681734866300777
0.0017875247643423643
0.0018071429322596
0.0018270340044708785
0.0018472229802259774
0.0018677181577780634
0.0018884986877506285
0.0019095890001023376
0.0019310133664109791
0.0019527421721003057
0.0019747927069877075
0.001997168450351967
0.0020198794096694
0.0020429350963757317
0.00206635077810466
0.002090129832014873
0.002114272074465519
0.002138758947399955
0.002163639011277518
0.0021889117646396892
0.0022145780988018842
0.0022406322892413702
0.002267113639152227
0.0022939736854523333
0.0023213170070775523
0.0023490582814366195
0.002377255034660449
0.002405889638460164
0.002435010905448303
0.0024645934498792104
0.0024946447407376273
0.002525191569807029
0.0025562540214370917
0.002587830758855298
0.002619921932304838
0.0026525544510494293
0.0026857354127918253
0.0027194687164291765
0.00275377224953295
0.002788655141372575
0.0028241493280618053
0.0028602217386913265
0.0028969371648482492
0.0029342877787478685
0.0029722904456641933
0.003010953250151982
0.003050307849620283
0.0030903487692216882
0.003131101403036674
0.0031725836840551694
0.0032148054299297214
0.0032578133372004477
0.00330154608252382
0.003346127977777623
0.003391516045096371
0.003437728878603165
0.0034848076538438987
0.003532766439534013
0.003581604203942094
0.0036313750554854813
0.0036820782680671714
0.003733779639316716
0.003786434731455944
0.0038401156997958006
0.003894863196526592
0.003950638438351653
0.004007509485472513
0.004065497383340846
0.004124656988534273
0.004184998864444224
0.004246532453660568
0.0043093248882207615
0.004373379057203574
0.004438740518869104
0.004505434754347765
0.004573521648832679
0.00464300398464172
0.0047139755749623325
0.004786423388106159
0.004860413541313364
0.0049359665985678775
0.00501313300252981
0.005091968665989564
0.005172525551906082
0.005254831591270789
0.0053389726437580425
0.005424957284900237
0.005512879615425941
0.005602776010899308
0.005694661119948813
0.005788669044703365
0.005884821619629705
0.005983184162588795
0.006083879734829229
0.006186915049077576
0.006292331988052612
0.006400293365716166
0.00651078424707093
0.0066239709793795435
0.006739966878271271
0.006858708860412104
0.006980383057055734
0.007105073314846434
0.007232918690454573
0.007363987328814747
0.007498353867419577
0.007636178982991507
0.007777537827726731
0.00792256957372155
0.008071381111320351
0.00822416761063467
0.008381005868248878
0.00854202310343265
0.008707404006427336
0.008877333748351174
0.009051905144061333
0.009231295150654906
0.009415771641492373
0.009605426788652624
0.009800504971741274
0.010001168816730832
0.010207592999010147
0.01042012880647055
0.010638877282622904
0.010864174536538285
0.011096313671868533
0.011335426710240779
0.011581899975363907
0.011835965197658527
0.012097972617833795
0.012368183634897311
0.01264714469108296
0.012935065470134318
0.013232247815225548
0.01353925157562363
0.013856472799338567
0.014184245708476288
0.014523214121916423
0.014873822911631049
0.015236523868172027
0.01561185839847435
0.01600041255792424
0.016403101888876018
0.016820284161128136
0.017252794840777724
0.017701271971483808
0.018166736931757948
0.018649651988704014
0.01915134345819818
0.019672360645651324
0.02021394444181162
0.020777280006182657
0.02136331899386934
0.02197326396199787
0.02260851612226698
0.023270724051011157
0.023960892209436778
0.024680972089797488
0.025432583111190152
0.026217791824860413
0.02703826752627707
0.027896675572913643
0.028794504494912054
0.029735012880049105
0.030720530199921908
0.03175387042141065
0.032838646683678356
0.03397794166693682
0.03517552454851796
0.036435169627796166
0.03776172215961634
0.039159831571973884
0.04063468510866136
0.04219159159294378
0.04383729736758893
0.045578379409498326
0.04742274180016754
0.04937823860170733
0.05145401930862463
0.05366103497614871
0.05601025555016632
0.058512158040205826
0.06118264191381555
0.0640371178749481
0.06709223862234165
0.07036722309282797
0.07388419959579741
0.07766812998707492
0.08174647570008556
0.08615032646795771
0.09091639722906024
0.09608578439064223
0.10170519252740035
0.10782904374932632
0.11452045141533891
0.12185344680881502
0.12991299533101977
0.138800221894977
0.14863370107055957
0.15955508134955868
0.171734487377267
0.1853744548484064
0.20072419538565567
0.21808665831930793
0.23783573120399662
0.2604368954371171
0.28647833496869524
0.3167033995262307
0.35207019162923514
0.39382759268418477
0.4436165208533591
0.5036210195702866
0.5768296758114393
0.6672701955456797
0.7806252087057167
0.9248087856108905
1.1108342726521527
1.3546492485743036
1.6783340253308159
2.112483106009919
2.698343572872538
3.48852493995236
4.544957192122494
5.933366540396864
7.708910753279541
9.914363214197149
12.574488968443319
15.684084082405814
19.207581514884566
23.078328383190872
27.201926593498328
31.477818869619462
35.822670437658445
40.18190543164743
44.530047222058705
48.868274755021986
53.19654813476518
57.513913986407616
61.820657836674826
66.1170434786531
70.40331297178608
74.67970251752652
78.9463885594377
83.20348613308452
87.45110395929673
91.68934470943482
95.91830500539014
100.13807541958573
104.34874047497294
108.55037864503657
112.74306235379106
116.92685797578223
121.10182583608626
125.2680202103102
129.4254893245924
133.57427535560223
137.71441443053803
141.8459366271308
145.96886654383906
150.0832462193048
154.18911742380246
158.28651240485124
162.37546166790133
166.4559949343536
170.52814114156027
174.59192844282205
178.6473842073925
182.69453502047517
186.733406683224
190.76402421274426
194.78641184209067
198.8005930214375
202.8065928078848
206.80443510833595
210.7941412380274
214.77573233682236
218.74922936921124
222.71465312431198
226.67202421586975
230.62136308225715
234.5626899864747
238.49602501614834
242.4213880835334
246.3387989255118
250.24827710359284
254.14984200391325
258.0435128372371
261.92930863895543
265.80724826908744
269.6773504122796
273.53963357780407
277.3941160995624
281.2408161360826
285.0797516705201
288.91094051065795
292.73440028890593
296.550148462302
300.35820231251193
304.1585789458259
307.9512952931649
311.7363681100749
315.5138139767316
319.28364929793577
323.045890303116
326.80055310007225
330.54765615141736
334.2872168625929
338.01925125132925
341.74377529124774
345.46080491186154
349.1703559985756
352.8724443926867
356.56708589138333
360.2542962477458
363.9340911707469
367.6064863252491
371.2714973320088
374.9291397676734
378.5794291647822
382.2223810117662
385.85801075294813
389.48633378854265
393.1073654746567
396.7211211232873
400.3276160023249
403.9268653355513
407.51888430264
411.10368803915634
414.68129163655726
418.25171014219177
421.81495855930115
425.3710518470166
428.92000492036294
432.46183265025593
435.99654986350396
439.5241713428059
443.0447118267534
446.5581860098302
450.0646085424102
453.56399403076165
457.0563570370414
460.5417120793
464.02007363148033
467.4914561234155
470.95587394083174
474.4133414253456
477.86387287446786
481.3074825415985
484.74418463603024
488.17399332294804
491.59692272342755
495.0129869144377
498.4221999288375
501.8245757553796
505.2201283387082
508.60887157935673
511.9908193337528
515.3659854142156
518.7343835889551
522.0960275820755
525.4509310735708
528.7991076993236
532.1405710511154
535.4753346766139
538.8034120793818
542.124816718871
545.4395620104277
548.7476613252865
552.0491279905779
555.3439753870821
558.6322183082945
561.9138705428619
565.1889453280648
568.4574558750136
571.7194153686386
574.9748369677
578.2237338047792
581.4661189862829
584.702005592446
587.9314066773236
591.1543352688008
594.3708043685826
597.5808269522038
600.7844159690193
603.9815843422139
607.1723449687937
610.3567107195897
613.5346944392614
616.7063089462887
619.8715670329807
623.0304814654675
626.183064983708
629.3293303014822
632.4692901063991
635.602957059889
638.7303437972081
641.8514629274401
644.9663270334894
648.0749486720899
651.1773403737961
654.2735146429915
657.3634839578815
660.4472607704967
663.5248575066951
666.5962865661561
669.6615603223885
672.7206911227208
675.7736912883115
678.8205731141397
681.8613488690137
684.8960307955631
687.9246311102429
690.9471620033362
693.9636356389467
696.9740641550075
699.9784596632719
702.9768342493231
705.9691999725643
708.9555688662286
711.9359529373701
714.9103641668689
717.8788145094314
720.8413158935874
723.797880221693
726.7485193699272
729.6932451882969
732.6320695006319
735.5650041045855
738.4920607716408
741.4132512471002
744.3285872500953
747.2380804735799
750.141742584336
753.039585222965
755.9316200039005
758.8178585153955
761.6983123195283
764.5729929522063
767.4419119231562
770.3050807159359
773.1625107879216
776.0142135703202
778.8602004681594
781.7004828602954
784.5350720994059
787.3639795119951
790.1872163983933
793.0047940327537
795.8167236630566
798.6230165111044
801.4236837725272
804.2187366167797
807.0081861871382
809.7920436007087
812.5703199484186
815.3430262950238
818.1101736791013
820.8717731130556
823.6278355831134
826.3783720493301
829.1233934455862
831.8629106795793
834.5969346328433
837.3254761607276
840.0485460924148
842.7661552309025
845.478314353025
848.185034209431
850.8863255246007
853.5821989968357
856.2726652982653
858.957735074843
861.6374189463448
864.3117275063739
866.9806713223588
869.644260935552
872.3025068610323
874.9554195877009
877.6030095782846
880.2452872693377
882.882263071238
885.5139473681849
888.1403505182101
890.7614828531629
893.3773546787207
895.9879762743881
898.5933578934879
901.1935097631779
903.7884420844293
906.3781650320497
908.9626887546632
911.5420233747212
914.1161789885009
916.6851656661056
919.2489933432413
921.8076689972346
924.3612016614917
926.9096018634106
929.4528800859695
931.9910467677194
934.5241123027918
937.0520870408917
939.5749812873011
942.0928053028808
944.6055693040653
947.1132834628685
949.6159579068777
952.1136027192604
954.606227938757
957.0938435596879
959.5764595319478
962.0540857610076
964.5267321079177
966.9944083893015
969.4571243773624
971.914889799877
974.3677143402017
976.8156076372666
979.2585792855812
981.6966388352292
984.1297957918712
986.5580596167467
988.9814397266681
991.3999454940284
993.8135862467933
996.2223712685086
998.6263097982943
1001.0254110308467
1003.4196841164415
1005.8091381609275
1008.1937822257332
1010.5736253278611
1012.9486764398924
1015.3189444899829
1017.6844383618674
1020.0451668948549
1022.4011388838313
1024.7523630792614
1027.0988481871832
1029.4406028692147
1031.7776357425473
1034.109955379952
1036.4375703097733
1038.7604890159353
1041.078719937937
1043.3922714708524
1045.7011519653367
1048.0053697276164
1050.304933019499
1052.5998500583653
1054.8901290171748
1057.1757780244634
1059.4568051643412
1061.7332184764985
1064.0050259561988
1066.272235554286
1068.5348551771756
1070.7928926868647
1073.0463559009233
1075.2952525925004
1077.5395904903207
1079.779377278684
1082.0146205974695
1084.2453280421305
1086.4715071636988
1088.6931654687808
1090.9103104195622
1093.1229494338024
1095.331089884839
1097.534739101587
1099.7339043685342
1101.9285929257508
1104.1188119688777
1106.3045686491366
1108.4858700733237
1110.6627233038125
1112.8351353585538
1115.0031132110723
1117.1666637904736
1119.3257939814343
1121.4805106242136
1123.6308205146424
1125.776730404131
1127.9182469996656
1130.0553769638082
1132.1881269146993
1134.3165034260521
1136.440513027163
1138.5601622028962
1140.6754573937014
1142.786404995598
1144.893011360186
1146.99528279464
1149.0932255617129
1151.1868458797321
1153.2761499226033
1155.3611438198086
1157.441833656405
1159.5182254730275
1161.5903252658877
1163.658138986774
1165.7216725430517
1167.78093179766
1169.8359225691177
1171.8866506315203
1173.9331217145352
1175.9753415034136
1178.0133156389766
1180.0470497176277
1182.0765492913415
1184.1018198676745
1186.1228669097554
1188.1396958362911
1190.1523120215656
1192.160720795439
1194.1649274433478
1196.1649372063057
1198.1607266980611
1200.1522410358366
1202.1394987098593
1204.1225198215116
1206.101322834157
1208.0759245731344
1210.0463402257658
1212.0125833413476
1213.9746658311592
1215.9325979684563
1217.8863883884737
1219.836044088427
1221.7815704275079
1223.72297112689
1225.6602482697228
1227.5934023011378
1229.5224320282423
1231.4473346201255
1233.3681056078535
1235.2847388844707
1237.1972267050035
1239.1055596864537
1241.009726807805
1242.909715410017
1244.8055111960314
1246.697098230766
1248.5844589411195
1250.4675741159688
1252.3464229061683
1254.2209828245543
1256.0912297459392
1257.9571379071167
1259.8186799068567
1261.6758267059108
1263.5285476270076
1265.3768103548548
1267.2205809361405
1269.059823779529
1270.894501655667
1272.724575697177
1274.550005398662
1276.3707486167034
1278.1867615698623
1279.9979988386779
1281.804413365667
1283.605956455329
1285.4025777741383
1287.1942253505513
1288.9808455750003
1290.7623831999003
1292.5387813396412
1294.3099814705945
1296.0759234311095
1297.8365454215143
1299.5917840041172
1301.3415741032034
1303.0858490050393
1304.8245403578676
1306.557578171913
1308.2848908193766
1310.006405034438
1311.7220459132593
1313.4317369139767
1315.1353998567108
1316.832954923554
1318.524320658586
1320.2094139678575
1321.8881501194044
1323.5604427432374
1325.2757025273927
1327.1646551653464
1329.2063060771204
1331.3707945279943
1333.6294349555105
1335.9547169694806
1338.3203053519792
1340.7010400573502
1343.0729362122008
1345.4131841154049
1347.700149238104
1349.9133722237032
1352.0335688878768
1354.0426302185613
1355.9236223759633
1357.6607866925524
1359.2395396730649
1360.6464729945046
1361.8693535061398
1362.8971232295057
1363.7198993584032
1364.328974258899
1364.7168154693268
1364.8770657002854
1364.8045428346402
1364.4952399275226
1363.9463252063294
1363.1561420707244
1362.1242090926369
1360.851220016263
1359.3390437580633
1357.5907244067666
1355.6104812233655
1353.4037086411204
1350.9769762655574
1348.3380288744672
1345.4957864179098
1342.4603440182066
1339.24297196995
1335.8561157399945
1332.3133959674633
1328.6296084637447
1324.820724212493
1320.9038893696281
1316.8974252633357
1312.8208283940712
1308.694770434549
1304.541098229758
1300.382833796944
1296.2441743256277
1292.1504921775909
1288.1077968391548
1284.0634331444614
1280.0139433102113
1275.9606919069574
1271.9049595295814
1267.8479427973048
1263.7907543536762
1259.7344228665838
1255.679893028249
1251.6280255552224
1247.5795971883952
1243.5353006929859
1239.4957448585537
1235.4614544989845
1231.4328704525042
1227.410349581671
1223.394164773374
1219.384504938841
1215.3814750136282
1211.3850959576318
1207.3953047550763
1203.4119544145249
1199.4348139688698
1195.4641750866062
1191.5005027417396
1187.543822860513
1183.594160403699
1179.6515393665875
1175.7159827789967
1171.7875127052625
1167.8661502442499
1163.951915529341
1160.0448277284456
1156.1449050439962
1152.2521647129447
1148.3666230067713
1144.4882952314738
1140.617195727579
1136.7533378701307
1132.8967340687009
1129.0473957673837
1125.205333444793
1121.370556614071
1117.5430738228772
1113.7228926534003
1109.910019722346
1106.1044606809496
1102.3062202149633
1098.5153020446664
1094.7317089248613
1090.9554426448706
1087.1865040285438
1083.4248929342496
1079.6706082548835
1075.9236479178608
1072.1840088851234
1068.451687153133
1064.726677752876
1061.0089747498637
1057.2985712441262
1053.5954593702213
1049.8996302972264
1046.2110742287443
1042.529780402899
1038.8557370923384
1035.1889316042377
1031.5293502802865
1027.8769784967053
1024.2318006642329
1020.5938002281362
1016.962959668198
1013.3392604987308
1009.722683268567
1006.113207561065
1002.5108176544942
998.915535728287
995.3273570679944
991.7462693726769
988.1722603410382
984.6053176714145
981.0454290617856
977.4925822097639
973.9467648126039
970.4079645671977
966.8761691700721
963.3513663173968
959.8335437049741
956.32268902825
952.818789982303
949.3218342618535
945.8318095612601
942.3487035745153
938.872503995255
935.4031985167479
931.9407748319057
928.4852206332735
925.0365236130384
921.5946714630219
918.1596518746861
914.731452539132
911.310061147094
907.8954653889504
904.4876529547117
901.086611534032
897.6923288161985
894.3047924901405
890.9239902444214
887.5499097672456
884.1825387464562
880.8218648695298
877.4678758235865
874.1205592953798
870.779902971305
867.4458945373914
864.1185216793108
860.7977720823699
857.483633431514
854.1760934113278
850.8751397060307
847.580759999485
844.2929419751865
841.0116733162722
837.7369417055144
834.468734825325
831.2070403577553
827.9518459844911
824.7031393868599
821.4609082458244
818.2251402419865
814.9958230555854
811.7729443665
808.5564918542452
805.3464531979758
802.1428160764831
798.9455681681974
795.7546971511863
792.5701907031543
789.3920365014478
786.220222223047
783.054735544573
779.895564142284
776.7426956920729
773.5961178694779
770.4558183496681
767.321784807455
764.1940049172872
761.0724663532475
757.9571567890644
754.8480638980952
751.7451753533444
748.648478827449
745.5579619926818
742.4736125209618
739.3954180838384
736.3233663525023
733.2574449977807
730.1976422547931
727.1439478427037
724.096349964094
721.0548367005908
718.0193961551175
714.9900164518849
711.9666857364006
708.9493921754597
705.938123957153
702.9328692908634
699.9336164072624
696.9403535583181
693.9530690172866
690.97175107872
687.9963880584587
685.0269682936391
682.063480142686
679.1059119853189
676.1542522225499
673.2084892766798
670.2686115913057
667.3346076313128
664.4064658828827
661.4841748534847
658.5677230718844
655.6570990881355
652.7522914735871
649.8532888208802
646.9600797439446
644.0726528780069
641.1909968795815
638.3151004264786
635.444952217797
632.5805409739306
629.7218554365652
626.8688843686758
624.0216165545338
621.1800407996981
618.3441459310244
615.5139207966561
612.6893542660328
609.8704352298826
607.057152600228
604.2494953103844
601.447452314956
598.6510125898428
595.8601651322335
593.0748989606126
590.2952031147528
587.521066655723
584.7524786658797
581.9894282488756
579.2319045296548
576.4798966544502
573.7333937907916
570.9923851274965
568.2568598746789
565.5268072637402
562.8022165473775
560.0830769995803
557.3693779156263
554.6611086120901
551.9582584268339
549.2608167190168
546.5687728690855
543.8821162787827
541.2008363711391
538.5249225904811
535.8543644024267
533.1891512938845
530.529272773056
527.8747183694345
525.2254776338071
522.5815401382498
519.9428954761346
517.3095332621215
514.6814431321665
512.0586147435158
509.4410377747069
506.82870192557203
504.22159691723215
501.6197124921039
499.023038413893
496.4315644675993
493.845280459514
491.2641762172205
488.6882415895948
486.1174664468039
483.551840680308
480.9913542028588
478.4359969485007
475.88575887256906
473.34062995169336
470.8006001837938
468.26565958808254
465.7357982050645
463.21100609653587
460.69127334558704
458.1765900565983
455.66694635524294
453.16233238848616
450.6627383245846
448.16815435308996
445.67857068484267
443.1939775519769
440.7143652079185
438.2397239273853
435.7700440063872
433.3053157622285
430.84552953350203
428.3906756800952
425.9407445831861
423.4957266452448
421.0556122900366
418.6203919626158
416.1900561293292
413.7645952778165
411.34399991700775
408.92826057712904
406.5173678096956
404.1113121875146
401.71008430468646
399.3136747766023
396.9220742399486
394.5352733526982
392.15326279412443
389.77603326478385
387.40357548653316
385.0358802025125
382.672938177164
380.3147401962124
377.9612770666818
375.6125396168852
373.2685186964263
370.92920517620695
368.5945899484104
366.2646639265248
363.9394180453231
361.6188432608719
359.3029305505243
356.9916709129385
354.68505536804753
352.3830749570961
350.0857207426079
347.79298380839623
345.50485525958163
343.2213262225579
340.94238784502807
338.6680312959752
336.3982477656819
334.1330284657156
331.87236462894515
329.61624786540153
327.3646712438432
325.1176260703268
322.8751033961067
320.63709431170923
318.40358994692696
316.17458147082397
313.9500600917335
311.7300170572555
309.5144436542625
307.3033312088927
305.09667108655685
302.8944546919318
300.6966734689664
298.503318900876
296.314382510147
294.1298558585352
291.9497305470633
289.7739982160262
287.6026505449848
285.43567925277233
283.2730760974882
281.1148328765038
278.96094142645705
276.811393623257
274.66618138208196
272.52529665737705
270.3887314428599
268.2564777715139
266.128527715595
264.00487338662464
261.8855069353968
259.77042055197364
257.6596064656848
255.55305694513163
253.45076429818204
251.35272087197615
249.25891905291974
247.16935126669156
245.0840099782358
243.00288769176845
240.92597695077455
238.85327033800615
236.78476047548745
234.7204400245089
232.66030168563256
230.60433819868766
228.55254234277476
226.504906936261
224.46142483678477
222.42208894125383
220.3868921858426
218.35582754599824
216.32888803643309
214.3060667111325
212.2873566633476
210.2727510256013
208.2622429696852
206.2558257066578
204.25349248685094
202.25523659986138
200.26105137455792
198.2709301790764
196.28486642082441
194.30285354647566
192.3248850419754
190.3509544325387
188.38105528264597
186.41518119605107
184.45332581577335
182.49548282410527
180.54164594260516
178.59180893210151
176.6459655926929
174.7041097637459
172.7662353238972
170.8323361910511
168.90240632238306
166.9764397143369
165.0544304026258
163.13637246223144
161.22226000740383
159.31208719166554
157.40584820780418
155.50353728788073
153.60514870322095
151.7106767644239
149.82011582135482
147.9334602631498
146.05070451821118
144.17184305421532
142.296870378105
140.425781036091
138.55857567158617
136.69526663012465
134.83584703828424
132.98030910624504
131.12864562740882
129.28084997839383
127.43691611903941
125.59683859240396
123.76061252476298
121.92823362561376
120.09969818766994
118.27500308686693
116.45414578235668
114.63712431651207
112.82393731492509
111.01458398640494
109.20906412298241
107.40737809990495
105.60952687564144
103.81551199187739
102.02533557352005
100.23900032869312
98.45650954874128
96.67786710822827
94.90307746493514
93.1321456598645
91.3650773172355
89.60187864448896
87.84255643228207
86.08711805449381
84.33557146821967
82.58792521377636
80.84418841469942
79.10437077774135
77.36848259287676
75.63653473329656
73.90853865541321
72.1845063988561
70.46445058647511
68.74838442433987
67.03632170173599
65.32827679117142
63.62426464837179
61.92430081228304
60.228401405067245
58.53658313210937
56.848863282009646
55.16527852069071
53.485973149063696
51.810958151337935
50.14023086127805
48.47380771925012
46.81172427222649
45.15403517378101
43.50081418409376
41.852154169946324
40.20816710472586
38.56898406842354
36.934755247632495
35.30564993555217
33.6818565319835
32.063582543333666
30.451054582611178
28.84451836943056
27.244238730009737
25.6504995971693
24.063604010335474
22.483874115536242
20.91165116540625
19.347606200352082
17.79277309457544
16.247783590799827
14.713862722557378
13.192867202215583
11.687285420975673
10.200237448876385
8.735475034789566
7.300226061678336
5.904609019597969
4.549999979583983
3.2614802164519494
2.0906916538353197
1.1158368641836716
0.44123256867235705
0.12248027961021472
0.027312686499956416
0.005789425864924992
0.0013371223195935728
0.00043565728740491496
0.0002545587626430144
0.00021893750396674347
0.00021271503268174274
0.00021245161375395714
0.0002134188920665997
0.00021465230444432136
0.00021596124571591065
0.0002173020053728353
0.00021866060539661933
0.00022003508066764446
0.00022142488015200156
0.00022282341536102393
0.00022423304282258763
0.00022564515369999952
0.00022706090438561667
0.0002285086978121395
0.00022996520764156906
0.00023144179894589258
0.00023291664428465574
0.0002344103383933828
0.00023592163906565293
0.00023744354215963614
0.00023897619493342662
0.0002405254535953001
0.0002420878428455872
0.00024367797132622237
0.000245254673373195
0.0002468530543715127
0.0002484715068871961
0.0002500902201446366
0.00025173002391974637
0.00025338761584556394
0.00025505811950659295
0.0002567400752056448
0.0002584292514924826
0.00026014366097833273
0.0002618674430504033
0.00026360241684168865
0.0002653516517848523
0.00026712045737436687
0.00026890020997748747
0.00027069358394295114
0.0002725029113127752
0.0002743294869044637
0.0002761682208139814
0.000278039809264328
0.00027988759892513934
0.00028175831725706015
0.00028367546950793887
0.0002855928541003
0.00028752910140470095
0.0002894759818634024
0.0002914371032732654
0.00029341814909952807
0.000295420344930082
0.0002974339391426431
0.00029945830500296446
0.0003015066712945404
0.00030357564938818634
0.0003056591733223986
0.0003077513287186513
0.00030987224382598354
0.00031200745223242387
0.00031416148209705876
0.00031632761564533
0.0003185162839365941
0.00032072007366836886
0.00032294297743072273
0.0003251915599734202
0.00032745891466035964
0.0003297375058906849
0.0003320452895245355
0.00033436735242897545
0.00033670507530860155
0.0003390664443969745
0.0003414515328140492
0.0003438562608556289
0.0003462776803628369
0.0003487162521001917
0.00035117468709397893
0.00035367142456964475
0.00035618015738750136
0.0003587093597401923
0.00036126504093671565
0.00036383097259811846
0.0003664230089409089
0.00036904780440118266
0.0003716938448650447
0.0003743562378560261
0.0003770405951163542
0.00037975222997095956
0.0003824906874316401
0.0003852484631280053
0.00038803480735559735
0.00039083908016162883
0.00039367274220947944
0.00039653189999221654
0.00039941687394487213
0.00040232644754469114
0.00040526637442231086
0.00040822933278227724
0.00041121705256052187
0.0004142293584502935
0.0004172744370810237
0.00042035232116644465
0.0004234516065738713
0.000426574346682196
0.00042973101595600923
0.0004329143147602214
0.00043612920567328493
0.0004393763303191404
0.0004426494954615584
0.00044595302477463917
0.0004492742118542095
0.000452641186553353
0.0004560392947868078
0.0004594686736471808
0.0004629259669583144
0.000466419678873381
0.0004699437287586624
0.0004735003644157702
0.000477092124004936
0.00048071751761788136
0.00048437477962237055
0.0004880603423426717
0.0004917883547992628
0.0004955503185360799
0.0004993485272209525
0.0005031839103409278
0.0005070545899099365
0.0005109656421747136
0.000514913958008918
0.0005188915952536711
0.0005229170417722497
0.0005269713316521999
0.0005310701203077346
0.000535209362779596
0.0005393898351001941
0.0005436086786593118
0.0005478732793166942
0.0005521758763033691
0.0005565200632784494
0.000560906079008596
0.0005653382597545893
0.0005698203575433621
0.000574332398821831
0.0005788940437463188
0.0005834978635936075
0.000588155594892019
0.0005928615877857337
0.0005976097137856758
0.0006024066320024624
0.0006072527696447836
0.0006121464265335675
0.0006170874129873266
0.0006220758572173313
0.000627125148743379
0.0006322209918330629
0.000637370447332527
0.0006425698076193019
0.0006478214155657923
0.0006531262586227871
0.0006584896519750465
0.0006639027034203377
0.0006693765267574845
0.0006749091022092868
0.0006804973737317597
0.0006861381481385645
0.0006918479784026997
0.000697613189775133
0.0007034408275034177
0.0007093276310297514
0.0007152759086470748
0.0007212858606071302
0.0007273616002306208
0.000733500282631736
0.0007397024525716769
0.0007459828283396898
0.0007523197491524837
0.0007587233314634192
0.0007652032955499481
0.0007717570189507025
0.0007783792698170806
0.0007850663692447087
0.0007918306836294554
0.000798666855784647
0.0008055848231821031
0.000812574204276334
0.0008196408552603295
0.0008267885414549612
0.0008340094050441289
0.0008413105193756653
0.000848701444814701
0.0008561706295585276
0.0008637289387472281
0.0008713674363648321
0.0008790797946794249
0.0008868936258411838
0.0008947941056961222
0.0009027827644210085
0.0009108665883718467
0.0009190341292217107
0.0009273055161648231
0.0009356673119961208
0.0009441272293889633
0.0009526948273344316
0.0009613524905783523
0.0009701054075469905
0.0009789644662027178
0.0009879279965524423
0.0009969983453322992
0.001006172678572832
0.0010154603352831926
0.001024850296649263
0.001034358185411669
0.0010439848801591855
0.0010537171495975427
0.0010635693023821734
0.0010735530397036693
0.0010836350391447186
0.001093846913457089
0.0011041797118764316
0.0011146462881715783
0.001125247144714006
0.001135962299480604
0.001146830250044064
0.0011578241465891722
0.0011689445693536537
0.0011802128786099922
0.0011916188026472338
0.0012031534368595676
0.0012148534211650656
0.0012266980352195992
0.001238693148713698
0.0012508374914943635
0.0012631182008573977
0.001275569008058639
0.0012881922346321883
0.0013009684265640011
0.0013139125630763462
0.0013270212032675116
0.0013403037057126044
0.0013537544377105527
0.0013673916572131107
0.0013811946127039855
0.0013951852648941044
0.0014093640743795763
0.0014237199178534262
0.0014382713502133625
0.0014530233825544513
0.0014679746834036838
0.0014831220118039546
0.0014984780544460925
0.001514044322573623
0.0015298182116062718
0.0015458134764685207
0.0015620169824186144
0.0015784506039215745
0.0015951000304875885
0.0016119831142378184
0.0016291327886364753
0.0016464885682034391
0.0016640957937421133
0.0016819559220574852
0.001700060174241747
0.0017184321114909827
0.0017370424335325515
0.0017559476422814337
0.0017751148650436673
0.0017945582583118991
0.001814269039728214
0.0018342848594550796
0.0018545966003032798
0.001875195262442713
0.0018960913138152892
0.0019173016420337776
0.0019388196445183322
0.001960680459446497
0.001982851771543989
0.002005352874565213
0.0020282050324627724
0.0020513891229307748
0.002074892392761415
0.0020988271541640454
0.002123107626607711
0.002147746207169083
0.0021727662881449606
0.0021981723624125774
0.0022239887867369886
0.002250188193029515
0.002276807677582715
0.0023038796771245305
0.00233134621827573
0.0023592642962407696
0.002387620899897013
0.0024164370610030173
0.002445725333359545
0.0024754782210174757
0.0025057142029426193
0.0025364485268575447
0.0025677183015293654
0.002599471188871817
0.002631772849000457
0.002664611801655242
0.0026979615487607096
0.0027319183993531762
0.002766435861706575
0.002801550301067863
0.0028372643090044942
0.0028736001237659047
0.002910536081378527
0.002948119165947147
0.0029863650303627747
0.0030252840957238716
0.0030648793209086924
0.0031051840982255466
0.003146197223771698
0.0031879611534381125
0.0032304762542579566
0.0032737515663303794
0.0033178075368243084
0.003362686508759899
0.0034083954282119727
0.0034549089321438066
0.0035023336647733118
0.0035506266681889207
0.0035997941303373988
0.0036499097711767455
0.0037009876854879865
0.00375304573252717
0.0038060808001492475
0.0038601536474761906
0.003915256685262275
0.003971442052770829
0.004028772634378148
0.004087180620232957
0.0041467648181241394
0.00420756247273495
0.0042695699128421395
0.004332820225558907
0.004397354623948566
0.004463219100626061
0.004530429581058857
0.004599031608568235
0.004669068601757256
0.004740560199905711
0.004813592673113078
0.004888148853934557
0.004964332913302837
0.005042145957365625
0.005121567624251199
0.005202801110429141
0.005285788772700111
0.005370615472374559
0.005457331772835004
0.005545953871841978
0.005636578789561986
0.00572930445086879
0.005824095598777375
0.0059210711224033106
0.006020331801796416
0.006121992096321424
0.006225838217211623
0.0063322464141923746
0.0064410395791452725
0.006552571627402986
0.006666812286464958
0.006783845705656445
0.006903719757992472
0.00702655798512303
0.007152428200806476
0.0072814588895555015
0.0074137870342290135
0.007549373844643839
0.007688558278562776
0.007831258098174717
0.007977726581585357
0.008128054465241794
0.008282293785979094
0.008440682914059784
0.008603373290396846
0.008770493467896816
0.008942144040011884
0.009118511956177517
0.009299807304506745
0.009486191991457567
0.009677845911573228
0.00987500622686459
0.010077884500641952
0.010286570981518672
0.010501434352777414
0.010722667984119773
0.01095049831282121
0.011185191233935184
0.011426965279850229
0.011676331803704625
0.011933396448342338
0.012198525246859182
0.012471994172645013
0.01275421210400947
0.013045603468495679
0.013346431810976745
0.013657204177342602
0.013978390591658764
0.01431031182820321
0.014653571876222007
0.01500870873428292
0.015375987042477446
0.015756382558627467
0.016150255952735268
0.01655829757406786
0.01698119709741198
0.017419591270859326
0.01787431755521893
0.018346319377256375
0.018836191708088455
0.019345003561460277
0.019873716371581314
0.020423428297970243
0.020995237500781708
0.0215902563732749
0.02220966417862608
0.022854901931570488
0.02352747384494447
0.024228848432951644
0.024960787269809992
0.025724919633003822
0.026523369313885298
0.02735802656244105
0.028231207436695348
0.029145077696742027
0.030102256881631078
0.031105634540696786
0.03215852445007187
0.03326366056464286
0.03442481930930433
0.035645662075620546
0.036930429010010986
0.03828378741356524
0.03971038207088284
0.041216181191654974
0.04280634700058148
0.04448642663204704
0.0462658977890678
0.04815259261243493
0.05015319179611175
0.05227767075687137
0.05453697703445391
0.05694288073775565
0.05950743855419858
0.06224593966243671
0.06517403472388335
0.06831082654463622
0.07167539259534109
0.07529045303564437
0.0791825777575587
0.08338040821454303
0.08791758969930324
0.09283190513518169
0.09816641340995048
0.10397126498866678
0.11030359651241949
0.11723087363969274
0.1248302506346178
0.13319337916705962
0.1424278176804874
0.1526599283883822
0.16404239787268537
0.1767564855635613
0.1910221315904737
0.2071060105671471
0.2253351827939831
0.2461174168513415
0.26995979281557253
0.297502875181745
0.3295660767436737
0.3672094482827624
0.41180779412008844
0.46520514909040506
0.5298616502727975
0.6090776358810327
0.7075090145202657
0.8315910005738576
0.9902287790335911
1.1960596467299607
1.4673432278833145
1.8289611280933782
2.315682543232627
2.9730744875302553
3.8577798418580627
5.0334878462663015
6.564147684698006
8.501297186836569
10.879978712080472
13.716969023685635
16.993326433919474
20.658628212432493
24.63891264058058
28.83672300708695
33.14329307318945
37.4942528448815
41.85358988396275
46.201664932829665
50.53521101219935
54.859318862846465
59.17260947622361
63.47537955018611
67.7678948275744
72.05038292642689
76.32303333998466
80.58600921851757
84.83947293018608
89.08352384116412
93.31825108986371
97.5437394773128
101.76006946714327
105.967317185603
110.16555442154532
114.35484862643341
118.5352629143451
122.70685606196196
126.86968250858152
131.02379235610545
135.1692313690513
139.30604097454176
143.43425826231004
147.55391598470348
151.6650425566732
155.7676620557863
159.86181037894883
163.94752853240584
168.02484373588564
172.0937828103493
176.1543721798078
180.20663787132662
184.25060551502958
188.28630034408934
192.31374719473848
196.33297050625805
200.34399432098942
204.3468422843223
208.34153764470634
212.32810325364179
216.30656156568236
220.27693463844113
224.23924413257916
228.19351131181796
232.13975704292778
236.07800179573786
240.00826564312874
243.93056826103492
247.8449289284486
251.75136652741222
255.64989954302575
259.5405460634411
263.4233237798673
267.29825052317597
271.16534841075025
275.0246361287644
278.8761311472007
282.7198508695903
286.55581263300377
290.384033708062
294.20453129892496
298.0173225433032
301.8224245124462
305.61985421115395
309.40962857776714
313.19176448417113
316.9662787358003
320.73318807162804
324.49250916417833
328.24425861951454
331.9884529772497
335.7251087105382
339.4542422260789
343.1758698641196
346.89000789844744
350.5966725363996
354.29587991885296
357.9876461202344
361.67198714850986
365.3489189451961
369.0184573853505
372.6806182775749
376.3354173640198
379.9828703203757
383.6229927558829
387.25580021332144
390.88130816902134
394.49953203285145
398.11048714823124
401.7141887921213
405.31065217502635
408.89989244100065
412.4819246676385
416.05676386608155
419.6244249810133
423.18492289066654
426.73827240681516
430.2844882747786
433.82358517342266
437.35557771515613
440.88048044593353
444.3983078452523
447.9090743261604
451.4127942352414
454.909481852633
458.3991513920119
461.8818180043261
465.35749763183014
468.8262045066238
472.28795279849385
475.7427566478433
479.1906301657009
482.63158743371145
486.0656425041457
489.4928093998917
492.9131021144584
496.3265346119795
499.73312082720474
503.1328746655096
506.5258100028857
509.9119406859507
513.2912805319393
516.6638433287073
520.0296428347353
523.3886927791197
526.7410068615828
530.0865987524631
533.4254820927248
536.7576704939487
540.0831775383406
543.4020167787243
546.7142017385443
550.0197459118696
553.3186627633856
556.6109657284035
559.8966682128504
563.1757835932792
566.4483252168592
569.7143064013856
572.9737404352701
576.2266405775467
579.4730200578729
582.7128920765227
585.9462698043958
589.1731663830085
592.3935949245023
595.6075685116365
598.8151001977911
602.0162030069705
605.210889933796
608.3991739435139
611.581067971987
614.7565849257039
617.9257376817695
621.088539087914
624.2450019624852
627.3951390944524
630.5389632434083
633.6764871395632
636.8077234837516
639.9326849474261
643.0513841726629
646.1638337721561
649.2700463292246
652.3700343978055
655.4638105024559
658.5513871383575
661.6327767713096
664.7079918377359
667.7770447446763
670.8399478697971
673.8967135613821
676.9473541383352
679.9918818901855
683.030309077078
686.0626479297825
689.088910649688
692.109109408806
695.1232563497662
698.1313635858229
701.133443200849
704.1295072493366
707.1195677564034
710.1036367177841
713.0817260998379
716.0538478395403
719.0200138444925
721.9802359929134
724.9345261336456
727.882896086151
730.8253576405103
733.7619225574296
736.6926025682328
739.617409374868
742.5363546498993
745.4494500365145
748.3567071485269
751.2581375703609
754.1537528570724
757.0435645343283
759.9275840984224
762.8058230162704
765.6782927254072
768.545004633985
771.4059701207849
774.2612005336558
777.1107072980035
779.9545020618921
782.7925964703637
785.625002135136
788.4517306345938
791.2727935137972
794.0882022844731
796.8979684250244
799.7021033805216
802.5006185627067
805.2935253499958
808.0808350874722
810.862559086895
813.6387086266895
816.4092949519573
819.1743292744675
821.9338227726607
824.6877865916518
827.4362318432228
830.179169605831
832.9166109246008
835.6485668113322
838.375048244492
841.0960661692224
843.8116314973329
846.5217551073091
849.2264478443011
851.9257205201359
854.61958391331
857.3080487689928
859.9911257990194
862.6688256819018
865.3411590628233
868.0081365536325
870.6697687328552
873.3260661456864
875.977039303994
878.622698686312
881.263054737851
883.8981178704909
886.5278984627848
889.1524068599513
891.7716533738859
894.3856482831553
896.9944018329923
899.5979242353056
902.196225668674
904.7893162783494
907.3772061762486
909.9599054409664
912.5374241177676
915.1097722185837
917.6769597220222
920.2389965733606
922.795892684549
925.3476579342038
927.894302167617
930.4358351967534
932.972266800242
935.50360672339
938.0298646781727
940.5510503432394
943.0671733639043
945.5782433521592
948.0842698866652
950.5852625127552
953.0812307424295
955.5721840543642
958.058131893907
960.539083673071
963.0150487705467
965.4860365316925
967.9520562685423
970.4131172597934
972.8692287508209
975.3203999536707
977.7666400470558
980.2079581763635
982.6443634536531
985.0758649576547
987.502471733766
989.9241927940603
992.341037117282
994.7530136488419
997.1601313008279
999.5623989519963
1001.9598254477761
1004.3524196002643
1006.7401901882318
1009.1231459571211
1011.5012956190459
1013.8746478527881
1016.2432113038036
1018.6069945842216
1020.9660062728354
1023.3202549151173
1025.669749023206
1028.0144970759156
1030.3545075187249
1032.68978876379
1035.0203491899379
1037.3461971426614
1039.6673409341297
1041.9837888431812
1044.2955491153293
1046.602629962751
1048.9050395643012
1051.2027860655037
1053.495877578552
1055.7843221823139
1058.0681279223263
1060.3473028108
1062.6218548266113
1064.8917919153141
1067.1571219891296
1069.4178529269536
1071.673992574348
1073.9255487435505
1076.1725292134702
1078.4149417296821
1080.6527940044382
1082.8860937166592
1085.1148485119402
1087.33906600254
1089.5587537673955
1091.773919352115
1093.9845702689715
1096.190713996916
1098.392357981568
1100.5895096352199
1102.7821763368318
1104.9703654320367
1107.1540842331417
1109.3333400191202
1111.5081400356205
1113.678491494962
1115.844401576133
1118.0058774247939
1120.162926153278
1122.3155548405878
1124.4637705324003
1126.607580241057
1128.746990945577
1130.882009591651
1133.0126430916346
1135.1388983245597
1137.2607821361282
1139.3783013387156
1141.4914627113628
1143.6002729997867
1145.704738916376
1147.8048671401862
1149.9006643169491
1151.9921370590628
1154.079291945602
1156.1621355223062
1158.2406743015931
1160.3149147625459
1162.3848633509228
1164.4505264791499
1166.5119105263288
1168.5690218382292
1170.6218667272913
1172.6704514726284
1174.7147823200253
1176.7548654819393
1178.7907071374937
1180.8223134324896
1182.8496904793924
1184.8728443573464
1186.8917811121582
1188.9065067563147
1190.9170272689705
1192.923348595949
1194.9254766497447
1196.923417309529
1198.9171764211376
1200.9067597970827
1202.8921732165452
1204.8734224253797
1206.850513136108
1208.823451027924
1210.7922417466966
1212.756890904962
1214.7174040819302
1216.7135306445784
1218.7879442400586
1220.9351117019685
1223.149520357584
1225.4257457663693
1227.7584517199814
1230.1423902422619
1232.5724015892476
1235.0434142491665
1237.5504449424307
1240.0885986216485
1242.6530684716165
1245.2391359093237
1247.8421705839435
1250.4576303768451
1253.0810614015888
1255.7080980039186
1258.334462761775
1260.9559664852873
1263.5685082167756
1266.1680752307461
1268.7507430339003
1271.3126753651302
1273.850124195512
1276.3594297283191
1278.8370203990119
1281.279412875243
1283.683212056851
1286.0451110758697
1288.361891296521
1290.630422315219
1292.847661960563
1295.0106562933486
1297.1165396065599
1299.1625344253675
1301.145951507138
1303.0641898414244
1304.9147366499737
1306.6951673867175
1308.403145737783
1310.0364236214862
1311.5928411883317
1313.0703268210154
1314.4668971344254
1315.780656975638
1317.0097994239197
1318.1526057907276
1319.207445619711
1320.1727766867061
1321.0471449997426
1321.8291847990379
1322.5176185570026
1323.1112569782345
1323.6089989995232
1324.0098317898498
1324.3128307503832
1324.5171595144845
1324.6220699477042
1324.626902147784
1324.5310844446537
1324.3341334004374
1324.0356538094454
1323.6353386981805
1323.1329693253354
1322.528415181793
1321.8216339906262
1321.012671707099
1320.1016625186646
1319.0888288449692
1317.9744813378434
1316.7590188813156
1315.4429285916008
1314.0267858171012
1312.5112541384158
1310.8970853683286
1309.1851195518166
1307.3762849660454
1305.4715981203753
1303.4721637563507
1301.3791748477088
1299.1939126003788
1296.917746452478
1294.5521340743162
1292.0986213683886
1289.5588424693883
1286.9345197441958
1284.2274637918756
1281.4395734436885
1278.5728357630912
1275.629326045717
1272.6112078193983
1269.5207328441604
1266.3602411122122
1263.1321608479561
1259.839008507978
1256.483388781071
1253.0679945882007
1249.5956070825337
1246.0690956494204
1242.4914179064078
1238.8656197032285
1235.1948351218005
1231.4822864762525
1227.7312843128768
1223.9452274101734
1220.1276027788278
1216.2819856617143
1212.4120395339007
1208.5215161026445
1204.6142553073917
1200.6941853197761
1196.76532254363
1192.8317716149652
1188.8977254019974
1184.9674650051184
1181.0453597569149
1177.1358672221763
1173.2435331978636
1169.3663067660261
1165.4938525069995
1161.6260196234723
1157.7629156685455
1153.9046458717196
1150.0513131389027
1146.2030180523943
1142.3598588708958
1138.5219315295053
1134.6893296397286
1130.8621444894627
1127.0404650430069
1123.2243779410567
1119.413967500716
1115.6093157154787
1111.8105022552397
1108.0176044663
1104.230697371353
1100.4498536694935
1096.675143736213
1092.9066356234111
1089.1443950593782
1085.3884854488042
1081.6389678727867
1077.8959010888148
1074.1593415307789
1070.429343308967
1066.705958210074
1062.9892356971864
1059.2792229097902
1055.5759646637787
1051.8795034514364
1048.18987944145
1044.507130478904
1040.8312920852884
1037.1623974584857
1033.500477472781
1029.8455606788548
1026.197673303796
1022.5568392510845
1018.9230801005996
1015.2964151086285
1011.6768612078492
1008.0644330073426
1004.459142792585
1000.8610005254613
997.2700138442473
993.6861880636184
990.1095261746574
986.5400288448385
982.977694418038
979.422518914528
975.8744960309907
972.3336171404964
968.799871292516
965.2732452129294
961.7537233040063
958.2412876444182
954.7359179892339
951.2375917699311
947.7462840943772
944.2619677468406
940.784613187987
937.3141885548938
933.8506596610239
930.3939899962426
926.9441407268209
923.5010706954247
920.0647364211181
916.6350920993648
913.2120896020332
909.795678477385
906.3858059500805
902.9824174854974
899.5856389316672
896.1955897805617
892.8122576574525
889.4356302022993
886.0656950697357
882.7024399290767
879.3458524643253
875.9959203741586
872.6526313719373
869.315973185701
865.9859335581773
862.662500246768
859.3456610235585
856.0354036753126
852.7317160034829
849.4345858241957
846.1440009682585
842.859949281167
839.5824186230913
836.3113968688845
833.0468719080789
829.7888316448947
826.5372639982264
823.29215690165
820.0534983034287
816.8212761665009
813.5954784684877
810.3760932016896
807.1631083730948
803.9565120043661
800.7562921318469
797.5624368065689
794.3749340942387
791.1937720752453
788.0189388446572
784.8504225122311
781.6882112023969
778.5322930542694
775.3826562216412
772.2392888729935
769.1021791914812
765.971315374941
762.8466856358975
759.728278201549
756.6160813137781
753.5100832291454
750.4102722189003
747.3166365689658
744.2291645799467
741.1478445671352
738.0726648604983
735.0036138046861
731.9406797590283
728.883851097541
725.8331162089158
722.7884634965261
719.7498813784315
716.7173582873673
713.6908826707523
710.6704429906828
707.6560277239438
704.6476253619957
701.6452244109806
698.6488133917208
695.6583808397259
692.6739153051798
689.6954053529486
686.7228395625843
683.7562065283149
680.7954948590515
677.8406931783837
674.89179012459
671.9487743506213
669.0116345241121
666.0803593273837
663.1549374574304
660.2353576259322
657.3216085592475
654.4136789984212
651.511557699174
648.615233431907
645.7246949817094
642.8399311483463
639.9609307462625
637.0876826045862
634.2201755671298
631.3583984923816
628.5023402535148
625.6519897383783
622.8073358495124
619.9683675041274
617.1350736341199
614.3074431860709
611.4854651212364
608.6691284155576
605.8584220596509
603.0533350588245
600.253856433059
597.4599752170169
594.6716804600471
591.888961226176
589.1118065941085
586.3402056572351
583.5741475236276
580.8136213160348
578.0586161718904
575.3091212433089
572.5651256970838
569.8266187146902
567.0935894922853
564.3660272407116
561.6439211854823
558.9272605668028
556.2160346395488
553.5102326732903
550.8098439522672
548.1148577754044
545.4252634563105
542.7410503232717
540.0622077192564
537.3887250019118
534.7205915435748
532.0577967312535
529.4003299666391
526.7481806661095
524.1013382607223
521.4597921962086
518.8235319329856
516.1925469461601
513.5668267255041
510.94636077548284
508.33113861524106
505.72114977859576
503.11638381405857
500.5168302848069
497.9224787687175
495.3333188583316
492.74934016088224
490.17053229827724
487.596884907109
485.0283884726624
482.46503700168256
479.90682089515
477.3537299724064
474.8057540777884
472.262883080624
469.72510687524
467.19241538095076
464.664798542064
462.14224632788597
459.6247487327108
457.11229577582753
454.6048775015167
452.10248397905724
449.60510530271625
447.11273159175363
444.62535299042815
442.14295966798636
439.6655418186696
437.193089661711
434.72559344134174
432.2630434267814
429.8054299122441
427.3527432169357
424.9049736850603
422.46211168581027
420.02414761337076
417.5910718869256
415.1628749506466
412.7395472737005
410.3210793502455
407.9074616994381
405.4986848654229
403.09473941733773
400.69561594931884
398.30130508049024
395.9117974549712
393.52708374187245
391.14715463530257
388.772000854359
386.4016131431317
384.0359822707094
381.6750990311685
379.31895424358083
376.9675387520092
374.6208434255151
372.278859158148
369.94157686895187
367.60898750196327
365.28108202621576
362.95785143573175
360.6392867495268
358.32537901161464
356.016119290997
353.7114986816708
351.41150830262416
349.1161392978439
346.82538283630436
344.53923011197367
342.2576723438177
339.9807007757914
337.70830667684334
335.4404813409142
333.17721608694313
330.9185022588569
328.66433122557663
326.41469438102007
324.16958314409436
321.9289889587003
319.69290329373257
317.4613176430811
315.2342235256263
313.0116124852416
310.7934760907939
308.57980593614633
306.3705936401524
304.1658308466571
301.96550922450416
299.7696204675257
297.5781562945478
295.3911084493898
293.20846870086757
291.03022884278624
288.8563806939439
286.68691609813624
284.52182692414715
282.3611050657571
280.2047424417366
278.0527309958539
275.9050626968673
273.7617295385254
271.6227235395783
269.48803674376194
267.3576612198086
265.2315890614415
263.1098123873804
260.99232334133706
258.8791140920152
256.7701768331102
254.66550378331678
252.5650871863174
250.46891931078773
248.37699245040073
246.2892989238192
244.2058310746999
242.12658127168982
240.0515419084379
237.98070540357764
235.91406420073787
233.85161076854388
231.79333760061067
229.73923721554695
227.68930215695357
225.64352499343025
223.60189831856212
221.56441475093416
219.53106693411954
217.50184753668879
215.47674925220215
213.45576479921343
211.4388869212734
209.42610838692227
207.41742198969385
205.41282054811532
203.41229690570984
201.41584393098861
199.4234545174625
197.4351215836279
195.45083807298278
193.4705969540111
191.49439122019288
189.52221389000417
187.55405800690926
185.5899166393663
183.6297828808332
181.67364984975208
179.7215272658522
177.77417978140872
175.83198334440678
173.89487890846263
171.9628080722061
170.03571307928456
168.11353681835487
166.19622282308868
164.28371527216981
162.37595898929968
160.47289944318908
158.5744827475637
156.68065566116144
154.79136558773763
152.90656057605713
151.02618931989832
149.15020115805706
147.27854607433872
145.4111746975635
143.54803830156376
141.68908880518944
139.83427877229985
137.98356141176788
136.13689057748394
134.29422076834794
132.4555071282745
130.6207054461907
128.7897721560407
126.96266433677859
125.13933971237174
123.3197566518049
121.5038741690726
119.69165192318405
117.88305021816078
116.07803000304146
114.27655287187474
112.4785810637237
110.68407746266391
108.89300559778818
107.10532964319883
105.32101441801217
103.54002538636118
101.76232865738905
99.98789098525354
98.21667976912457
96.44866305318938
94.68380952664523
92.92208852370251
91.1634700235888
89.40792465054207
87.65542367381414
85.90593900767001
84.15944321139096
82.41590948926886
80.67531169060872
78.93762430973298
77.20282248597336
75.47088200367689
73.74177929220265
72.01549142592656
70.29199612423537
68.57127175152914
66.85329731722136
65.13805247574258
63.425517526532445
61.715673414044495
60.008501727749945
58.30398470212889
56.602105216677266
54.9028467959021
53.20619360932835
51.5121304714909
49.820642841937705
48.13171682523367
46.445339170954554
44.76149727368972
43.08017917304158
41.40137355362948
39.72506974508229
38.05125772204268
36.37992810417078
34.71107215613558
33.04468178762251
31.380749553326996
29.71926865296331
28.060232931255687
26.403636877941896
24.74947562777267
23.09774496051594
21.44844130094919
19.80156171886387
18.15710392906804
16.51506629138009
14.875447810632545
13.238248136671105
11.603467564357908
9.971107033564945
8.34116812917787
6.7136530811000235
5.088564764243183
3.465906698536036
1.845683048917394
0.22789862534370836
-1.3874411172167782
-3.000330078785111
-4.610761514364343
-6.218728033945926
-7.824221602509163
-9.427233540018328
-11.027754521423484
-12.625774576663419
-14.22128309066071
-15.814268803328707
-17.404719809561595
-18.992623559243025
-20.577966857246093
-22.16073586342364
-23.740916092621077
-25.318492414666117
-26.893449054377378
-28.465769591555624
-30.035436960988868
-31.60243345245523
-33.166740710715565
-34.728339735517096
-36.28721088159739
-37.84333385867635
-39.39668773146139
-40.94725091964896
-42.49500119791891
-44.039915695938284
-45.58197089836225
-47.121142644829256
-48.65740612997019
-50.190735903394824
-51.72110586970474
-53.248489288486184
-54.77285877431132
-56.294186296742616
-57.812443180322276
-59.327600104585244
-60.839627104049
-62.34849356821983
-63.85416824159018
-65.35661922363792
-66.85581396882674
-68.35171928661158
-69.84430134142754
-71.33352565269975
-72.81935709483898
-74.3017598972429
-75.78069764429632
-77.25613327536823
-78.7280290848168
-80.19634672198472
-81.66104719120207
-83.12209085178537
-84.57943741803771
-86.03304595924813
-87.48287489969417
-88.92888201863585
-90.37102445032363
-91.80925868399316
-93.24354056386392
-94.67382528914764
-96.10006741403807
-97.5226695140207
-98.9422029137194
-100.35868011163862
-101.77211117881623
-103.18250612259382
-104.58987488662264
-105.99422735086061
-107.39557333156937
-108.79392258132022
-110.18928478899012
-111.58166957976374
-112.97108651512946
-114.35754509288527
-115.74105474713589
-117.12162484828974
-118.49926470306487
-119.87398355448508
-121.2457905818817
-122.61469490089
-123.9807055634547
-125.34383155782636
-126.70408180856299
-128.0614651765266
-129.41599045888873
-130.76766638912753
-132.1165016370249
-133.4625048086725
-134.8056844464675
-136.14604902911483
-137.48360697162326
-138.81836662531094
-140.15033627780295
-141.4795241530281
-142.80593841122445
-144.12958714893634
-145.45047839901528
-146.76862013061674
-148.08402024920588
-149.3966865965544
-150.70662695073773
-152.01384902614117
-153.3183604734553
-154.62016887967874
-155.91928176811385
-157.2157065983721
-158.50945076637143
-159.80052160433678
-161.08892638079726
-162.37467230059136
-163.65776650486424
-164.9382160710652
-166.21602801295265
-167.4912092805911
-168.76376676035233
-170.03370727491208
-171.3010375832557
-172.5657643806754
-173.82789429876675
-175.08743390543523
-176.34438970489208
-177.5987681376557
-178.85057558054913
-180.0998183467041
-181.34650268555956
-182.59063478285796
-183.83222076065152
-185.07126667729827
-186.30777852746354
-187.54176224211682
-188.77322368853672
-190.00216867030812
-191.2286029273232
-192.45253213577791
-193.6739619081781
-194.8928977933358
-196.10934527636738
-197.3233097786982
-198.53479665805972
-199.74381120849137
-200.95035866033524
-202.15444418024427
-203.35607287117773
-204.55524977239773
-205.75197985947796
-206.94626804429504
-208.13811917503517
-209.3275380361887
-210.51452934855456
-211.69909776923842
-212.8812478916496
-214.06098424550797
-215.23831129683822
-216.41323344797325
-217.58575766861813
-218.7558922588621
-219.92364238639405
-221.08901318834816
-222.2520097863689
-223.41263728661582
-224.5709007797612
-225.72680534098745
-226.88035602999216
-228.03155789098474
-229.18041595268815
-230.32693522833546
-231.4711207156749
-232.61297739696744
-233.75251023898417
-234.88972419301132
-236.024624194847
-237.15721516480278
-238.28750200770048
-239.415489612877
-240.5411828541819
-241.664586589975
-242.7857056631312
-243.90454490103727
-245.02110911559342
-246.1354031032102
-247.24743164481313
-248.35719950583965
-249.4647114362407
-250.56997217047737
-251.672986427526
-252.7737589108754
-253.87229430852477
-254.96859729298836
-256.06267252129226
-257.15452463497604
-258.2441582600896
-259.3315780071978
-260.416788471378
-261.4997942322185
-262.5805998538219
-263.659209884803
-264.73562885829
-265.80986129192155
-266.8819116878512
-267.951784532745
-269.01948429777974
-270.0850154386468
-271.14838239554973
-272.2095895932054
-273.268641440841
-274.32554233219884
-275.38029664553295
-276.43290874361077
-277.48338297371043
-278.53172366762476
-279.5779351416593
-280.6220216966298
-281.6639876178674
-282.7038371752147
-283.741574623028
-284.777204200174
-285.8107301300341
-286.8421566205024
-287.87148786398376
-288.8987280373977
-289.9238813021754
-290.946951804262
-291.96794367411275
-292.98686102669785
-294.0037079615001
-295.01848856251286
-296.0312068982443
-297.04186702171467
-298.0504729704573
-299.0570287665163
-300.0615384164505
-301.0640059113307
-302.0644352267411
-303.0628303227762
-304.059195144046
-305.0535336196722
-306.0458496632876
-307.03614717304
-308.0244300315887
-309.0107021061061
-309.9949672482764
-310.9772292942972
-311.9574920648796
-312.9357593652447
-313.9120349851291
-314.88632269878036
-315.85862626496044
-316.82894942694156
-317.7972959125099
-318.7636694339658
-319.72807368811874
-320.69051235629365
-321.6509891043274
-322.6095075825702
-323.5660714258828
-324.52068425364035
-325.4733496697312
-326.42407126255523
-327.3728526050243
-328.31969725456474
-329.2646087531151
-330.20759062712494
-331.14864638755836
-332.08777952989163
-333.024993534114
-333.96029186472583
-334.8936779707419
-335.8251552856896
-336.7547272276072
-337.68239719904744
-338.60816858707517
-339.5320447632685
-340.45402908371636
-341.3741248890221
-342.29233550430195
-343.20866423918267
-344.1231143878058
-345.0356892288249
-345.9463920254066
-346.85522602522855
-347.7621944604829
-348.66730054787365
-349.5705474886184
-350.47193846844556
-351.37147665759744
-352.26916521082984
-353.1650072674091
-354.05900595111564
-354.9511643702424
-355.8414856175956
-356.72997277049257
-357.616628890764
-358.50145702475436
-359.3844602033185
-360.265641441826
-361.1450037401582
-362.02255008271
-362.89828343838667
-363.77220676060927
-364.6443229873096
-365.51463504093147
-366.38314582843327
-367.24985824128504
-368.1147751554698
-368.9778994314831
-369.8392339143323
-370.69878143353895
-371.55654480313694
-372.4125268216713
-373.2667302722015
-374.11915792229973
-374.9698125240484
-375.8186968140465
-376.66581351340153
-377.51116532773744
-378.3547549471879
-379.19658504640034
-380.0366582845362
-380.874977305267
-381.7115447367777
-382.54636319176916
-383.3794352674504
-384.2107635455444
-385.0403505922883
-385.8681989584303
-386.69431117923267
-387.5186897744698
-388.3413372484272
-389.16225608990584
-389.9814487722167
-390.7989177531852
-391.6146654751486
-392.4286943649583
-393.24100683397455
-394.0516052780759
-394.8604920776494
-395.6676695975946
-396.4731401873264
-397.27690618077037
-398.07896989636623
-398.8793336370646
-399.67799969032984
-400.4749703281394
-401.27024780698207
-402.0638343678603
-402.85573223628876
-403.645943622295
-404.4344707204197
-405.22131570971675
-406.0064807537496
-406.7899680005968
-407.5717795828491
-408.3519176176116
-409.1303842064997
-409.90718143564135
-410.68231137567807
-411.4557760817656
-412.22757759357035
-412.99771793527145
-413.7661991155606
-414.5330231276432
-415.29819194923743
-416.061699765976
-416.8235066736877
-417.5836168856984
-418.3420417869714
-419.09879197027846
-419.8538772361985
-420.60730659311565
-421.35908825722265
-422.10922965251865
-422.8577374108103
-423.6046173717095
-424.34987458263686
-425.0935132988199
-425.83553698329143
-426.5759483068929
-427.3147491482721
-428.0519405938843
-428.7875229379903
-429.52149568265924
-430.25385753776675
-430.98460642099593
-431.7137394578354
-432.4412529815821
-433.1671425333401
-433.89140286201865
-434.61402792433574
-435.33501088481574
-436.05434411579034
-436.7720191973968
-437.4880269175808
-438.202357272095
-438.91499946449755
-439.62594190615494
-440.3351722162402
-441.0426772217338
-441.7484429574217
-442.4524546658982
-443.1546967975646
-443.8551530106279
-444.553806171103
-445.2506383528119
-445.94563083738365
-446.6387641142527
-447.33001788066235
-448.0193710416619
-448.7068017101085
-449.39228720666443
-450.07580405980065
-450.75732800579493
-451.43683398873054
-452.1142961604994
-452.7896878807994
-453.4629817171365
-454.1341494448215
-454.8031620469742
-455.4699897145209
-456.1346018461938
-456.7969670485333
-457.45705313588604
-458.1148271304065
-458.7702552620545
-459.42330296859836
-460.073934895613
-460.72211489647924
-461.36780603238617
-462.0109705723294
-462.6515699931119
-463.28956497934206
-463.92491542343697
-464.55758042561973
-465.1875182939214
-465.81468654417824
-466.439041900035
-467.0605402929432
-467.6791368621602
-468.29478595475166
-468.9074411255894
-469.51705513735294
-470.12357996052737
-470.72696677340616
-471.3271659620896
-471.9241271204834
-472.5177990503023
-473.1081297610665
-473.69506647010456
-474.2785556025496
-474.8585427913443
-475.43497287723784
-476.0077899087842
-476.5769371423467
-477.1423570420945
-477.70399128000463
-478.26178073585936
-478.8156654972499
-479.3645682217884
-479.8971884439813
-480.41053977920166
-480.90480374140066
-481.3801714014405
-481.83684338709344
-482.2750298830439
-482.6949506308869
-483.0968349291292
-483.4809216331874
-483.8474591553902
-484.19670546497736
-484.528928088099
-484.84440410781707
-485.1434201641043
-485.4262724538448
-485.69326673083305
-485.9447183057754
-486.18095204628906
-486.402302376902
-486.60911327905364
-486.80173829109447
-486.98054050828597
-487.1458925828006
-487.2981767237221
-487.4377846970453
-487.56511782567605
-487.6805869894312
-487.78461262503885
-487.8776247261382
-487.9600628432793
-488.03237608392357
-488.09502311244336
-488.14847215012225
-488.1932009751547
-488.2296969226464
-488.2584568846142
-488.2799873099858
-488.2948042046003
-488.30343313120767
-488.306409209469
-488.30427711595644
-488.2975910841534
-488.28691490445425
-488.2728219241644
-488.2558950475006
-488.2367267355902
-488.2159190064722
-488.19408343509645
-488.17184115332367
-488.14982284992607
-488.12866877058667
-488.1090287178998
-488.0915620513705
-488.0769376874153
-488.06583409936184
-488.0589393174484
-488.0569509288247
-488.0605760775516
-488.0705314646009
-488.0875433478554
-488.11234754210926
-488.1456894190674
-488.1883239073462
-488.24101549247285
-488.30453821688576
-488.37967567993434
-488.46722103787926
-488.56797700389205
-488.68275584805536
-488.81237939736315
-488.95767903572033
-489.11949570394296
-489.298679899758
-489.4960916778037
-489.7126006496292
-489.9490859836954
-490.2064364053728
-490.48555019694464
-490.7873351976047
-491.1127088034572
-491.46259796751804
-491.8379391997143
-492.2396785668842
-492.66521912402254
-493.0995266962538
-493.54053722785966
-493.98795585755533
-494.44149386312887
-494.90086866143986
-495.36580380841997
-495.83602899907163
-496.31128006747025
-496.7912989867629
-497.2758338691675
-497.7646389659748
-498.2574746675471
-498.7541075033187
-499.25431014179486
-499.7578613905535
-500.2645461962441
-500.77415564458835
-501.2864869603786
-501.8013435074802
-502.31853478883016
-502.8378764464364
-503.35919026137947
-503.8823041538117
-504.40705218295733
-504.9332745471114
-505.46081758364204
-505.98953376898885
-506.5192817186625
-507.04992618724623
-507.581338068395
-508.11339439483584
-508.6459783383664
-509.17897920985746
-509.7122924592515
-510.24581967556156
-510.77946858687386
-511.313153060346
-511.8467931022076
-512.380314857759
-512.9136506113737
-513.4467387864966
-513.9795239456444
-514.511956790405
-515.0439941614387
-515.5755990384783
-516.1067405403268
-516.63739392486
-517.1675405890256
-517.6971680688436
-518.2262700394036
-518.7548463148695
-519.2829028484762
-519.8104517325293
-520.337511198408
-520.864105616562
-521.390265496514
-521.9160274868568
-522.4414343752566
-522.966535088451
-523.4913846922486
-524.0160443915308
-524.5405815302506
-525.0648604687887
-525.5885689594634
-526.1116952945354
-526.634232382284
-527.1561732267694
-527.6775109278311
-528.1982386810901
-528.718349777948
-529.2378376055858
-529.756695646966
-530.2749174808313
-530.7924967817052
-531.3094273198906
-531.825702961472
-532.3413176683143
-532.856265498062
-533.3705406041411
-533.8841372357574
-534.397049737898
-534.9092725513291
-535.4208002125987
-535.9316273540351
-536.4417487037462
-536.951159085621
-537.4598534193294
-537.9678267203215
-538.4750740998269
-538.9815907648571
-539.4873720182032
-539.992413258438
-540.4967099799126
-541.0002577727605
-541.5030523228953
-542.0050894120103
-542.50636491758
-543.0068748128592
-543.5066151668836
-544.0055821444683
-544.50377200621
-545.0011811084856
-545.4978059034519
-545.9936429390466
-546.4886888589882
-546.9829404027756
-547.4763944056874
-547.9690477987835
-548.4608976089045
-548.9519409586702
-549.4421750664823
-549.9315972465221
-550.4202049087522
-550.9079955589146
-551.3949667985326
-551.8811163249097
-552.3664419311303
-552.8509415060582
-553.334613034339
-553.8174545963983
-554.2994643684412
-554.780640622455
-555.2609817262064
-555.7404861432431
-556.2191524328923
-556.696979250263
-557.1739653462442
-557.6501095675047
-558.1254108564949
-558.5998682514447
-559.0734808863656
-559.5462479910482
-560.0181688910645
-560.4892430077672
-560.9594698582886
-561.4288490555421
-561.8973803082214
-562.3650634208011
-562.8318982935355
-563.2978849224598
-563.7630233993899
-564.2273139119221
-564.6907567434328
-565.1533522730791
-565.6151009757991
-566.0760034223102
-566.5360602791116
-566.9952723084821
-567.4536403684815
-567.9111654129496
-568.3678484915068
-568.8236907495551
-569.2786934282749
-569.7328578646287
-570.1861854913585
-570.6386778369888
-571.0903365258209
-571.5411632779402
-571.9911599092111
-572.4403283312778
-572.8886705515658
-573.3361886732816
-573.7828848954114
-574.2287615127217
-574.67382091576
-575.1180655908541
-575.5614972213407
-576.0041105126592
-576.4459048878708
-576.8868813082613
-577.327040737258
-577.7663841404308
-578.2049124854916
-578.6426267422944
-579.0795278828348
-579.5156168812508
-579.9508947138228
-580.3853623589723
-580.8190207972636
-581.251871011403
-581.6839139862388
-582.1151507087609
-582.5455821681016
-582.9752093555359
-583.4040332644792
-583.8320548904906
-584.2592752312703
-584.6856952866614
-585.1113160586476
-585.5361385513561
-585.9601637710555
-586.3833927261569
-586.8058264272123
-587.2274658869169
-587.648312120108
-588.0683661437638
-588.4876289770057
-588.9061016410966
-589.3237851594419
-589.7406805575881
-590.1567888632248
-590.5721111061835
-590.9866483184367
-591.4004015341001
-591.813371789431
-592.2255601228294
-592.6369675748359
-593.0475951881343
-593.4574440075506
-593.8665150800517
-594.2748094547477
-594.6823281828902
-595.089072317873
-595.4950429152318
-595.9002410326444
-596.3046677299309
-596.7083240690534
-597.1112111141153
-597.5133299313632
-597.9146815891851
-598.3152671581107
-598.7150877108126
-599.114144322105
-599.5124380689443
-599.9099700304286
-600.3067412877981
-600.702752924436
-601.0980060258659
-601.4925016797547
-601.886240975911
-602.2792250062857
-602.671454864971
-603.0629316482017
-603.4536564543549
-603.8436303839492
-604.2328545396452
-604.6213300262463
-605.0090579506974
-605.3960394220851
-605.7822755516388
-606.1677674527294
-606.5525162408708
-606.9365230337171
-607.3197889510661
-607.7023151148575
-608.0841026491718
-608.4651526802329
-608.8454663364063
-609.2250447481995
-609.6038890482617
-609.9820003713849
-610.3593798545028
-610.7360286366904
-611.1119478591661
-611.4871386652895
-611.8616022005627
-612.2353396126291
-612.608352051275
-612.9806406684284
-613.352206618159
-613.723051056679
-614.0931751423426
-614.4625800356464
-614.8312668992278
-615.1992368978676
-615.566491198488
-615.9330309701536
-616.2988573840705
-616.6639716135873
-617.0283748341947
-617.3920682235247
-617.7550529613524
-618.1173302295944
-618.4789012123094
-618.8397670956982
-619.1999290681034
-619.5593883200103
-619.9181460440452
-620.2762034349774
-620.6335616897179
-620.9902220073199
-621.3461855889782
-621.70145363803
-622.0560273599548
-622.4099079623735
-622.7630966550494
-623.115594649888
-623.4674031609367
-623.818523404385
-624.1689565985641
-624.5187039639477
-624.8677667231518
-625.2161461009333
-625.5638433241921
-625.9108596219706
-626.2571962254517
-626.6028543679614
-626.9478352849679
-627.2921402140813
-627.6357703950529
-627.978727069777
-628.3210114822903
-628.6626248787696
-629.0035685075362
-629.3438436190519
-629.6834514659214
-630.0223933028905
-630.3606703868472
-630.698283976823
-631.0352353339894
-631.3715257216612
-631.7071564052954
-632.04212865249
-632.376443732986
-632.7101029186658
-633.0431074835545
-633.3754587038194
-633.7071578577677
-634.0382062258516
-634.368605090664
-634.6983557369394
-635.0274594515554
-635.35591752353
-635.6837312440259
-636.0109019063452
-636.3374308059334
-636.6633192403782
-636.9885685094081
-637.313179914895
-637.6371547608522
-637.9604943534356
-638.2832000009422
-638.6052730138116
-638.9267147046261
-639.2475263881081
-639.5677114593462
-639.8872733112858
-640.206212912283
-640.5245312296045
-640.8422292309705
-641.1593078845543
-641.4757681589828
-641.7916110233351
-642.1068374471445
-642.4214484003974
-642.7354448535327
-643.0488277774433
-643.361598143475
-643.673756923427
-643.9853050895512
-644.2962436145532
-644.606573471592
-644.916295634279
-645.2254110766796
-645.533920773312
-645.8418256991482
-646.1491268296123
-646.4558251405828
-646.7619216083907
-647.0674172098203
-647.3723129221094
-647.6766097229488
-647.9803085904827
-648.283410503308
-648.5859164404756
-648.8878273814889
-649.1891443063053
-649.4898681953343
-649.7900000294397
-650.0895407899382
-650.388491458599
-650.6868530176455
-650.9846264497539
-651.2818127380538
-651.5784128661275
-651.874427818011
-652.1698585781936
-652.4647061316174
-652.7589714636778
-653.0526555602237
-653.3457594075572
-653.6382839924332
-653.9302303020602
-654.2215993240999
-654.5123920466668
-654.8026094583291
-655.0922525481081
-655.3813223054785
-655.6698197203674
-655.957745783156
-656.2451014846786
-656.5318878162224
-656.8181057695276
-657.1037563367884
-657.3888405106517
-657.6733592842174
-657.9573136510392
-658.2407046051235
-658.5235331409305
-658.8058002533728
-659.0875069378169
-659.3686541900825
-659.6492430064418
-659.929274383621
-660.2087493187993
-660.4876688096091
-660.7660338541356
-661.0438454509178
-661.321104598948
-661.5978122976708
-661.873969546985
-662.1495773472421
-662.4246366992475
-662.6991486042584
-662.9731140639865
-663.2465340805965
-663.519409656706
-663.7917417953856
-664.0635315001599
-664.3347797750063
-664.605487624355
-664.8756560530899
-665.1452860665482
-665.4143786705203
-665.682934871249
-665.9509556754315
-666.2184420902179
-666.4853951232105
-666.7518157824662
-667.0177050764944
-667.283064014258
-667.5478936051727
-667.8121948591076
-668.0759687863856
-668.3392163977818
-668.6019387045251
-668.8641367182978
-669.1258114512351
-669.3869639159253
-669.6475951254101
-669.9077060931844
-670.1672978331967
-670.4263713598478
-670.6849276879925
-670.9429678329388
-671.2004928104471
-671.4575036367322
-671.7140013284611
-671.9699869027548
-672.2254613771869
-672.4804257697842
-672.7348810990277
-672.9888283838503
-673.2422686436389
-673.4952028982334
-673.7476321679272
-673.9995574734661
-674.2509798360501
-674.501900277332
-674.7523198194177
-675.0022394848663
-675.2516602966904
-675.5005832783559
-675.749009453781
-675.9969398473384
-676.2443754838531
-676.4913173886038
-676.7377665873221
-676.9837241061929
-677.2291909718548
-677.4741682113985
-677.7186568523689
-677.962657922764
-678.2061724510348
-678.4492014660854
-678.6917459972732
-678.9338070744091
-679.1753857277566
-679.4164829880332
-679.6570998864092
-679.8972374545081
-680.1368967244065
-680.3760787286344
-680.6147845001752
-680.8530150724652
-681.0907714793938
-681.328054755304
-681.5648659349924
-681.8012060537075
-682.0370761471519
-682.2724772514814
-682.5074104033052
-682.741876639685
-682.9758769981364
-683.2094125166282
-683.4424842335815
-683.6750931878719
-683.907240418827
-684.1389269662292
-684.3701538703122
-684.6009221717644
-684.8312329117267
-685.0610871317934
-685.2904858740119
-685.5194301808831
-685.747921095361
-685.9759596608527
-686.2035469212184
-686.4306839207716
-686.6573717042794
-686.8836113169616
-687.1094038044918
-687.3347502129964
-687.5596515890544
-687.7841089796995
-688.008123432417
-688.2316959951471
-688.4548277162818
-688.6775196446667
-688.8997728296015
-689.1215883208376
-689.3429671685806
-689.5639104234893
-689.7844191366758
-690.0044943597043
