0.5
20.623674967742165
39.79677773727359
58.67620134846814
77.32351049200234
95.76053994947931
113.99816391178491
132.04331908976812
149.9007789613495
167.57423630921608
185.0668856935399
202.38150330973153
219.52051497931905
236.48620506608103
253.2806697228005
269.90593595929835
286.36396765976417
302.65666558275603
318.78586736119985
334.75334750239136
350.56082012845684
366.2100039069471
381.7025655745225
397.04013045061225
412.22430441096463
427.25667388764646
442.1388058690434
456.87224789985953
471.45852808111766
485.89915507016
500.19561808064697
514.3493868825569
528.3619118021892
542.2346237221592
555.9689340814028
569.5662348751722
583.0279014550795
596.3553300837335
609.5498739036262
622.6128594604139
635.5456012395179
648.3494016661241
661.0255511051838
673.5753278614129
685.9999981792922
698.3008162430674
710.4790241767494
722.5358520441138
734.4725178487013
746.2902275338172
757.9901749825319
769.573542017681
781.0414984018648
792.3952018374471
803.6357979665603
814.7644203710976
825.782190572719
836.6902180328509
847.4896001526811
858.1814222731651
868.7667576750225
879.2466675787375
889.6222011445615
899.8943954725053
910.0642756023502
920.1328545136422
930.1011369283283
939.9701390349795
949.7408533132854
959.4142593665091
968.9913275008353
978.4730187253701
987.8602847521416
997.1540679960985
1006.3553015751118
1015.4649093099733
1024.483805724397
1033.4128960450178
1042.253076201393
1051.0052328259997
1059.670243254239
1068.2489755244314
1076.7422883778183
1085.1510314075783
1093.4760487943893
1101.7181756982466
1109.8782380442447
1117.9570537134318
1125.9554325428107
1133.8741763253367
1141.7140788099205
1149.475925701426
1157.1604946606715
1164.7685553376532
1172.3008701102153
1179.7581937178481
1187.1412733102204
1194.4508486230843
1201.6876519782752
1209.1327705209549
1209.7100533514993
1196.4340830817266
1178.552421489334
1159.732653709153
1140.7394361534864
1121.7595754746467
1102.871832035311
1084.1149225952172
1065.5070968556427
1047.0577686801469
1028.7726168826048
1010.6554962677228
992.7084376310407
974.9316959474921
957.3251993278203
939.8885286066527
922.6208783870477
905.5213390024467
888.5888965166733
871.8224327239355
855.2207251488222
838.7824470463056
822.5061674017433
806.3904760918184
790.4340110460221
774.6353155815074
758.9929393586877
743.5054385439084
728.1713758094456
712.9893203335077
697.9578478002339
683.0755403996956
668.3409868278951
653.7527822867664
639.3095284841763
625.0098336339208
610.8523124557291
596.8355861752598
582.9582825241079
569.2190400701245
555.6165431692916
542.1494646640293
528.816482387775
515.6162879434546
502.5475867034841
489.60909780976743
476.799554173698
464.1177024761578
451.5623031675177
439.1321304676386
426.82597236586906
414.64263062104703
402.5809207615001
390.6396720850437
378.8177276589828
367.1139443201121
355.5271926747137
344.05635709855954
332.70033573691006
321.45804050451585
310.3283970856152
299.3103449339353
288.4028372726948
277.6048410945961
266.9153371618363
256.3333200060993
245.85779792855504
235.4877929998653
225.22234106018536
215.06049171914947
205.0014157963031
195.04429884827485
185.18820126014464
175.43226423613316
165.7757113194412
156.21784839224668
146.758063675707
137.39582772995846
128.1306934541144
118.96229608626899
109.89035320349294
100.91466472183676
92.03511289633009
83.25177318854931
74.56564961288487
65.97757535997246
57.489922320896795
49.10697594357879
40.834935232774036
32.68293319547213
24.66914394383865
16.83687500172292
9.291108464298162
2.530120660175722
0.01068444550304411
0.00026857941968044086
0.00026181412172787417
0.00025863733079898384
0.00025553695980172817
0.00025276244360155806
0.00025257541898584895
0.00025691145078777134
0.00026425217161302433
0.00027271780697682446
0.00028175380775033655
0.00029126030232461657
0.00030121971102158544
0.00031162548198790006
0.0003224913653009221
0.000333843199530443
0.00034568549812907177
0.00035805615536113876
0.0003709764466998504
0.000384481331880387
0.0003986006140947793
0.00041335047380026204
0.0004287863163954618
0.00044494758674970634
0.00046186607111569597
0.0004795789730169999
0.0004981447760223772
0.0005176215132078987
0.0005380456369187064
0.0005594805200794268
0.0005819922442559927
0.0006056525296655411
0.0006305149305566339
0.0006566980907445383
0.0006842351070915515
0.0007132516164563861
0.0007438483614245395
0.0007761112356312995
0.0008101665618022743
0.0008461550808018292
0.0008841915930634095
0.0009244297621711829
0.0009670424637968415
0.0010122052536842027
0.0010601072748924964
0.0011109579284576442
0.001164966079626412
0.0012224947612485876
0.0012837064529868725
0.0013489442526377119
0.0014186215307521776
0.0014929684215855053
0.0015725199763183659
0.0016577403498048984
0.0017491177605089526
0.0018472229802259774
0.0019527421721003057
0.00206635077810466
0.0021889117646396892
0.0023213170070775523
0.0024645934498792104
0.002619921932304838
0.002788655141372575
0.0029722904456641933
0.0031725836840551694
0.003391516045096371
0.0036313750554854813
0.003894863196526592
0.004184998864444224
0.004505434754347765
0.004860413541313364
0.005254831591270789
0.005694661119948813
0.006186915049077576
0.006739966878271271
0.007363987328814747
0.008071381111320351
0.008877333748351174
0.009800504971741274
0.010864174536538285
0.012097972617833795
0.01353925157562363
0.015236523868172027
0.017252794840777724
0.019672360645651324
0.02260851612226698
0.026217791824860413
0.030720530199921908
0.036435169627796166
0.04383729736758893
0.05366103497614871
0.06709223862234165
0.08615032646795771
0.11452045141533891
0.15955508134955868
0.23783573120399662
0.39382759268418477
0.7806252087057167
2.112483106009919
7.708910753279541
23.078328383190872
44.530047222058705
66.1170434786531
87.45110395929673
108.55037864503657
129.4254893245924
150.0832462193048
170.52814114156027
190.76402421274426
210.7941412380274
230.62136308225715
250.24827710359284
269.6773504122796
288.91094051065795
307.9512952931649
326.80055310007225
345.46080491186154
363.9340911707469
382.2223810117662
400.3276160023249
418.25171014219177
435.99654986350396
453.56399403076165
470.95587394083174
488.17399332294804
505.2201283387082
522.0960275820755
538.8034120793818
555.3439753870821
571.7194153686386
587.9314066773236
603.9815843422139
619.8715670329807
635.602957059889
651.1773403737961
666.5962865661561
681.8613488690137
696.9740641550075
711.9359529373701
726.7485193699272
741.4132512471002
755.9316200039005
770.3050807159359
784.5350720994059
798.6230165111044
812.5703199484186
826.3783720493301
840.0485460924148
853.5821989968357
866.9806713223588
880.2452872693377
893.3773546787207
906.3781650320497
919.2489933432413
931.9910467677194
944.6055693040653
957.0938435596879
969.4571243773624
981.6966388352292
993.8135862467933
1005.8091381609275
1017.6844383618674
1029.4406028692147
1041.078719937937
1052.5998500583653
1064.0050259561988
1075.2952525925004
1086.4715071636988
1097.534739101587
1108.4858700733237
1119.3257939814343
1130.0553769638082
1140.6754573937014
1151.1868458797321
1161.5903252658877
1171.8866506315203
1182.0765492913415
1192.160720795439
1202.1394987098593
1212.0125833413476
1221.7815704275079
1231.4473346201255
1241.009726807805
1250.4675741159688
1259.8186799068567
1269.059823779529
1278.1867615698623
1287.1942253505513
1296.0759234311095
1304.8245403578676
1313.4317369139767
1321.8881501194044
1331.3707945279943
1343.0729362122008
1354.0426302185613
1361.8693535061398
1364.8770657002854
1362.1242090926369
1353.4037086411204
1339.24297196995
1320.9038893696281
1300.382833796944
1280.0139433102113
1259.7344228665838
1239.4957448585537
1219.384504938841
1199.4348139688698
1179.6515393665875
1160.0448277284456
1140.617195727579
1121.370556614071
1102.3062202149633
1083.4248929342496
1064.726677752876
1046.2110742287443
1027.8769784967053
1009.722683268567
991.7462693726769
973.9467648126039
956.32268902825
938.872503995255
921.5946714630219
904.4876529547117
887.5499097672456
870.779902971305
854.1760934113278
837.7369417055144
821.4609082458244
805.3464531979758
789.3920365014478
773.5961178694779
757.9571567890644
742.4736125209618
727.1439478427037
711.9666857364006
696.9403535583181
682.063480142686
667.3346076313128
652.7522914735871
638.3151004264786
624.0216165545338
609.8704352298826
595.8601651322335
581.9894282488756
568.2568598746789
554.6611086120901
541.2008363711391
527.8747183694345
514.6814431321665
501.6197124921039
488.6882415895948
475.88575887256906
463.21100609653587
450.6627383245846
438.2397239273853
425.9407445831861
413.7645952778165
401.71008430468646
389.77603326478385
377.9612770666818
366.2646639265248
354.68505536804753
343.2213262225579
331.87236462894515
320.63709431170923
309.5144436542625
298.503318900876
287.6026505449848
276.811393623257
266.128527715595
255.55305694513163
245.0840099782358
234.7204400245089
224.46142483678477
214.3060667111325
204.25349248685094
194.30285354647566
184.45332581577335
174.7041097637459
165.0544304026258
155.50353728788073
146.05070451821118
136.69526663012465
127.43691611903941
118.27500308686693
109.20906412298241
100.23900032869312
91.3650773172355
82.58792521377636
73.90853865541321
65.32827679117142
56.848863282009646
48.47380771925012
40.20816710472586
32.063582543333666
24.063604010335474
16.247783590799827
8.735475034789566
2.0906916538353197
0.005789425864924992
0.00021271503268174274
0.0002173020053728353
0.00022423304282258763
0.00023144179894589258
0.00023897619493342662
0.0002468530543715127
0.00025505811950659295
0.00026360241684168865
0.0002725029113127752
0.00028175831725706015
0.0002914371032732654
0.0003015066712945404
0.00031200745223242387
0.00032294297743072273
0.00033436735242897545
0.0003462776803628369
0.0003587093597401923
0.0003716938448650447
0.0003852484631280053
0.00039941687394487213
0.0004142293584502935
0.00042973101595600923
0.00044595302477463917
0.0004629259669583144
0.00048071751761788136
0.0004993485272209525
0.0005188915952536711
0.0005393898351001941
0.000560906079008596
0.0005834978635936075
0.0006072527696447836
0.0006322209918330629
0.0006584896519750465
0.0006861381481385645
0.0007152759086470748
0.0007459828283396898
0.0007783792698170806
0.000812574204276334
0.000848701444814701
0.0008868936258411838
0.0009273055161648231
0.0009701054075469905
0.0010154603352831926
0.0010635693023821734
0.0011146462881715783
0.0011689445693536537
0.0012266980352195992
0.0012881922346321883
0.0013537544377105527
0.0014237199178534262
0.0014984780544460925
0.0015784506039215745
0.0016640957937421133
0.0017559476422814337
0.0018545966003032798
0.001960680459446497
0.002074892392761415
0.0021981723624125774
0.00233134621827573
0.0024754782210174757
0.002631772849000457
0.002801550301067863
0.0029863650303627747
0.0031879611534381125
0.0034083954282119727
0.0036499097711767455
0.003915256685262275
0.00420756247273495
0.004530429581058857
0.004888148853934557
0.005285788772700111
0.00572930445086879
0.006225838217211623
0.006783845705656445
0.0074137870342290135
0.008128054465241794
0.008942144040011884
0.00987500622686459
0.01095049831282121
0.012198525246859182
0.013657204177342602
0.015375987042477446
0.017419591270859326
0.019873716371581314
0.022854901931570488
0.026523369313885298
0.031105634540696786
0.036930429010010986
0.04448642663204704
0.05453697703445391
0.06831082654463622
0.08791758969930324
0.11723087363969274
0.16404239787268537
0.2461174168513415
0.41180779412008844
0.8315910005738576
2.315682543232627
8.501297186836569
24.63891264058058
46.201664932829665
67.7678948275744
89.08352384116412
110.16555442154532
131.02379235610545
151.6650425566732
172.0937828103493
192.31374719473848
212.32810325364179
232.13975704292778
251.75136652741222
271.16534841075025
290.384033708062
309.40962857776714
328.24425861951454
346.89000789844744
365.3489189451961
383.6229927558829
401.7141887921213
419.6244249810133
437.35557771515613
454.909481852633
472.28795279849385
489.4928093998917
506.5258100028857
523.3886927791197
540.0831775383406
556.6109657284035
572.9737404352701
589.1731663830085
605.210889933796
621.088539087914
636.8077234837516
652.3700343978055
667.7770447446763
683.030309077078
698.1313635858229
713.0817260998379
727.882896086151
742.5363546498993
757.0435645343283
771.4059701207849
785.625002135136
799.7021033805216
813.6387086266895
827.4362318432228
841.0960661692224
854.61958391331
868.0081365536325
881.263054737851
894.3856482831553
907.3772061762486
920.2389965733606
932.972266800242
945.5782433521592
958.058131893907
970.4131172597934
982.6443634536531
994.7530136488419
1006.7401901882318
1018.6069945842216
1030.3545075187249
1041.9837888431812
1053.495877578552
1064.8917919153141
1076.1725292134702
1087.33906600254
1098.392357981568
1109.3333400191202
1120.162926153278
1130.882009591651
1141.4914627113628
1151.9921370590628
1162.3848633509228
1172.6704514726284
1182.8496904793924
1192.923348595949
1202.8921732165452
1212.756890904962
1223.149520357584
1235.0434142491665
1247.8421705839435
1260.9559664852873
1273.850124195512
1286.0451110758697
1297.1165396065599
1306.6951673867175
1314.4668971344254
1320.1727766867061
1323.6089989995232
1324.626902147784
1323.1329693253354
1319.0888288449692
1312.5112541384158
1303.4721637563507
1292.0986213683886
1278.5728357630912
1263.1321608479561
1246.0690956494204
1227.7312843128768
1208.5215161026445
1188.8977254019974
1169.3663067660261
1150.0513131389027
1130.8621444894627
1111.8105022552397
1092.9066356234111
1074.1593415307789
1055.5759646637787
1037.1623974584857
1018.9230801005996
1000.8610005254613
982.977694418038
965.2732452129294
947.7462840943772
930.3939899962426
913.2120896020332
896.1955897805617
879.3458524643253
862.662500246768
846.1440009682585
829.7888316448947
813.5954784684877
797.5624368065689
781.6882112023969
765.971315374941
750.4102722189003
735.0036138046861
719.7498813784315
704.6476253619957
689.6954053529486
674.89179012459
660.2353576259322
645.7246949817094
631.3583984923816
617.1350736341199
603.0533350588245
589.1118065941085
575.3091212433089
561.6439211854823
548.1148577754044
534.7205915435748
521.4597921962086
508.33113861524106
495.3333188583316
482.46503700168256
469.72510687524
457.11229577582753
444.62535299042815
432.2630434267814
420.02414761337076
407.9074616994381
395.9117974549712
384.0359822707094
372.278859158148
360.6392867495268
349.1161392978439
337.70830667684334
326.41469438102007
315.2342235256263
304.1658308466571
293.20846870086757
282.3611050657571
271.6227235395783
260.99232334133706
250.46891931078773
240.0515419084379
229.73923721554695
219.53106693411954
209.42610838692227
199.4234545174625
189.52221389000417
179.7215272658522
170.03571307928456
160.47289944318908
151.02618931989832
141.68908880518944
132.4555071282745
123.3197566518049
114.27655287187474
105.32101441801217
96.44866305318938
87.65542367381414
78.93762430973298
70.29199612423537
61.715673414044495
53.20619360932835
44.76149727368972
36.37992810417078
28.060232931255687
19.80156171886387
11.603467564357908
3.465906698536036
-4.610761514364343
-12.625774576663419
-20.577966857246093
-28.465769591555624
-36.28721088159739
-44.039915695938284
-51.72110586970474
-59.327600104585244
-66.85581396882674
-74.3017598972429
-81.66104719120207
-88.92888201863585
-96.10006741403807
-103.18250612259382
-110.18928478899012
-117.12162484828974
-123.9807055634547
-130.76766638912753
-137.48360697162326
-144.12958714893634
-150.70662695073773
-157.2157065983721
-163.65776650486424
-170.03370727491208
-176.34438970489208
-182.59063478285796
-188.77322368853672
-194.8928977933358
-200.95035866033524
-206.94626804429504
-212.8812478916496
-218.7558922588621
-224.5709007797612
-230.32693522833546
-236.024624194847
-241.664586589975
-247.24743164481313
-252.7737589108754
-258.2441582600896
-263.659209884803
-269.01948429777974
-274.32554233219884
-279.5779351416593
-284.777204200174
-289.9238813021754
-295.01848856251286
-300.0615384164505
-305.0535336196722
-309.9949672482764
-314.88632269878036
-319.72807368811874
-324.52068425364035
-329.2646087531151
-333.96029186472583
-338.60816858707517
-343.20866423918267
-347.7621944604829
-352.26916521082984
-356.72997277049257
-361.1450037401582
-365.51463504093147
-369.8392339143323
-374.11915792229973
-378.3547549471879
-382.54636319176916
-386.69431117923267
-390.7989177531852
-394.8604920776494
-398.8793336370646
-402.85573223628876
-406.7899680005968
-410.68231137567807
-414.5330231276432
-418.3420417869714
-422.10922965251865
-425.83553698329143
-429.52149568265924
-433.1671425333401
-436.7720191973968
-440.3351722162402
-443.8551530106279
-447.33001788066235
-450.75732800579493
-454.1341494448215
-457.45705313588604
-460.72211489647924
-463.92491542343697
-467.0605402929432
-470.12357996052737
-473.1081297610665
-476.0077899087842
-478.8156654972499
-481.3801714014405
-483.4809216331874
-485.1434201641043
-486.402302376902
-487.2981767237221
-487.8776247261382
-488.1932009751547
-488.30343313120767
-488.2728219241644
-488.17184115332367
-488.0769376874153
-488.0705314646009
-488.24101549247285
-488.68275584805536
-489.4960916778037
-490.7873351976047
-492.66521912402254
-494.90086866143986
-497.2758338691675
-499.7578613905535
-502.31853478883016
-504.9332745471114
-507.581338068395
-510.24581967556156
-512.9136506113737
-515.5755990384783
-518.2262700394036
-520.864105616562
-523.4913846922486
-526.1116952945354
-528.718349777948
-531.3094273198906
-533.8841372357574
-536.4417487037462
-538.9815907648571
-541.5030523228953
-544.0055821444683
-546.4886888589882
-548.9519409586702
-551.3949667985326
-553.8174545963983
-556.2191524328923
-558.5998682514447
-560.9594698582886
-563.2978849224598
-565.6151009757991
-567.9111654129496
-570.1861854913585
-572.4403283312778
-574.67382091576
-576.8868813082613
-579.0795278828348
-581.251871011403
-583.4040332644792
-585.5361385513561
-587.648312120108
-589.7406805575881
-591.813371789431
-593.8665150800517
-595.9002410326444
-597.9146815891851
-599.9099700304286
-601.886240975911
-603.8436303839492
-605.7822755516388
-607.7023151148575
-609.6038890482617
-611.4871386652895
-613.352206618159
-615.1992368978676
-617.0283748341947
-618.8397670956982
-620.6335616897179
-622.4099079623735
-624.1689565985641
-625.9108596219706
-627.6357703950529
-629.3438436190519
-631.0352353339894
-632.7101029186658
-634.368605090664
-636.0109019063452
-637.6371547608522
-639.2475263881081
-640.8422292309705
-642.4214484003974
-643.9853050895512
-645.533920773312
-647.0674172098203
-648.5859164404756
-650.0895407899382
-651.5784128661275
-653.0526555602237
-654.5123920466668
-655.957745783156
-657.3888405106517
-658.8058002533728
-660.2087493187993
-661.5978122976708
-662.9731140639865
-664.3347797750063
-665.682934871249
-667.0177050764944
-668.3392163977818
-669.6475951254101
-670.9429678329388
-672.2254613771869
-673.4952028982334
-674.7523198194177
-675.9969398473384
-677.2291909718548
-678.4492014660854
-679.6570998864092
-680.8530150724652
-682.0370761471519
-683.2094125166282
-684.3701538703122
-685.5194301808831
-686.6573717042794
-687.7841089796995
-688.8997728296015
-690.0044943597043
