0.5
10.851106148447796
20.623674967742165
30.254822170010662
39.79677773727359
49.2676863759115
58.67620134846814
68.02709679519619
77.32351049200234
86.5675025716357
95.76053994947931
104.90377434028952
113.99816391178491
123.04447328464583
132.04331908976812
140.99526534340743
149.9007789613495
158.76029848531223
167.57423630921608
176.34297867918363
185.0668856935399
193.7462913028129
202.38150330973153
210.97280969818812
219.52051497931905
228.02489235541418
236.48620506608103
244.90471240557528
253.2806697228005
261.6143284213082
269.90593595929835
278.15573584961845
286.36396765976417
294.5308670118792
302.65666558275603
310.74159110383357
318.78586736119985
326.7897141955918
334.75334750239136
342.6769792316329
350.56082012845684
358.4050921235494
366.2100039069471
373.97576046642354
381.7025655745225
389.3906217885575
397.04013045061225
404.65129168754015
412.22430441096463
419.75936631727905
427.25667388764646
434.7164223880002
442.1388058690434
449.5240171662487
456.87224789985953
464.18368847488784
471.45852808111766
478.6969546931007
485.89915507016
493.06531475638786
500.19561808064697
507.29024815656925
514.3493868825569
521.3732149417833
528.3619118021892
535.3156557164873
542.2346237221592
549.1189916414562
555.9689340814028
562.7846244337874
569.5662348751722
576.3139363668907
583.0279014550795
589.708309750708
596.3553300837335
602.9691294030098
609.5498739036262
616.0977290269076
622.6128594604139
629.0954291379405
635.5456012395179
641.963538191412
648.3494016661241
654.7033525823908
661.0255511051838
667.3161566457104
673.5753278614129
679.8032226559689
685.9999981792922
692.1658108275304
698.3008162430674
704.4051693145223
710.4790241767494
716.5225342108384
722.5358520441138
728.5191295501363
734.4725178487013
740.3961673058394
746.2902275338172
752.1548473911358
757.9901749825319
763.796357658978
769.573542017681
775.3218739020842
781.0414984018648
786.7325598529362
792.3952018374471
798.0295671837824
803.6357979665603
809.2140355066347
814.7644203710976
820.2870923732721
825.782190572719
831.2498532752354
836.6902180328509
842.1034216438318
847.4896001526811
852.8488888501349
858.1814222731651
863.4873342049798
868.7667576750225
874.0198249589707
879.2466675787375
884.4474163024734
889.6222011445615
894.7711513656196
899.8943954725053
904.9920612183091
910.0642756023502
915.1111648701965
920.1328545136422
925.129469270716
930.1011362380791
935.0479830178156
939.9701338811967
944.8677124787996
949.7408418408768
954.5896443773561
959.4142418778406
964.2147555116088
968.9913058276147
973.7440127544878
978.4729956005324
983.1783730537289
987.8602631817322
992.5187834318734
997.1540506311585
1001.7661809862688
1006.3552900835615
1010.9214928890693
1015.4599446497106
1019.0984558637986
1021.2776634212597
1022.1128419496497
1021.7148316470577
1020.1900382821063
1017.6404331939513
1014.1635532922817
1009.85250105732
1004.795944539822
999.0781173610768
992.7788187129066
985.9734133576674
978.7328316282479
971.1235694280714
963.2076882310921
955.0428150817994
946.6821425952164
938.1744289568984
929.5639979229337
920.8907388199452
912.1901065450885
903.4931215660522
894.8263699210578
886.2120032188628
877.667738638754
869.2068589305547
860.8382124146202
852.5662129818386
844.3908400936341
836.3076387819588
828.3077196493048
820.3777588686905
812.4999981836752
804.6522449083453
796.8078719273238
788.9358176957649
781.0415974751902
773.1837552647977
765.3636999083625
757.5813851389037
749.8367535210942
742.1297364512602
734.4602541573796
726.828215699085
719.2335189676605
711.6760506860447
704.1556864088283
696.6722905222547
689.2257162442229
681.8158056242797
674.4423911813141
667.1054001804308
659.8046680314113
652.5400306230057
645.3113243229302
638.1183859778695
630.9610529134756
623.8391629343668
616.7525543241305
609.70106584532
602.6845367394571
595.7028067270307
588.7557160074967
581.843105259279
574.9648156397684
568.1206887853233
561.3105668112705
554.5342923119023
547.7917083604799
541.0826585092314
534.4069867893519
527.7645377110052
521.1551562633216
514.5786879143983
508.0349786113012
501.52387478006244
495.0452233256827
488.5988716321294
482.184667562337
475.80245945820803
469.4520961406125
463.13342690938805
456.8463015433379
450.5905703002351
444.36608391681875
438.17269360879584
432.01025107084166
425.87860847659607
419.77761847866896
413.7071342086369
407.66700927704375
401.65709777340226
395.6772542661892
389.7273338028502
383.8071919098024
377.9166845924238
372.05566833506333
366.224000101038
360.4215373326317
354.6481379510906
348.9036603566393
343.1879634284598
337.500906524705
331.84235509575234
326.21218510451115
320.61025982762567
315.03644310001243
309.4906001404302
303.972597551481
298.48230331960883
293.01958681510087
287.5843187920868
282.1763713885386
276.7956181262715
271.4419339109425
266.11519503205216
260.81527916294317
255.54206536080088
250.29543406665343
245.07526710537135
239.8814476856678
234.71386040009952
229.5723912250642
224.45692752080362
219.36735803140132
214.3035728847837
209.26546359272038
204.25292305082246
199.26584553854542
194.30412671918458
189.3676636398808
184.4563547316162
179.57009980921663
174.70880007134727
169.8723581005208
165.06067786308725
160.27366470924633
155.51122537303254
150.77326797232757
146.05972872948632
141.3705790743951
136.70572392509476
132.06507884814616
127.44857409468682
122.85615460042987
118.28777998566503
113.74342455525837
109.22307729865145
104.72674188986274
100.25443668748615
95.80619473469224
91.38206375922823
86.9821061734163
82.60639907415576
78.25503424292137
73.92811814576535
69.6257719333138
65.34830315578901
61.09603655758405
56.86924016019126
52.66842020623639
48.494321818537586
44.347929000105175
40.23046463414216
36.14339048404386
32.08846933177189
28.06875875897131
24.087089776718706
20.150184542675877
16.26991663675098
12.463311061099574
8.767798426343393
5.214782906380882
2.108030830212726
0.2522138973521549
0.006283824854246846
0.0005159815089350701
0.0004169393697265689
0.0004225914186154345
0.0004304103398818614
0.0004385298167669387
0.0004468893114519499
0.0004554676666893697
0.0004642546624819308
0.0004732281597992322
0.0004823740114374535
0.000491689840469452
0.00050117556382662
0.0005108297354471287
0.0005206416703931472
0.0005306454197712646
0.0005408433025191512
0.0005512642893493846
0.0005619535058831089
0.0005729429784569307
0.000584251250253621
0.0005959022887329149
0.0006079061493643202
0.0006202177581074144
0.0006328520190101073
0.0006458018837958017
0.0006590976425022471
0.0006727396981393286
0.0006867307029668963
0.0007011003429397535
0.0007158588496348036
0.0007309953357470908
0.0007465608081443347
0.0007625185702763149
0.0007789406085051717
0.0007958046579494477
0.0008131326124382679
0.0008309420774187145
0.0008492450579694839
0.0008680766521231524
0.0008874439663906563
0.0009073497698272057
0.0009278423052147401
0.0009489311465439597
0.0009706358549166527
0.0009929819092658126
0.0010159837810200302
0.0010396883305141956
0.001064116396617229
0.001089256983063982
0.0011151750056686306
0.001141911833454008
0.0011694738809764605
0.0011979095423380506
0.001227232768470832
0.001257495186944646
0.0012887254965255495
0.0013209798708053377
0.0013542904646455473
0.001388705657220298
0.0014242644217943184
0.0014610073846039885
0.0014990213350360361
0.001538316924270375
0.0015789977638526824
0.0016210720119075894
0.0016646475619851127
0.0017097723813910004
0.0017565017978144837
0.001804937006582981
0.0018551489946107248
0.0019072160361018411
0.001961231820290602
0.0020172919404439415
0.0020754858234255384
0.0021359487926242574
0.0021987493221831238
0.002264026308274928
0.0023319214874833486
0.0024025353107505983
0.002476037180666809
0.002552598451188229
0.0026323210038077765
0.0027154440187833707
0.002802128374399742
0.0028925386632330176
0.0029869530486411984
0.0030854949375919254
0.003188525565112039
0.0032962473817276733
0.0034089226041799643
0.0035269183794158633
0.0036504574487130465
0.003779991857568558
0.003915810958546631
0.004058357734481376
0.00420807777415585
0.004365435080643384
0.004530957370896032
0.0047051375332876995
0.004888649489148332
0.005082110719061769
0.005286254785292082
0.005501828659367952
0.005729724360608654
0.005970828160515336
0.00622614011789103
0.006496841152088508
0.00678411720599361
0.007089324578257632
0.007413944603201251
0.007759592656634221
0.008128103332721725
0.008521527036728226
0.008942037691050201
0.009392158107022684
0.009874687927801032
0.010392775064482333
0.010949950193073538
0.011549996210124916
0.012197583136117712
0.012897672244707446
0.013655974496827462
0.014478975751509804
0.015374273308165409
0.016350439510340313
0.01741712246907489
0.018586125364875517
0.01987042776121278
0.02128582467777345
0.022850435478361412
0.024585555440018603
0.026517153555992035
0.028675307275451485
0.031097159782137267
0.03382644972867389
0.03691773983939547
0.04043786669096056
0.044469373334915886
0.04911616953458559
0.05451117351684449
0.06082292059398019
0.06827311834770933
0.07715405992213092
0.08786088950187128
0.10093581519697875
0.11714074693723925
0.13757933883398143
0.16388168505939443
0.19858989223420723
0.24578679160711556
0.3124242644144681
0.4110847428387918
0.5662132010754034
0.8294403381976521
1.318037704270039
2.307826066641334
4.3901224333912285
8.473270483325994
15.262879695114965
24.59609502340759
35.26962121611622
46.14258365974873
56.95959416816625
67.70993781740871
78.39751750155196
89.02500758466938
99.59407743430279
110.10613629015532
120.56235144515193
130.96364824544173
141.31071009039823
151.60406386989538
161.8442978513405
172.0318777042428
182.1672417610222
192.25080703226067
202.28296920670144
212.26410265125153
222.19456041097806
232.0746742091103
241.9047544470397
251.68510311113218
261.416037259579
271.0978418566162
280.7307966012692
290.31517797142783
299.8512592238451
309.33931039414017
318.7795982967943
328.172386525153
337.51793545142664
346.8165022266878
356.0683407808767
365.27370182279446
374.43283284010704
383.5459780993444
392.6133786459005
401.6352723040348
410.61189367686876
419.54347414638914
428.4302431777167
437.27244029891347
446.07029558596105
454.82403455184186
463.5338813744926
472.2000588968036
480.8227886266183
489.40229073673595
497.9387840649073
506.43248611383746
514.8836130511856
523.2923797095638
531.6589995865393
539.9836848446317
548.2666463113154
556.5080934790169
564.7082345051176
572.867276211953
580.9854240868112
589.0628822819355
597.0998536145205
605.0965395667165
613.053140285627
620.9698545833098
628.846879936776
636.6844124879883
644.4826470438665
652.241777076282
659.9619947220614
667.6434907829845
675.2864547257819
682.891074682143
690.4575374487059
697.9860284870686
705.4767319237782
712.9298305503331
720.345505734087
727.7239243548546
735.065261744964
742.3697032443629
749.6374318524825
756.8686282282374
764.0634706900277
771.2221352157353
778.3447954427268
785.4316226678525
792.4827858474458
799.4984515973257
806.4787841927932
813.4239455686337
820.3340953191164
827.2093906979937
834.0499866185038
840.8560356533662
847.6276880347854
854.3650916544498
861.0683920635305
867.7377324726846
874.3732537520506
880.975094431252
887.543390699396
894.0782764050725
900.5798830563576
907.0483398208091
913.4837735254697
919.8863086568645
926.2560673610035
932.5931694433802
938.8977323689741
945.1698712622429
951.4096989071347
957.6173257470743
963.7928598849783
969.9364070832424
976.0478395981272
982.1271894280746
988.174755450124
994.1907767814102
1000.17543277916
1006.1288430406952
1012.0510674034308
1017.9421059448757
1023.801898982634
1029.630327074402
1035.4272110179706
1041.192311851225
1046.9253308521425
1052.6259095387973
1058.293629669355
1063.9280132420754
1069.5285224953134
1075.094559907516
1080.6254681972268
1086.1205303230804
1091.578969483806
1096.9999491182286
1102.3825729052642
1107.7258847639248
1113.0288688533162
1118.2904495726352
1123.5094915611776
1128.6847996983288
1134.149888197667
1140.5329462004538
1147.4339013409913
1154.4470514918057
1161.2116182568336
1167.4117469714236
1172.7765067023322
1177.0798902477272
1180.1408141371876
1181.8231186317007
1182.0355677236662
1180.7318491368926
1177.9105743265995
1173.615278479416
1167.934420513383
1161.0013830779496
1152.9944725539779
1144.136919053738
1134.6968764209098
1124.9874222305868
1115.3665577892682
1106.0729067039977
1096.8012336237541
1087.5275228771966
1078.2613656977421
1069.0111924190287
1059.7842724749269
1050.5867143995295
1041.4234658271562
1032.2983134923577
1023.213883229905
1014.1716399748029
1005.1718877622777
996.213769727782
987.2952703525293
978.4167576579164
969.5802006194095
960.7855645903305
952.0328078497305
943.3218816023947
934.6527299788326
926.0252900352891
917.4394917537347
908.8952580418701
900.3925047331289
891.9311405866704
883.511067287388
875.1321794459013
866.7943645985604
858.4975032074476
850.2414686603717
842.0261272708746
833.8513382782256
825.7169538474229
817.6228190691995
809.5687719600113
801.5546434620509
793.5802574432355
785.6454306972139
777.7499729433649
769.893686826798
762.0763679183508
754.2978047145922
746.5577904499994
738.8561887067647
731.192828527691
723.5675294774915
715.980111774394
708.4303962901447
700.9182045500107
693.4433587327734
686.005681670736
678.6049968497165
671.2411284090517
663.9139011415988
656.6231404937295
649.3686725653371
642.1503241098302
634.9679225341357
627.8212958987012
620.7102729174886
613.6346829579819
606.5943560411795
599.5891228415985
592.6188146872772
585.6832635597674
578.7823020941428
571.9157635789937
565.0834819564269
558.2852918220702
551.5210284250661
544.7905276680793
538.0936261072894
531.4301609523942
524.7999700666113
518.2028919666734
511.63876582283604
505.1074314588688
498.6087293520591
492.1425006332157
485.708587086663
479.3068311502428
472.93707591531813
466.59916512676637
460.292943182988
454.0182551358923
447.77494669091806
441.56286420701394
435.38185469665024
429.23176582581283
423.11244591400884
417.02374393426265
410.96551391550884
404.93760960001737
398.9398790707257
392.9721717274453
387.0343383079106
381.1262308877728
375.24770288060273
369.3986090378931
363.5788054490528
357.7881495414136
352.026500080224
346.29371716865234
340.5896622477887
334.9141980966394
329.26718883213334
323.6484999091169
318.05799812035525
312.4955515965362
306.9610298062633
301.45430355606294
295.9752449903788
290.52372759157373
285.09962617993233
279.70281691365614
274.33317728886834
268.9905861396108
263.67492363784265
258.386071293447
253.12391195422194
247.888329805889
242.67921037208606
237.496440514371
232.33990843222335
227.20950366303958
222.10511708213727
217.0266409027523
211.97396867604044
206.94699529107803
201.94561697485864
196.96973129229804
192.01923714622973
187.094034777405
182.19402576449974
177.3191130241047
172.4692008107312
167.64419471680998
162.84400167269325
158.06852994665212
153.31768914487293
148.59139021146706
143.88954542846227
139.21206841580707
134.5588741313693
129.92987887093471
125.32500026821131
120.74415729482587
116.18727026032026
111.65426081216178
107.14505193573538
102.65956795434256
98.20594811880757
93.7909030088728
89.41226645890158
85.06795628515597
80.75597428580178
76.47440624090433
72.22142191243007
67.99527504424867
63.79430336212867
59.61692857374224
55.461656368661025
51.32707641835794
47.211862376209
43.11477187748921
39.03464653937695
34.97041196095035
30.921077723188844
26.88573738897462
22.863568503089073
18.853832592217284
14.855875164943322
10.869125711753375
6.893097705035844
2.927388599078571
-1.0283201699272546
-4.974263183890679
-8.91059104281955
-12.837370364818618
-16.75458378609423
-20.662129960948356
-24.559823561784018
-28.447395279102235
-32.32449182150195
-36.19067591568236
-40.04542630643997
-43.88813775667049
-47.718121047369415
-51.53460297762849
-55.33672636464157
-59.123550043697165
-62.894048868186225
-66.64711370959665
-70.38155145751536
-74.09608501962718
-77.78935332171748
-81.45991130766691
-85.10622993946203
-88.72669619717777
-92.31969027129196
-95.88973645505963
-99.44043133170453
-102.97194702307334
-106.48445223257764
-109.97811224519745
-113.45308892747728
-116.90954072752943
-120.34762267503278
-123.76748638123104
-127.16928003893631
-130.5531484225252
-133.91923288794226
-137.26767137269826
-140.59859839586917
-143.91214505809918
-147.20843904159702
-150.48760461013958
-153.7497626090692
-156.99503046529455
-160.2235221872918
-163.4353483651014
-166.63061617033247
-169.80942935616034
-172.9718882573247
-176.11808979013395
-179.24812745246126
-182.362091323748
-185.4600680650002
-188.542140918792
-191.60838970926187
-194.65889084211582
-197.6937271830656
-200.71311252786796
-203.71717663293634
-206.70600434420209
-209.67967876783229
-212.6382812702326
-215.5818914780461
-218.51058727815206
-221.4244448176687
-224.32353850395
-227.2079410045886
-230.0777232474145
-232.93295442049381
-235.77370197213168
-238.6000316108691
-241.41200730548553
-244.20969128499786
-246.99314403865918
-249.76242431596162
-252.517589126633
-255.25869374063953
-257.9857916881854
-260.6989347597103
-263.39817300589334
-266.0835547376494
-268.7551265261315
-271.41293320273064
-274.05701785907365
-276.6874218470263
-279.30418477869057
-281.90734452640646
-284.4969372227518
-287.07299726054015
-289.63555729282456
-292.1846482328933
-294.72029925427404
-297.2425377907311
-299.75138953626504
-302.2468784451158
-304.7290267317589
-307.19785487090826
-309.6533815975155
-312.0956239067683
-314.5245970540933
-316.9403145551528
-319.3427881858478
-321.7320279823167
-324.10804224093437
-326.4708375183138
-328.82041863130473
-331.15678865699533
-333.4799489327099
-335.78989905601145
-338.08663688469915
-340.37015853680987
-342.6404583906181
-344.89752908463623
-347.14136151761284
-349.37194484853507
-351.58926649662607
-353.7933121413479
-355.9840657223994
-358.16150943971604
-360.32562375347237
-362.47638738407807
-364.6137773121816
-366.7377687786693
-368.84833528466373
-370.94544859152535
-373.0290787208528
-375.09919395447884
-377.1557608344785
-379.1987441631609
-381.2281070030745
-383.2438106770018
-385.24581476796595
-387.23375690006793
-389.20500626720127
-391.15880491512064
-393.0946764393245
-395.01185430653845
-396.90928185471466
-398.78561229303085
-400.6392087018922
-402.4681440329292
-404.2702011089999
-406.0428726241883
-407.7833611438044
-409.48857910438545
-411.15532256659344
-412.78700544987475
-414.38761214753964
-415.9499853338174
-417.4554009464477
-418.87356818667934
-420.16262951927126
-421.26916067249203
-422.1281706381195
-422.66310167144167
-422.785829291256
-422.3966622798697
-421.337729552743
-419.0993560535357
-414.30821011607594
-402.9708835643211
-371.8110816545487
-102.18040672537562
5.414162889867726e14
