0.5
132.04331908976812
253.2806697228005
366.2100039069471
471.45852808111766
569.5662348751722
661.0255511051838
746.2902275338172
825.782190572719
899.8943954725053
968.9913275008353
1033.4128960450178
1093.4760487943893
1149.475925701426
1201.6876519782752
1121.7595754746467
992.7084376310407
871.8224327239355
758.9929393586877
653.7527822867664
555.6165431692916
464.1177024761578
378.8177276589828
299.3103449339353
225.22234106018536
156.21784839224668
92.03511289633009
32.68293319547213
0.00026181412172787417
0.00027271780697682446
0.00034568549812907177
0.00044494758674970634
0.0005819922442559927
0.0007761112356312995
0.0010601072748924964
0.0014929684215855053
0.0021889117646396892
0.003391516045096371
0.005694661119948813
0.010864174536538285
0.026217791824860413
0.11452045141533891
23.078328383190872
170.52814114156027
307.9512952931649
435.99654986350396
555.3439753870821
666.5962865661561
770.3050807159359
866.9806713223588
957.0938435596879
1041.078719937937
1119.3257939814343
1192.160720795439
1259.8186799068567
1321.8881501194044
1353.4037086411204
1219.384504938841
1083.4248929342496
956.32268902825
837.7369417055144
727.1439478427037
624.0216165545338
527.8747183694345
438.2397239273853
354.68505536804753
276.811393623257
204.25349248685094
136.69526663012465
73.90853865541321
16.247783590799827
0.00023144179894589258
0.0002914371032732654
0.0003716938448650447
0.00048071751761788136
0.0006322209918330629
0.000848701444814701
0.0011689445693536537
0.0016640957937421133
0.0024754782210174757
0.003915256685262275
0.006783845705656445
0.013657204177342602
0.036930429010010986
0.2461174168513415
67.7678948275744
212.32810325364179
346.89000789844744
472.28795279849385
589.1731663830085
698.1313635858229
799.7021033805216
894.3856482831553
982.6443634536531
1064.8917919153141
1141.4914627113628
1212.756890904962
1297.1165396065599
1319.0888288449692
1227.7312843128768
1092.9066356234111
965.2732452129294
846.1440009682585
735.0036138046861
631.3583984923816
534.7205915435748
444.62535299042815
360.6392867495268
282.3611050657571
209.42610838692227
141.68908880518944
78.93762430973298
19.80156171886387
-36.28721088159739
-88.92888201863585
-137.48360697162326
-182.59063478285796
-224.5709007797612
-263.659209884803
-300.0615384164505
-333.96029186472583
-365.51463504093147
-394.8604920776494
-422.10922965251865
-447.33001788066235
-470.12357996052737
-486.402302376902
-488.0769376874153
-494.90086866143986
-512.9136506113737
-531.3094273198906
-548.9519409586702
-565.6151009757991
-581.251871011403
-595.9002410326444
-609.6038890482617
-622.4099079623735
-634.368605090664
-645.533920773312
-655.957745783156
-665.682934871249
-674.7523198194177
-683.2094125166282
-690.0044943597043
