0.5
149.9007789613495
286.36396765976417
412.22430441096463
528.3619118021892
635.5456012395179
734.4725178487013
825.782190572719
910.0642756023502
987.8602847521416
1059.670243254239
1125.9554325428107
1187.1412733102204
1140.7394361534864
992.7084376310407
855.2207251488222
728.1713758094456
610.8523124557291
502.5475867034841
402.5809207615001
310.3283970856152
225.22234106018536
146.758063675707
74.56564961288487
9.291108464298162
0.00025257541898584895
0.0003224913653009221
0.0004287863163954618
0.0005819922442559927
0.0008101665618022743
0.001164966079626412
0.0017491177605089526
0.002788655141372575
0.004860413541313364
0.009800504971741274
0.026217791824860413
0.15955508134955868
66.1170434786531
230.62136308225715
382.2223810117662
522.0960275820755
651.1773403737961
770.3050807159359
880.2452872693377
981.6966388352292
1075.2952525925004
1161.5903252658877
1241.009726807805
1313.4317369139767
1353.4037086411204
1199.4348139688698
1046.2110742287443
904.4876529547117
773.5961178694779
652.7522914735871
541.2008363711391
438.2397239273853
343.2213262225579
255.55305694513163
174.7041097637459
100.23900032869312
32.063582543333666
0.00022423304282258763
0.0002914371032732654
0.0003852484631280053
0.0005188915952536711
0.0007152759086470748
0.0010154603352831926
0.0014984780544460925
0.00233134621827573
0.003915256685262275
0.0074137870342290135
0.017419591270859326
0.06831082654463622
8.501297186836569
172.0937828103493
328.24425861951454
472.28795279849385
605.210889933796
727.882896086151
841.0960661692224
945.5782433521592
1041.9837888431812
1130.882009591651
1212.756890904962
1306.6951673867175
1303.4721637563507
1169.3663067660261
1018.9230801005996
879.3458524643253
750.4102722189003
631.3583984923816
521.4597921962086
420.02414761337076
326.41469438102007
240.0515419084379
160.47289944318908
87.65542367381414
19.80156171886387
-44.039915695938284
-103.18250612259382
-157.2157065983721
-206.94626804429504
-252.7737589108754
-295.01848856251286
-333.96029186472583
-369.8392339143323
-402.85573223628876
-433.1671425333401
-460.72211489647924
-483.4809216331874
-488.17184115332367
-494.90086866143986
-515.5755990384783
-536.4417487037462
-556.2191524328923
-574.67382091576
-591.813371789431
-607.7023151148575
-622.4099079623735
-636.0109019063452
-648.5859164404756
-660.2087493187993
-670.9429678329388
-680.8530150724652
-690.0044943597043
