0.5
10.851106148447796
20.623674967742165
30.254822170010662
39.79677773727359
49.2676863759115
58.67620134846814
68.02709679519619
77.32351049200234
86.5675025716357
95.76053994947931
104.90377434028952
113.99816391178491
123.04447328464583
132.04331908976812
140.99526534340743
149.9007789613495
158.76029848531223
167.57423630921608
176.34297867918363
185.0668856935399
193.7462913028129
202.38150330973153
210.97280969818812
219.52051497931905
228.02489235541418
236.48620506608103
244.90471240557528
253.2806697228005
261.6143284213082
269.90593595929835
278.15573584961845
286.36396765976417
294.5308670118792
302.65666558275603
310.74159110383357
318.78586736119985
326.7897141955918
334.75334750239136
342.6769792316329
350.56082012845684
358.4050921235494
366.2100039069471
373.97576046642354
381.7025655745225
389.3906217885575
397.04013045061225
404.65129168754015
412.22430441096463
419.75936631727905
427.25667388764646
434.7164223880002
442.1388058690434
449.5240171662487
456.87224789985953
464.18368847488784
471.45852808111766
478.6969546931007
485.89915507016
493.06531475638786
500.19561808064697
507.29024815656925
514.3493868825569
521.3732149417833
528.3619118021892
535.3156557164873
542.2346237221592
549.1189916414562
555.9689340814028
562.7846244337874
569.5662348751722
576.3139363668907
583.0279014550795
589.708309750708
596.3553300837335
602.9691294030098
609.5498739036262
616.0977290269076
622.6128594604139
629.0954291379405
635.5456012395179
641.963538191412
648.3494016661241
654.7033525823908
661.0255511051838
667.3161566457104
673.5753278614129
679.8032226559689
685.9999981792922
692.1658108275304
698.3008162430674
704.4051693145223
710.4790241767494
716.5225342108384
722.5358520441138
728.5191295501363
734.4725178487013
740.3961673058394
746.2902275338172
752.1548473911358
757.9901749825319
763.796357658978
769.573542017681
775.3218739020842
781.0414984018648
786.7325598529362
792.3952018374471
798.0295671837824
803.6357979665603
809.2140355066347
814.7644203710976
820.2870923732721
825.782190572719
831.2498532752354
836.6902180328509
842.1034216438318
847.4896001526811
852.8488888501349
858.1814222731651
863.4873342049798
868.7667576750225
874.0198249589707
879.2466675787375
884.4474163024734
889.6222011445615
894.7711513656196
899.8943954725053
904.9920612183091
910.0642756023502
915.1111648701965
920.1328545136422
925.129469270716
930.1011403582561
935.0479987395299
939.9701673176066
944.8677684653086
949.7409240261449
954.589755314311
959.4143831146895
964.2149276828493
968.991508745046
973.7442454982222
978.4732566100068
983.1786602187159
987.8605739333515
992.5191148336029
997.1543994698458
1001.7665438631428
1006.3556635052431
1010.9218733585824
1015.4652878562831
1019.9860209021546
1024.4841858706927
1028.9598956070802
1033.4132624271858
1037.8443981175656
1042.2534139354627
1046.6404206088055
1051.0055283362108
1055.3488467869809
1059.6704851011045
1063.9705518892586
1068.2491552328054
1072.5064026837942
1076.7424012649608
1080.9572574697288
1085.1510772622066
1089.3239660771906
1093.4760288201642
1097.6073698672956
1101.7180930654415
1105.8083017321455
1109.8780986556362
1113.9275860948294
1117.9568657793284
1121.9660389094227
1125.955206156089
1129.9244676609894
1133.8739230364736
1137.8036713655786
1141.713811202026
1145.604440570226
1149.4756569652748
1153.327557352956
1157.1602381697394
1160.973795322779
1164.7683241899201
1168.5439196196924
1172.3006759313107
1176.0386869146782
1179.758045830386
1183.4588454097106
1187.141177854614
1190.8051348377453
1194.4508075024414
1198.0782864627263
1201.6876618033102
1205.2790230795881
1208.852459317645
1212.408059014248
1215.9459101368561
1219.4660985112996
1222.9687228478222
1226.4538703063427
1229.9216276615316
1233.3720813028128
1236.8053172343614
1240.221421075105
1243.6204780587236
1247.0025730336492
1250.3677904630667
1253.7162144249123
1257.047928611875
1260.3630163313962
1263.6615605056688
1266.943643671639
1270.2093479810044
1273.458755200215
1276.6919467104733
1279.909003507734
1283.110006202704
1286.2950350208423
1289.4641698023604
1292.6174900022218
1295.7550746901422
1298.8770025505899
1301.9833518827852
1305.0742006007004
1308.1496262330609
1311.209705923343
1314.2545164297771
1317.2841341253436
1320.298634997777
1323.2980946495636
1326.282588297941
1329.2521907748999
1332.2069765271833
1335.1470196162863
1338.0723937184557
1340.9831721246917
1343.8794277407462
1346.761233087122
1349.6286602990767
1352.4817811266173
1355.320666934506
1358.1453887022556
1360.9560170241307
1363.7526221091493
1366.5352737810808
1369.3040414784475
1372.0589942545225
1374.8002007773346
1377.5277293296597
1380.241647809032
1382.9420237277316
1385.6289242127948
1388.3024162812785
1390.9625683539564
1393.6094472744624
1396.2431192383021
1398.8636501266276
1401.4711055062362
1404.065550629571
1406.6470504347212
1409.215669545422
1411.7714722710546
1414.3145226066451
1416.8448842328662
1419.3626205160363
1421.86779450812
1424.3604689467268
1426.8407062551132
1429.3085685421804
1431.7641176024767
1434.2074149161954
1436.6385216491753
1439.057498652902
1441.4644064645067
1443.859305306766
1446.2422550881026
1448.6133154025856
1450.9725455299285
1453.3200044354921
1455.6557507702826
1457.7759891650335
1459.2503939773524
1460.085866723781
1460.3044470431257
1459.927864360229
1458.9775378859688
1457.4745766172591
1455.439779337049
1452.8936346143234
1449.856320804103
1446.3477060474438
1442.3873482714384
1437.9944951892135
1433.1880842999328
1427.9867428887949
1422.4087880270347
1416.4722265719215
1410.194755166762
1403.593760240897
1396.6863180097039
1389.4891944745955
1382.0188454230195
1374.29141642846
1366.322742850438
1358.1283498345076
1349.7234523122593
1341.122955001321
1332.3414524053535
1323.3932288140568
1314.2922583031616
1305.052204734439
1295.6864217556933
1286.2079528007662
1276.6295310895316
1266.9635796279013
1257.2222112078264
1247.4172284072845
1237.5601235902993
1227.6620789069204
1217.7339662932436
1207.7863474713893
1197.8294739495207
1187.873287021835
1177.9274177685647
1168.001187055977
1158.1036055363797
1148.2433736481044
1138.428881615533
1128.6682094490752
1118.9691269451755
1109.3390936863198
1099.7852590410212
1090.3138896632806
1080.9030899284892
1071.5386811383937
1062.220460152658
1052.9482240062043
1043.7217699092107
1034.5408952471116
1025.405397580599
1016.315074645619
1007.2697243533765
998.2691447903319
989.3131342182023
980.4014910739622
971.5340139698401
962.7105016933237
953.9307532071555
945.1945676493352
936.5017443331199
927.8520827470206
919.2453825548073
910.681443595506
902.160065883398
893.6810496080227
885.2441951341743
876.8493030019049
868.4961739265225
860.1846087985923
851.9144086839352
843.685374823628
835.4973086340065
827.3500117066582
819.2432858084333
811.1769328814354
803.1507550430229
795.1645545858134
787.2181339776799
779.3112958617519
771.4438430564168
763.6155785724667
755.8263123403858
748.0758580185118
740.3640266085785
732.6906299123664
725.0554805317015
717.4583918684572
709.899178124553
702.3776543019553
694.8936362026767
687.4469404287751
680.0373843823562
672.6647862655717
665.3289650806203
658.0297406297467
650.7669335152409
643.540365139441
636.3498577047311
629.1952342135417
622.0763184683493
614.9929350716764
607.9449094260941
600.9320677342173
593.9542369987107
587.0112450222811
580.1029204076842
573.2290925577213
566.3895936165961
559.5842563288046
552.8129118557338
546.075392275811
539.3715305845064
532.7011606943312
526.0641174348381
519.4602365526216
512.8893547113167
506.3513094916009
499.845939391193
493.3730838248531
486.9325831243834
480.52427853862645
474.1480122334671
467.8036272918317
461.4909677136878
455.20987841604546
448.96020523295397
442.7417949155066
436.5544951318365
430.3981544671194
424.2726224235722
418.17774942045224
412.11338679406
406.0793867977363
400.0756026018644
394.1018882938682
388.15809887821376
382.2440902764076
376.3597193269989
370.5048437855782
364.6793223247774
358.8830145342692
353.1157809207682
347.3774829080316
341.667982836856
335.987143965082
330.3348304675895
324.7109074363008
319.11524088017995
313.54769772523167
308.00814581450476
302.4964539080843
297.01249168310187
291.5561297337297
286.1272395711792
280.72569362370473
275.3513652366027
270.00412867221013
264.6838591099048
259.3904326461102
254.1237262942842
248.88361798493358
243.66998656559957
238.48271180087139
233.32167437237624
228.18675587878195
223.07783883580151
217.99480667618647
212.93754374973022
207.90593532326866
202.89986758067917
197.91922762287805
192.9639034678245
188.03378405052422
183.1287592230171
178.24871975438796
173.39355733076175
168.563685591532
163.7638770627843
158.99470508080617
154.25542915933104
149.54532718001542
144.86369539244075
140.20984841411214
135.58311923045878
130.982859194834
126.40843802851433
121.8592438207011
117.33468302851941
112.83418047701836
108.35717935917141
103.90314123587486
99.47154603595004
95.06189205614214
90.67369596112006
86.30649278347732
81.95983592373001
77.63329715031955
73.32646659961111
69.03895277589346
64.77038255138004
60.52040116620723
56.288672228436134
52.07487771405183
47.87871796696305
43.699911699003344
39.5381959899289
35.39332628742095
31.265076407084372
27.15323853244789
23.057623214965307
18.97805937401238
14.914394296890116
10.866493638823647
6.834241422962104
2.8175400403785256
-1.1836897499311465
-5.169508821045657
-9.139959678120345
-13.095066458385613
-17.034834931149085
-20.95925249779504
-24.868288191781094
-28.761892678642553
-32.63999825599202
-36.50251885351517
-40.34935003297634
-44.18036898821537
-47.99543454514512
-51.79438716175943
-55.57704892812339
-59.343223566381596
-63.09269643075346
-66.82523450753352
-70.54058641509401
-74.23848240388052
-77.91863435641862
-81.58073578730584
-85.22446184322006
-88.84946930290899
-92.45539657720191
-96.0418637090021
-99.60847237328935
-103.15480587711723
-106.68042915962035
-110.1848887920049
-113.66771297755253
-117.12841155162157
-120.56755698322085
-123.98842003367885
-127.39137748525292
-130.77655061070823
-134.14405937593756
-137.49402243996224
-140.82655715493198
-144.14177956612457
-147.43980441194688
-150.72074512393337
-153.98471382674714
-157.2318213381795
-160.46217716915004
-163.67588952370724
-166.87306529902736
-170.05381008541508
-173.21822816630356
-176.36642251825398
-179.4984948109564
-182.61454540722923
-185.71467336301833
-188.7989764273987
-191.86755104257344
-194.9204923438743
-197.95789415976094
-200.97984901182159
-203.98644811477257
-206.9777813764586
-209.9539373978533
-212.9150034730579
-215.86106558930234
-218.79220842694497
-221.70851535947185
-224.610068453498
-227.49694846876704
-230.3692348581504
-233.22700576764788
-236.07033803638816
-238.8993071966265
-241.71398747374977
-244.51445178626918
-247.3007717458281
-250.07301765719504
-252.83125732617685
-255.5755183776426
-258.3058633224471
-261.02237826489744
-263.725147442984
-266.41425322838154
-269.0897761264481
-271.7517947762254
-274.40038595043876
-277.03562455549735
-279.6575836314943
-282.2663343522059
-284.8619460250926
-287.44448609129813
-290.01402012565006
-292.5706118366598
-295.114323066523
-297.64522091744345
-300.16337582438007
-302.6688529808408
-305.161717242494
-307.6420331271667
-310.1098648148461
-312.56527614767873
-315.0083306299706
-317.4390914281881
-319.8576213709562
-322.2639829490603
-324.6582383154447
-327.0404492852137
-329.41067733563136
-331.7689836061211
-334.1154288982659
-336.4500736758086
-338.77297806465083
-341.08420185285536
-343.38380449064323
-345.6718450903955
-347.9483824266529
-350.2134749361154
-352.4671807176436
-354.7095575322565
-356.9406628031335
-359.1605536156128
-361.36928671719306
-363.56691851753243
-365.7535050884477
-367.92910216391647
-370.09376514007556
-372.24754907522134
-374.3905086898092
-376.52269836645553
-378.6441721499345
-380.7549844697942
-382.85519099590647
-384.9448449605339
-387.0239991538442
-389.09270609711865
-391.1510180427524
-393.198986974253
-395.23666460624264
-397.26410238445584
-399.28135148574114
-401.28846281806085
-403.28548702048954
-405.27247446321655
-407.2494752475433
-409.2165392058857
-411.1737159017728
-413.1210546298466
-415.05860441586333
-416.9864140166916
-418.90453192031424
-420.81300634582766
-422.7118852434407
-424.60121629447667
-426.48104691137144
-428.35142423767496
-430.2123951480505
-432.06400624827415
-433.90630387523635
-435.73933409693984
-437.56314271250176
-439.3777752521526
-441.18327697723544
-442.9796928802078
-444.76706768463947
-446.5454458452147
-448.31487154773123
-450.0753887090989
-451.8270409773425
-453.569871731599
-455.30392408211975
-457.02924087026935
-458.7458646685249
-460.45383778047824
-462.15320224083354
-463.8439998154089
-465.5262720011364
-467.2000600260598
-468.86540484933835
-470.5223471612435
-472.1709273831599
-473.81118566758687
-475.4431618981358
-477.06689568953243
-478.68242638761535
-480.28979306933667
-481.88903454276266
-483.4801893470715
-485.06329575255614
-486.63839176062197
-488.2055151037894
-489.76470324569027
-491.3159933810701
-492.8594224357905
-494.3950270668224
-495.9228436622533
-497.4429083412825
-498.9552569542236
-500.45992508250305
-501.9569480386607
-503.4463608663503
-504.92819834033884
-506.40249496650654
-507.8692849818468
-509.32860235446753
-510.78048078358796
-512.2249536995439
-513.6620393970247
-515.0917291704145
-516.5140681899794
-517.9291041785191
-519.3368830389174
-520.7374488541417
-522.1308438872443
-523.5171085813607
-524.8962815597114
-526.268399625601
-527.6334977624173
-528.9916091336333
-530.3427650828055
-531.6869951335748
-533.0243269896664
-534.3547865348891
-535.6783978331363
-536.9951831283853
-538.3051628446975
-539.608355586219
-540.904778137179
-542.194445461892
-543.4773707047555
-544.753565190252
-546.0230384229478
-547.2857980874933
-548.5418500486232
-549.791198351156
-551.0338452199948
-552.2697910601265
-553.4990344566222
-554.7215721746373
-555.937399159411
-557.1465085362669
-558.3488916106129
-559.5445378679404
-560.7334349738258
-561.9155687739286
-563.0909232939936
-564.259480739849
-565.4212214974069
-566.5761241326642
-567.7241653917018
-568.8653202006843
-569.9995616658609
-571.1268610735646
-572.2471878902129
-573.360509762307
-574.4667925164325
-575.5660001592593
-576.658094877541
-577.7430370381156
-578.8207851879052
-579.8912960539162
-580.9545245432389
-582.0104237430476
-583.0589449206012
-584.1000375232421
-585.1336491783977
-586.1597256935788
-587.1782110563805
-588.1890477983923
-589.1924580706346
-590.1890408151131
-591.179128734483
-592.1627693419255
-593.1397249611482
-594.1094727263844
-595.0712045823939
-596.0238272844626
-596.9659623984021
-597.8959463005505
-598.8118301777715
-599.7113800274554
-600.5920766575188
-601.4511156864035
-602.2854075430781
-603.091577467037
-603.8659655083009
-604.6046265274166
-605.3033301954566
-605.9575609940201
-606.5625182152319
-607.113115961743
-607.6039831467308
-608.0294634938983
-608.3836155374752
-608.6602126222166
-608.2651300010309
-606.7570119179982
-604.3471270661535
-601.2314669462415
-597.5907458667195
-593.590400943754
-589.3805921012223
-585.096202070714
-580.8568363915273
-576.7668234106735
-572.9152142828729
-569.3757829705568
-566.2070262438685
-563.4521636806605
-561.1391376664975
-559.2806133946539
-557.8739788661151
-556.9013448895779
-556.329545081449
-556.1101358658467
-556.1793964745995
-556.4559192347555
-556.8596172437964
-557.3693721814354
-557.9721158750507
-558.6556340722581
-559.4085664409116
-560.2204065691031
-561.0815019651626
-561.9830540576579
-562.9171181953949
-563.8766036474177
-564.855273603008
-565.8477451716858
-566.8494893832088
-567.856831187573
-568.8669494550126
-569.8778769759988
-570.888500461242
-571.8985605416898
-572.9086517685281
-573.9202226131806
-574.9355754673095
-575.9576666561159
-576.9826179369696
-578.007331498197
-579.0315295013486
-580.0549455071164
-581.0773244753342
-582.0984227649775
-583.1180081341633
-584.135859740151
-585.1517681393406
-586.1655352872745
-587.1769745386364
-588.1859106472521
-589.1921797660889
-590.1956294472553
-591.1961186420024
-592.193517700722
-593.1877083729486
-594.1785838073574
-595.1660485517658
-596.1500185531331
-597.1304211575595
-598.1071951102875
-599.0802905557016
-600.0496690373269
-601.0153034978312
-601.977178279023
-602.9352891218535
-603.8896431664155
-604.8402540016243
-605.7870290639767
-606.7299189280541
-607.6689167558479
-608.6040162267561
-609.5352115375817
-610.4624974025345
-611.3858690532294
-612.305322238688
-613.2208532253376
-614.132458797011
-615.0401362549479
-615.943883417793
-616.8436986215975
-617.7395807198183
-618.6315290833182
-619.5195436003665
-620.4036246766377
-621.2837732352125
-622.159990716578
-623.0322790786266
-623.900640796657
-624.7650788633736
-625.625596788887
-626.482198600714
-627.3348888437765
-628.1836725804033
-629.0285553903283
-629.869543370692
-630.7066431360406
-631.5398618183261
-632.3692070669068
-633.1946870485465
-634.0163104474154
-634.8340864650894
-635.6480248205503
-636.4581357501861
-637.2644300077905
-638.0669188645629
-638.8656141091096
-639.6605280474417
-640.4516735029773
-641.2390638165393
-642.0227128463578
-642.8026349680675
-643.5788450747102
-644.3513585767334
-645.1201914019902
-645.8853599957392
-646.6468813206467
-647.404772856783
-648.1590526016253
-648.9097390700567
-649.6568512943657
-650.4004069107036
-651.1404068775821
-651.8768621520891
-652.6097874741815
-653.3391975538008
-654.0651070708716
-654.7875306753027
-655.5064829869867
-656.2219785957999
-656.9340320616025
-657.6426579142386
-658.3478706535358
-659.0496847493059
-659.7481146413443
-660.4431747394303
-661.1348794233271
-661.8232430427815
-662.5082799175244
-663.1900043372701
-663.8684305617172
-664.543572820548
-665.2154453134283
-665.8840622100082
-666.5494376499211
-667.2115857427846
-667.8705205682002
-668.5262561757527
-669.1788065850113
-669.8281857855288
-670.4744077368416
-671.1174863684704
-671.7574355799192
-672.3942692406762
-673.0280011902131
-673.6586452379858
-674.2862151634338
-674.9107247159803
-675.5321876150327
-676.1506175499818
-676.7660281802025
-677.3784331350535
-677.987846013877
-678.5942803859995
-679.197749790731
-679.7982677373653
-680.3958477051805
-680.9905031434378
-681.5822474713827
-682.1710940782444
-682.7570563232359
-683.3401475355541
-683.9203810143797
-684.4977700288772
-685.0723278181946
-685.6440675914641
-686.2130025278019
-686.7791457763077
-687.3425104560652
-687.9031096561412
-688.4609564355875
-689.0160638234393
-689.5684448187147
-690.1181123904173
-690.665079477533
-691.2093589890324
-691.7509638038695
-692.2899067709823
-692.8262007092926
-693.359858407706
-693.890892625112
-694.4193160903843
-694.9451415023791
-695.4683815299377
-695.9890488118851
-696.5071978714212
-697.0228177423028
-697.5359193236
-698.0465134873517
-698.5546110785648
-699.0602229152146
-699.5633597882451
-700.0640324615682
-700.5622516720645
-701.0580281295825
-701.5513725169395
-702.0422954899211
-702.5308076772811
-703.0169196807417
-703.5006420749934
-703.981985407695
-704.460960199474
-704.9375769439258
-705.4118461076146
-705.8837781300724
-706.3533834238001
-706.8206723742667
-707.2856553399093
-707.748342652134
-708.2087446153148
-708.6668715067939
-709.1227335768822
-709.5763410488588
-710.0277041189713
-710.4768329564354
-710.9237377034353
-711.3684284751237
-711.8109153596212
-712.2512084180173
-712.6893176843694
-713.1252531657035
-713.5590248420141
-713.9906426662635
-714.420116564383
-714.8474564352717
-715.2726721507976
-715.6957735557964
-716.1167704680729
-716.5356726783996
-716.9524899505176
-717.3672320211364
-717.779908599934
-718.1905293695562
-718.599103985618
-719.0056420767019
-719.4101532443591
-719.8126470631095
-720.2131330804408
-720.6116208168094
-721.0081197656397
-721.4026393933249
-721.7951891392262
-722.1857784156734
-722.5744166079646
-722.961113074366
-723.3458771461125
-723.7287181274071
-724.1096452954214
-724.4886679002949
-724.8657951651361
-725.2410362860212
-725.6144004319953
-725.9858967450715
-726.3555343402313
-726.7233223054247
-727.08926970157
-727.4533855625536
-727.8156788952308
-728.1761586794248
-728.5348338679271
-728.8917133864978
-729.2468061338654
-729.6001209817266
-729.9516667747464
-730.3014523305583
-730.6494864397639
-730.9957778659336
-731.3403353456057
-731.6831675882872
-732.0242832764532
-732.3636910655472
-732.7013995839811
-733.0374174331353
-733.3717531873583
-733.7044153939669
-734.0354125732467
-734.3647532184511
-734.6924457958023
-735.0184987444906
-735.3429204766746
-735.6657193774814
-735.9869038050067
-736.3064820903138
-736.6244625374353
-736.9408534233712
-737.2556629980907
-737.5688994845308
-737.880571078597
-738.1906859491633
-738.4992522380718
-738.8062780601332
-739.1117715031264
-739.4157406277988
-739.7181934678656
-740.0191380300114
-740.3185822938882
-740.6165342121167
-740.9130017102859
-741.2079926869536
-741.501515013645
-741.7935765348547
-742.0841850680447
-742.3733484036461
-742.6610743050579
-742.9473705086477
-743.2322447237515
-743.5157046326734
-743.7977578906857
-744.07841212603
-744.3576749399148
-744.635553906518
-744.9120565729861
-745.1871904594326
-745.4609630589405
-745.7333818375608
-746.0044542343131
-746.2741876611851
-746.542589503133
-746.8096671180808
-747.0754278369213
-747.3398807162005
-747.6030377635306
-747.8649053148612
-748.1254892935953
-748.3847956037565
-748.6428301299896
-748.8995987375605
-749.1551072723556
-749.4093615608829
-749.6623674102707
-749.9141306082689
-750.1646569232482
-750.4139521042001
-750.6620218807373
-750.9088719630931
-751.1545080421224
-751.3989357893006
-751.6421608567243
-751.884188877111
-752.125025463799
-752.364676210748
-752.6031466925385
-752.8404424643718
-753.0765690620703
-753.3115320020777
-753.545336781458
-753.7779888778967
-754.0094937497003
-754.239856835796
-754.4690835557321
-754.6971793096781
-754.924149478424
-755.1499994233814
-755.3747344865822
-755.5983599906798
-755.8208812389485
-756.0423035152833
-756.2626320842005
-756.4818721908373
-756.7000290609517
-756.9171079009229
-757.1331138977512
-757.3480522190573
-757.5619280130836
-757.7747464086931
-757.9865125153697
-758.1972314232185
-758.4069082029654
-758.6155479059576
-758.8231555641629
-759.0297361901703
-759.2352947771898
-759.4398362990522
-759.6433657102095
-759.8458879457345
-760.047407921321
-760.247930533284
-760.4474606585593
-760.6460031547035
-760.8435628598947
-761.0401445929315
-761.2357531532336
-761.430393320842
-761.6240698564181
-761.8167875012448
-762.0085509772257
-762.1993649868855
-762.3892342133698
-762.5781633204455
-762.7661569524997
-762.9532197345414
-763.1393562722002
-763.3245711517263
-763.5088689399917
-763.6922541844885
-763.8747314133306
-764.0563051352522
-764.2369798396088
-764.4167599963771
-764.5956500561542
-764.7736544501588
-764.9507775902301
-765.1270238688287
-765.3023976590358
-765.4769033145537
-765.650545169706
-765.8233275394367
-765.9952547193113
-766.166330985516
-766.336560594858
-766.5059477847658
-766.6744967732884
-766.842211759096
-767.0090969214799
-767.1751564203522
-767.3403943962461
-767.5048149703157
-767.6684222443362
-767.8312203007035
-767.993213202435
-768.1544049931686
-768.3147996971633
-768.474401319299
-768.6332138450771
-768.7912412406193
-768.9484874526688
-769.1049564085894
-769.260652016366
-769.4155781646047
-769.5697387225322
-769.7231375399965
-769.8757784474666
-770.0276652560322
-770.1788017574041
-770.3291917239143
-770.4788389085154
-770.6277470447814
-770.7759198469068
-770.9233610097077
-771.0700742086206
-771.2160630997032
-771.3613313196342
-771.5058824857134
-771.6497201958614
-771.7928480286198
-771.9352695431513
-772.0769882792395
-772.2180077572889
-772.3583314783251
-772.4979629239948
-772.6369055565654
-772.7751628189254
-772.9127381345844
-773.049634907673
-773.1858565229423
-773.3214063457651
-773.4562877221347
-773.5905039786654
-773.7240584225927
-773.8569543417731
-773.9891950046839
-774.1207836604233
-774.2517235387107
-774.3820178498866
-774.511669784912
-774.6406825153692
-774.7690591934618
-774.8968029520137
-775.0239169044703
-775.1504041448975
-775.276267747983
-775.4015107690344
-775.5261362439813
-775.6501471893736
-775.7735466023826
-775.8963374608
-776.0185227230395
-776.1401053281347
-776.2610881957407
-776.3814742261336
-776.5012663002104
-776.6204672794892
-776.7390800061088
-776.8571073028293
-776.9745519730315
-777.0914168007173
-777.2077045505098
-777.3234179676527
-777.4385597780112
-777.5531326880705
-777.6671393849382
-777.7805825363415
-777.8934647906297
-778.0057887767721
-778.1175571043598
-778.2287723636044
-778.3394371253387
-778.4495539410163
-778.5591253427122
-778.6681538431216
-778.7766419355614
-778.8845920939693
-778.9920067729039
-779.0988884075447
-779.2052394136923
-779.3110621877686
-779.4163591068157
-779.5211325284972
-779.6253847910979
-779.729118213523
-779.8323350952991
-779.9350377165736
-780.0372283381153
-780.138909201313
-780.2400828503048
-780.3407561409986
-780.4409328697224
-780.5406153226937
-780.639805778792
-780.7385065095579
-780.8367197791936
-780.9344478445629
-781.031692955191
-781.1284573532648
-781.2247432736326
-781.320552943804
-781.4158885839505
-781.5107524069049
-781.6051466181614
-781.699073415876
-781.792534990866
-781.8855335266103
-781.9780711992494
-782.0701501775849
-782.1617726230804
-782.252940689861
-782.3436565247129
-782.4339222670841
-782.523740049084
-782.6131119954837
-782.7020402237157
-782.7905268438739
-782.8785739587138
-782.9661836636525
-783.0533580467686
-783.140099188802
-783.2264091631544
-783.3122900358887
-783.3977438657296
-783.4827727040632
-783.5673785949372
-783.6515635750605
-783.7353296738039
-783.8186789131996
-783.901613307941
-783.9841348653837
-784.0662455855439
-784.1479474611002
-784.2292424773921
-784.3101326124208
-784.3906198368492
-784.4707061140014
-784.5503933998632
-784.629683643082
-784.7085787849663
-784.7870807594867
-784.8651914932749
-784.9429129056241
-785.0202469084893
-785.0971954064869
-785.1737602968946
-785.2499434696517
-785.3257468073593
-785.4011721852797
-785.4762214713368
-785.550896526116
-785.6251992028643
-785.6991313474903
-785.7726947985636
-785.8458913873159
-785.91872293764
-785.9911912660907
-786.0632981818839
-786.135045486897
-786.206434975669
-786.2774684354007
-786.3481476459539
-786.4184743798523
-786.4884504022809
-786.5580774710864
-786.627357336777
-786.696291742522
-786.7648824241529
-786.8331311101621
-786.9010395217038
-786.9686093725936
-787.035842369309
-787.1027402109883
-787.1693045894319
-787.2355371891016
-787.3014396871204
-787.3670137532732
-787.4322610500063
-787.4971832324275
-787.5617819483058
-787.6260588380723
-787.6900155348192
-787.7536536643003
-787.8169748449309
-787.8799806877879
-787.9426727966096
-788.005052767796
-788.0671221904084
-788.1288826461697
-788.1903357094642
-788.251482947338
-788.3123259194984
-788.3728661783144
-788.4331052688165
-788.4930447286965
-788.5526860883082
-788.6120308706662
-788.6710805914473
-788.7298367589893
-788.788300874292
-788.8464744310162
-788.9043589154845
-788.9619558066812
-789.0192665762515
-789.0762926885028
-789.1330356004034
-789.1894967615839
-789.2456776143355
-789.3015795936115
-789.3572041270264
-789.4125526348566
-789.4676265300396
-789.5224272181748
-789.5769560975227
-789.6312145590057
-789.6852039862074
-789.738925755373
-789.7923812354094
-789.8455717878846
-789.8984987670287
-789.9511635197329
-790.0035673855499
-790.0557116966941
-790.1075977780413
-790.1592269471288
-790.2106005141555
-790.2617197819819
-790.3125860461297
-790.3632005947823
-790.4135647087845
-790.463679661643
-790.5135467195256
-790.5631671412616
-790.6125421783422
-790.6616730749197
-790.710561067808
-790.7592073864829
-790.8076132530812
-790.8557798824013
-790.9037084819033
-790.951400251709
-790.998856384601
-791.0460780660243
-791.0930664740847
-791.13982277955
-791.186348145849
-791.2326437290725
-791.2787106779728
-791.3245501339632
-791.3701632311189
-791.4155510961768
-791.460714848535
-791.505655600253
-791.5503744560523
-791.5948725133153
-791.6391508620865
-791.6832105850714
-791.7270527576374
-791.7706784478132
-791.8140887162891
-791.857284616417
-791.90026719421
-791.943037488343
-791.9855965301523
-792.0279453436358
-792.0700849454528
-792.1120163449242
-792.1537405440324
-792.1952585374212
-792.236571312396
-792.2776798489238
-792.3185851196329
-792.3592880898133
-792.3997897174165
-792.4400909530555
-792.4801927400046
-792.5200960141998
-792.5598017042388
-792.5993107313806
-792.6386240095454
-792.6777424453156
-792.7166669379345
-792.7553983793074
-792.7939376540006
-792.8322856392424
-792.8704432049223
-792.9084112135913
-792.9461905204623
-792.9837819734092
-793.0211864129678
-793.0584046723352
-793.09543757737
-793.1322859465926
-793.1689505911844
-793.2054323149889
-793.2417319145105
-793.2778501789157
-793.3137878900322
-793.3495458223492
-793.3851247430175
-793.4205254118494
-793.4557485813187
-793.4907949965607
-793.5256653953721
-793.5603605082114
-793.5948810581983
-793.6292277611144
-793.6634013254023
-793.6974024521666
-793.731231835173
-793.7648901608491
-793.7983781082837
-793.8316963492272
-793.8648455480917
-793.8978263619505
-793.9306394405386
-793.9632854262526
-793.9957649541504
-794.0280786519514
-794.0602271400369
-794.0922110314492
-794.1240309318924
-794.1556874397321
-794.1871811459954
-794.2185126343708
-794.2496824812084
-794.2806912555199
-794.3115396264519
-794.3422354484134
-794.3727837539805
-794.4031851626339
-794.4334402922301
-794.4635497590001
-794.4935141775507
-794.5233341608639
-794.5530103202968
-794.5825432655823
-794.6119336048281
-794.6411819445173
-794.6702888895085
-794.6992550430355
-794.7280810067073
-794.7567673805083
-794.7853147627983
-794.8137237503122
-794.8419949381603
-794.8701289198282
-794.8981262871768
-794.9259876304424
-794.9537135382362
-794.9813045975454
-795.0087613937319
-795.0360845105331
-795.0632745300618
-795.0903320328058
-795.1172575976286
-795.1440518017688
-795.1707152208403
-795.1972484288323
-795.2236519981093
-795.2499264994111
-795.2760725018529
-795.3020905729251
-795.3279812784933
-795.3537451827987
-795.3793828484576
-795.4048948364615
-795.4302817061774
-795.4555440153476
-795.4806823200896
-795.5056971748962
-795.5305891326357
-795.5553587445512
-795.5800065602617
-795.6045331277612
-795.6289389934191
-795.6532247019799
-795.6773907965636
-795.7014378186656
-795.7253663081561
-795.7491768032813
-795.7728698406622
-795.7964459552954
-795.8199056805524
-795.8432495481806
-795.866478088302
-795.8895918294144
-795.9125912983909
-795.9354770204797
-795.9582495193041
-795.9809093168634
-796.0034569335314
-796.0258928880579
-796.0482176975675
-796.0704318775602
-796.0925359419115
-796.1145304028721
-796.1364157710678
-796.1581925555001
-796.1798612635456
-796.201422400956
-796.2228764718585
-796.2442239787557
-796.2654654225254
-796.2866013024205
-796.3076321160697
-796.3285583594765
-796.3493805270199
-796.3700991114542
-796.390714603909
-796.4112274938893
-796.4316382692753
-796.4519474163224
-796.4721554196614
-796.4922627622984
-796.512269925615
-796.5321773893678
-796.5519856316887
-796.5716951290851
-796.5913063564398
-796.6108197870104
-796.6302358924303
-796.649555142708
-796.6687780062274
-796.6879049497475
-796.7069364384026
-796.7258729357028
-796.7447149035329
-796.7634628021533
-796.7821170901994
-796.8006782246825
-796.8191466609887
-796.8375228528795
-796.8558072524917
-796.8740003103376
-796.8921024753043
-796.910114194655
-796.9280359140275
-796.9458680774352
-796.9636111272666
-796.981265504286
-796.9988316476322
-797.0163099948202
-797.0337009817395
-797.0510050426554
-797.0682226102085
-797.0853541154144
-797.1023999876642
-797.1193606547242
-797.1362365427362
-797.1530280762171
-797.1697356780592
-797.18635976953
-797.2029007702724
-797.2193590983046
-797.2357351700201
-797.2520294001877
-797.2682422019512
-797.2843739868305
-797.3004251647199
-797.3163961438894
-797.3322873309845
-797.3480991310256
-797.3638319474086
-797.3794861819048
-797.3950622346606
-797.4105605041979
-797.4259813874137
-797.4413252795804
-797.4565925743458
-797.4717836637328
-797.4868989381397
-797.5019387863401
-797.5169035954831
-797.5317937510927
-797.5466096370684
-797.5613516356851
-797.576020127593
-797.5906154918173
-797.6051381057588
-797.6195883451936
-797.633966584273
-797.6482731955235
-797.6625085498472
-797.6766730165212
-797.6907669631981
-797.7047907559057
-797.7187447590471
-797.7326293354008
-797.7464448461204
-797.7601916507351
-797.7738701071492
-797.7874805716422
-797.8010233988692
-797.8144989418604
-797.8279075520213
-797.8412495791328
-797.854525371351
-797.8677352752073
-797.8808796356087
-797.893958795837
-797.9069730975496
-797.9199228807792
-797.9328084839336
-797.9456302437964
-797.9583884955259
-797.971083572656
-797.9837158070959
-797.99628552913
-798.0087930674182
-798.0212387489954
-798.0336228992721
-798.045945842034
-798.0582078994419
-798.0704093920323
-798.0825506387165
-798.0946319567817
-798.1066536618897
-798.1186160680784
-798.1305194877602
-798.1423642317235
-798.1541506091315
-798.165878927523
-798.1775494928119
-798.1891626092875
-798.2007185796144
-798.2122177048326
-798.2236602843572
-798.2350466159786
-798.2463769958628
-798.2576517185507
-798.2688710769589
-798.2800353623791
-798.291144864478
-798.3021998712984
-798.3132006692575
-798.3241475431483
-798.3350407761392
-798.3458806497736
-798.3566674439702
-798.3674014370232
-798.3780829056021
-798.3887121247516
-798.3992893678917
-798.4098149068176
-798.4202890117001
-798.4307119510851
-798.4410839918937
-798.4514053994227
-798.4616764373436
-798.4718973677038
-798.4820684509256
-798.4921899458068
-798.5022621095203
-798.5122851976147
-798.5222594640135
-798.5321851610155
-798.5420625392952
-798.551891847902
-798.5616733342608
-798.5714072441717
-798.5810938218103
-798.5907333097272
-798.6003259488485
-798.6098719784756
-798.619371636285
-798.6288251583289
-798.6382327790344
-798.6475947312042
-798.656911246016
-798.6661825530231
-798.6754088801539
-798.6845904537122
-798.693727498377
-798.7028202372028
-798.7118688916192
-798.7208736814313
-798.7298348248191
-798.7387525383385
-798.7476270369202
-798.7564585338704
-798.7652472408706
-798.7739933679776
-798.7826971236235
-798.7913587146157
-798.7999783461369
-798.8085562217451
-798.8170925433735
-798.8255875113308
-798.8340413243008
-798.8424541793428
-798.8508262718913
-798.8591577957561
-798.8674489431222
-798.8756999045502
-798.8839108689756
-798.8920820237096
-798.9002135544383
-798.9083056452235
-798.916358478502
-798.9243722350863
-798.9323470941634
-798.9402832332967
-798.9481808284238
-798.9560400538585
-798.9638610822893
-798.9716440847803
-798.979389230771
-798.9870966880758
-798.9947666228848
-799.002399199763
-799.0099945816511
-799.017552929865
-799.0250744040957
-799.0325591624097
-799.0400073612489
-799.04741915543
-799.0547946981457
-799.0621341409633
-799.069437633826
-799.0767053250521
-799.083937361335
-799.0911338877436
-799.098295047722
-799.1054209830896
-799.1125118340415
-799.1195677391474
-799.1265888353528
-799.1335752579785
-799.1405271407201
-799.1474446156492
-799.1543278132123
-799.1611768622312
-799.1679918899031
-799.1747730218004
-799.1815203818711
-799.1882340924382
-799.1949142741998
-799.2015610462299
-799.2081745259774
-799.2147548292666
-799.2213020702969
-799.2278163616435
-799.2342978142564
-799.2407465374611
-799.2471626389583
-799.2535462248244
-799.2598973995106
-799.2662162658435
-799.2725029250252
-799.278757476633
-799.2849800186195
-799.2911706473127
-799.2973294574157
-799.303456542007
-799.3095519925404
-799.315615898845
-799.3216483491253
-799.3276494299611
-799.3336192263072
-799.339557710477
-799.345464470816
-799.3513396521109
-799.3571834773478
-799.3629961677298
-799.3687779426781
-799.3745290198315
-799.3802496150463
-799.3859399423966
-799.3916002141743
-799.3972306408887
-799.4028314312668
-799.4084027922536
-799.4139449290114
-799.4194580449202
-799.4249423415781
-799.4303980188001
-799.4358252746197
-799.4412243052874
-799.4465953052718
-799.451938467259
-799.4572539821527
-799.4625420390743
-799.4678028253632
-799.4730365265758
-799.4782433264869
-799.4834234070886
-799.4885769485904
-799.4937041294202
-799.4988051262227
-799.503880113861
-799.5089292654154
-799.5139527521842
-799.518950743683
-799.5239234076456
-799.5288709100229
-799.5337934149837
-799.5386910849147
-799.5435640804199
-799.548412560321
-799.5532366816578
-799.5580365996873
-799.5628124678843
-799.5675644379413
-799.5722926597687
-799.576997281494
-799.5816784494629
-799.5863363082385
-799.5909710006017
-799.5955826675511
-799.6001714483027
-799.6047374802904
-799.6092808991659
-799.6138018387982
-799.6183004312742
-799.6227768068984
-799.6272310941931
-799.6316634198981
-799.6360739089711
-799.640462684587
-799.6448298681388
-799.6491755792371
-799.6534999357101
-799.6578030536037
-799.6620850471814
-799.6663460289245
-799.6705861095318
-799.6748053979198
-799.6790040012229
-799.6831820247929
-799.6873395721993
-799.6914767452296
-799.6955936438883
-799.6996903663983
-799.7037670091997
-799.7078236669504
-799.711860432526
-799.7158773970199
-799.7198746497427
-799.7238522782233
-799.7278103682077
-799.73174900366
-799.7356682667618
-799.7395682379122
-799.7434489957282
-799.7473106170445
-799.7511531769132
-799.7549767486045
-799.7587814036057
-799.7625672116222
-799.7663342405771
-799.7700825566109
-799.7738122240817
-799.7775233055656
-799.7812158618564
-799.784889951965
-799.7885456331207
-799.7921829607701
-799.7958019885773
-799.7994027684243
