0.5
10.851106148447796
20.623674967742165
30.254822170010662
39.79677773727359
49.2676863759115
58.67620134846814
68.02709679519619
77.32351049200234
86.5675025716357
95.76053994947931
104.90377434028952
113.99816391178491
123.04447328464583
132.04331908976812
140.99526534340743
149.9007789613495
158.76029848531223
167.57423630921608
176.34297867918363
185.0668856935399
193.7462913028129
202.38150330973153
210.97280969818812
219.52051497931905
228.02489235541418
236.48620506608103
244.90471240557528
253.2806697228005
261.6143284213082
269.90593595929835
278.15573584961845
286.36396765976417
294.5308670118792
302.65666558275603
310.74159110383357
318.78586736119985
326.7897141955918
334.75334750239136
342.6769792316329
350.56082012845684
358.4050921235494
366.2100039069471
373.97576046642354
381.7025655745225
389.3906217885575
397.04013045061225
404.65129168754015
412.22430441096463
419.75936631727905
427.25667388764646
434.7164223880002
442.1388058690434
449.5240171662487
456.87224789985953
464.18368847488784
471.45852808111766
478.6969546931007
485.89915507016
493.06531475638786
500.19561808064697
507.29024815656925
514.3493868825569
521.3732149417833
528.3619118021892
535.3156557164873
542.2346237221592
549.1189916414562
555.9689340814028
562.7846244337874
569.5662348751722
576.3139363668907
583.0279014550795
589.708309750708
596.3553300837335
602.9691294030098
609.5498739036262
616.0977290269076
622.6128594604139
629.0954291379405
635.5456012395179
641.963538191412
648.3494016661241
654.7033525823908
661.0255511051838
667.3161566457104
673.5753278614129
679.8032226559689
685.9999981792922
692.1658108275304
698.3008162430674
704.4051693145223
710.4790241767494
716.5225342108384
722.5358520441138
728.5191295501363
734.4725178487013
740.3961673058394
746.2902275338172
752.1548473911358
757.9901749825319
763.796357658978
769.573542017681
775.3218739020842
781.0414984018648
786.7325598529362
792.3952018374471
798.0295671837824
803.6357979665603
809.2140355066347
814.7644203710976
820.2870923732721
825.782190572719
831.2498532752354
836.6902180328509
842.1034216438318
847.4896001526811
852.8488888501349
858.1814222731651
863.4873342049798
868.7667576750225
874.0198249589707
879.2466675787375
884.4474163024734
889.6222011445615
894.7711513656196
899.8943954725053
904.9920612183091
910.0642756023502
915.1111648701965
920.1328545136422
925.129469270716
930.1011403582561
935.0479987395299
939.9701673176066
944.8677684653086
949.7409240261449
954.589755314311
959.4143831146895
964.2149276828493
968.991508745046
973.7442454982222
978.4732566100068
983.1786602187159
987.8605739333515
992.5191148336029
997.1543994698458
1001.7665438631428
1006.3556635052431
1010.9218733585824
1015.4652878562831
1019.9860209021546
1024.4841858706927
1028.9598956070802
1033.4132624271858
1037.8443981175656
1042.2534139354627
1046.6404206088055
1051.0055283362108
1055.3488467869809
1059.6704851011045
1063.9705518892586
1068.2491552328054
1072.5064026837942
1076.7424012649608
1080.9572574697288
1085.1510772622066
1089.3239660771906
1093.4760288201642
1097.6073698672956
1101.7180930654415
1105.8083017321455
1109.8780986556362
1113.9275860948294
1117.9568657793284
1121.9660389094227
1125.955206156089
1129.9244676609894
1133.8739230364736
1137.8036713655786
1141.713811202026
1145.604440570226
1149.4756569652748
1153.327557352956
1157.1602381697394
1160.973795322779
1164.7683241899201
1168.5439196196924
1172.3006759313107
1176.0386869146782
1179.758045830386
1183.4588454097106
1187.141177854614
1190.8051348377453
1194.4508075024414
1198.0782864627263
1201.6876618033102
1205.2790230795881
1208.852459317645
1212.408059014248
1215.9459101368561
1219.4660985528756
1222.968723006239
1226.4538706454418
1229.9216282342713
1233.3720821518086
1236.8053183924276
1240.2214225657958
1243.6204798968738
1247.002575225915
1250.3677930084666
1253.7162173153683
1257.0479318327534
1260.3630198620488
1263.6615643199734
1266.9436477385404
1270.209352265056
1273.4587596621186
1276.691951307621
1279.9090081947486
1283.1100109319802
1286.2950397430877
1289.464174467136
1292.6174945584833
1295.755079086781
1298.8770067369742
1301.9833558093
1305.0742042192896
1308.1496294977671
1311.2097087908503
1314.2545188599493
1317.2841360817679
1320.2986364483027
1323.298095566844
1326.2825886599749
1329.2521905655722
1332.2069757368056
1335.147018242137
1338.0723917653231
1340.9831696054125
1343.8794246767484
1346.7612295089655
1349.628656246993
1352.4817766510523
1355.320662096659
1358.1453835746213
1360.9560116910409
1363.7526166673108
1366.53526834012
1369.3040361614496
1372.058989198574
1374.8001961340603
1377.5277252657681
1380.2416445068525
1382.9420213857588
1385.6289230462291
1388.3024162472952
1390.3595183614061
1391.002302820873
1390.3208113893177
1388.4086424597938
1385.3564160940275
1381.2517740224182
1376.179379644038
1370.2209180266316
1363.4550959066166
1355.957641689084
1347.8013054477976
1339.0558589251928
1329.7880955323792
1320.0618303491385
1309.9379001239258
1299.4741632738692
1288.7254998847677
1277.7438117110964
1266.5780221760008
1255.2740763712993
1243.8749410574849
1232.4206046637219
1220.9480772878478
1209.491390696373
1198.0815983244802
1186.7467752760272
1175.5120183235415
1164.3994459082255
1153.428198139953
1142.614436797273
1131.9713453274053
1121.5091288462418
1111.2350141383506
1101.1532496569694
1091.265105524009
1081.5688735300564
1072.0598671343662
1062.7304214648716
1053.5698933181743
1044.5646611595485
1035.6981251229465
1026.9507070109883
1018.2998502949682
1009.720020114851
1001.1827032792803
992.6564082655703
984.106665219702
975.496025956339
966.7840639588106
957.990427527158
949.2354324437321
940.5238390830921
931.8554433837849
923.2300425312865
914.6474349580046
906.1074203432769
897.6097996133708
889.1543749414852
880.7409497477486
872.3693286992203
864.0393177098906
855.7507239406788
847.5033557994356
839.297022940942
831.1315362669095
823.0067079259792
814.9223513137244
806.8782810726475
798.874313092181
790.9102645086883
782.9859439610184
775.1010705234985
767.2554296494382
759.4488318578937
751.681088465017
743.9520115840564
736.2614141253574
728.6091097963598
720.9949131016018
713.4186393427171
705.8801046184361
698.379125824586
690.9155206540885
683.4891075969638
676.0997059403275
668.7471357683917
661.4312179624653
654.1517742009524
646.9086269593548
639.7015995102701
632.5305159233922
625.395201065512
618.2954806005151
611.2311809893854
604.2021294902027
597.2081541581418
590.249083845477
583.3247482015744
576.4349776729007
569.5796035030165
562.7584577325804
555.971373199346
549.218183538164
542.4987231809804
535.8128273568393
529.1603320918812
522.5410742093409
515.9548913295505
509.40162186993996
502.88110504503317
496.39318086645324
489.93769014291695
483.51447448023845
477.1233762813289
470.7642387461949
464.4369058719405
458.1412224527654
451.87703407996537
445.6441871419323
439.4425288241565
433.27190710922224
427.1321707768123
421.0231694037036
414.9447533637709
408.8967738279845
402.8790827644126
396.8915329382181
390.9339779116598
385.00627204409744
379.1082704919798
373.23982920885857
367.4008049453779
361.5910552492809
355.81043846540416
350.0588137356817
344.33604099914567
338.6419809919231
332.9764952472396
327.3394460954108
321.73069666385817
316.1501108770908
310.5975534567214
305.0728899214514
299.57598658708275
294.10831284661435
288.67107085842264
283.26391206233177
277.8864928064879
272.5384743473618
267.2195228497471
261.9293093867606
256.667509939843
251.43380539875704
246.22788156158984
241.04942913475145
235.89814373297537
230.77372587931856
225.67588100516033
220.60431945020426
215.55875646247694
210.53891219832818
205.5445117224316
200.57528500778284
195.63096693570205
190.71129729583225
185.81602078613986
180.94488701291473
176.09765049076915
171.27407064263966
166.47391179978592
161.69694320179062
156.94293899656017
152.21167824032355
147.50294489763337
142.81652784136614
138.1522208527206
133.50982262122
128.88913674470948
124.2899717293589
119.71214098965979
115.15546284842918
110.61976053680542
106.10486219425098
101.61060086855097
97.13681451581488
92.68334600047525
88.25004309528727
83.83675848132985
79.44334974800454
75.06967939303773
70.71561482247765
66.38102835069631
62.06579720038902
57.76980350257413
53.49293429659418
49.23508153011382
44.99614205912183
40.77601764793047
36.574614969173176
32.39184560381047
28.22762604112262
24.081877678715124
19.954526822515774
15.845504686776072
11.754747394071705
7.6821959752998135
3.6277963696829656
-0.40850057523486105
-4.426739103585453
-8.42695855117792
-12.409193345496737
-16.373473005704355
-20.319822142639747
-24.24826045881813
-28.158802748432073
-32.05145889735081
-35.92623388311889
-39.783127774958814
-43.622135733770236
-47.44324801212864
-51.246449954286014
-55.031721996171825
-58.799039665393146
-62.54837358123004
-66.27968945464254
-69.99294808826761
-73.6881053764177
-77.36511230508279
-81.02391495192572
-84.66445448629213
-88.28666716920233
-91.89048435335039
-95.47583248310825
-99.04263309452763
-102.590802815336
-106.12025336493318
-109.63089155439981
-113.12261928649271
-116.59533355564696
-120.04892644796647
-123.48328514124378
-126.89829190494129
-130.29382410019585
-133.66975417982943
-137.0259496883274
-140.36227326186665
-143.67973591867622
-146.98005666765255
-150.2633531571615
-153.52972654214818
-156.77927720696135
-160.0121047653533
-163.2283080604807
-166.42798516490325
-169.61123338058445
-172.77814923889176
-175.92882850059584
-179.0633661558719
-182.18185642429822
-185.2843927548568
-188.3710678259336
-191.44197354531784
-194.49720105020327
-197.53684070718654
-200.56098211226836
-203.56971409085298
-206.56312469774844
-209.54130121716665
-212.50433016272302
-215.45229727743666
-218.38528753373078
-221.3033851334312
-224.20667350776893
-227.0952353173776
-229.969152452295
-232.82850603196255
-235.67337640522493
-238.5038431503318
-241.31998507493475
-244.1218802160906
-246.90960584025905
-249.68323844330334
-252.44285375049148
-255.18852671649415
-257.9203315253862
-260.6383415906454
-263.3426295551548
-266.0332672911994
-268.71032590046946
-271.3738757140586
-274.02398629246255
-276.6607264255823
-279.2841641327224
-281.89436666259104
-284.49140049330026
-287.0753313323651
-289.6462241167047
-292.20414301264105
-294.749151415903
-297.28131195161865
-299.80068647432296
-302.3073448924022
-304.80137053365144
-307.2828284088178
-309.75178235972334
-312.2082958867561
-314.65243214887
-317.08425396358535
-319.50382380698795
-321.9112038137298
-324.3064557770288
-326.68964114866895
-329.0608210390002
-331.42005621693846
-333.76740710996563
-336.1029338041295
-338.4266960440438
-340.73875323288877
-343.03916443240996
-345.32798836291926
-347.60528340329444
-349.87110759097914
-352.12551862198336
-354.3685738508826
-356.6003302908189
-358.8208446134998
-361.03017314919873
-363.22837188675567
-365.4154964735764
-367.5916022156322
-369.756744077461
-371.91097668216594
-374.05435431141734
-376.1869309054501
-378.30876006306636
-380.419895041633
-382.5203887570838
-384.6102937839189
-386.68966235520264
-388.75854636256724
-390.8169973562105
-392.865066544895
-394.90280479595015
-396.9302626352727
-398.9474817902425
-400.95451074880435
-402.95140441396876
-404.9382170156485
-406.915002110658
-408.8818125827141
-410.8387006424353
-412.78571782734224
-414.722915001858
-416.6503423573072
-418.5680494119166
-420.4760850108151
-422.3744973260335
-424.26333385650497
-426.1426414280642
-428.0124661934484
-429.8728536322965
-431.72384855114933
-433.5654950834504
-435.39783668954453
-437.2209161566791
-439.0347755990031
-440.8394564575677
-442.6349995003265
-444.42144482213456
-446.1988318447492
-447.96719931682986
-449.72658531393785
-451.4770272385366
-453.21856181999175
-454.9512251145706
-456.67505250544286
-458.39007870267983
-460.09633774325533
-461.79386299104493
-463.48268713682626
-465.1628421982792
-466.8343595199851
-468.49726977342806
-470.151602956994
-471.79738839597013
-473.4346547425472
-475.0634299758164
-476.683741401772
-478.2956156533099
-479.8990786902279
-481.4941557992265
-483.0808715939072
-484.6592500147746
-486.22931432923457
-487.7910871315954
-489.3445903430676
-490.8898452117625
-492.42687231269514
-493.95569154778184
-495.47632214584036
-496.988782662592
-498.493090980658
-499.9892643095641
-501.4773191857359
-502.95727147250176
-504.4291363600932
-505.8929283656414
-507.3486613331825
-508.7963484336518
-510.2360021648891
-511.6676343516349
-513.0912561455308
-514.5068780251231
-515.9145097958578
-517.3141605900837
-518.7058388670517
-520.0895524129155
-521.4653083407295
-522.8331130904501
-524.1929724289373
-525.5448914499514
-526.8888745741561
-528.2249255491163
-529.5530474492989
-530.8730928637923
-532.1844780047728
-533.4872362033814
-534.7814262712154
-536.0670540807487
-537.3440725653331
-538.6123817191982
-539.8718285974501
-541.1222073160732
-542.3632590519287
-543.5946720427559
-544.8160815871712
-546.0270700446681
-547.2271668356184
-548.4158484412704
-549.5925384037506
-550.7566073260625
-551.9073728720873
-553.0440997665835
-554.1659997951871
-555.2722318044113
-556.3619017016473
-557.4340624551633
-558.4877140941052
-559.520296349299
-560.5284551048853
-561.511598407785
-562.467292664043
-563.3911264134655
-564.2767103296173
-565.1156772198241
-565.8976820251709
-566.610401820503
-567.2395358144253
-567.7688053493027
-568.170746800359
-568.4097430015539
-568.4470426789304
-568.1713384568259
-567.395348768565
-565.8558178564596
-563.1195605606192
-558.2238604997957
-547.8691148923341
-521.4478362415207
-353.0910178267787
2.3508402298088293e13
2.3391153652351758e13
2.3274489786639684e13
2.3158407784536094e13
2.3042904743962297e13
2.2927977777235492e13
2.281362401106882e13
2.269984058657123e13
2.2586624659247617e13
2.2473973361775875e13
2.2361883844294293e13
2.2250353321187926e13
2.213937901927153e13
2.202895817767984e13
2.1919088047867453e13
2.180976589360888e13
2.1700988990998586e13
2.1592754628450895e13
2.1485060106700098e13
2.1377902738800348e13
2.1271279850125727e13
2.1165188778370258e13
2.105962687354782e13
2.0954591497992273e13
2.0850080026357336e13
2.074608984561664e13
2.064261835506377e13
2.053966296631218e13
2.0437221103295277e13
2.0335290202266344e13
2.0233867711798582e13
2.0132951092785137e13
2.0032537818439004e13
1.9932625374293176e13
1.983321125820048e13
1.9734292980333684e13
1.9635868063185492e13
1.9537934041568477e13
1.9440488462615176e13
1.9343528885777984e13
1.9247052882829227e13
1.915105803786118e13
1.9055541947285965e13
1.896050221983568e13
1.8865936476562277e13
1.877184235083767e13
1.8678217488353668e13
1.8585059547121957e13
1.849236619747421e13
1.8400135122061945e13
1.8308364015856605e13
1.821705058614957e13
1.8126192552552133e13
1.8035787646995477e13
1.79458336137307e13
1.785632820932883e13
1.7767269202680742e13
1.7678654374997332e13
1.7590481519809383e13
1.7502748442967447e13
1.741545296264219e13
1.732859290932411e13
1.7242166125823549e13
1.7156170453448023e13
1.7070603693826807e13
1.6985463701563154e13
1.690074834781717e13
1.6816455514315787e13
1.673258309335286e13
1.664912898778909e13
1.656609111105205e13
1.648346738713623e13
1.6401255750602941e13
1.6319454146580428e13
1.6238060495289736e13
1.615707273754791e13
1.6076488861971988e13
1.5996306866021955e13
1.5916524756000832e13
1.5837140547054602e13
1.5758152263172232e13
1.5679557937185729e13
1.5601355610770033e13
1.552354333444313e13
1.5446119167565965e13
1.5369081178342469e13
1.52924274438196e13
1.521615604988727e13
1.5140265091278422e13
1.5064752671568957e13
1.4989616903177777e13
1.4914855907366799e13
1.4840467814240893e13
1.476645076274796e13
1.4692802900678873e13
1.4619522384667484e13
1.4546607380190684e13
1.4474056061568287e13
1.4401866611963174e13
1.4330037223381174e13
1.4258566096671088e13
1.418745144152477e13
1.4116691476477021e13
1.4046284428905658e13
1.397622853503147e13
1.3906522039918238e13
1.3837163197472768e13
1.3768150270444807e13
1.3699481530427158e13
1.3631155257855568e13
1.3563169742008754e13
1.3495523281008514e13
1.3428214181819553e13
1.336124076024961e13
1.3294601340949408e13
1.3228294257412643e13
1.3162317851976031e13
1.3096670475819285e13
1.3031350488965086e13
1.2966356260279113e13
1.2901686167470027e13
1.2837338597089527e13
1.2773311944532242e13
1.2709604614035854e13
1.2646215018680967e13
1.258314158039124e13
1.2520382729933338e13
1.2457936906916799e13
1.23958025597943e13
1.2333978145861422e13
1.227246213125678e13
1.2211252859795922e13
1.2150348619801428e13
1.2089747917332307e13
1.2029449266945934e13
1.196945118915391e13
1.1909752210422092e13
1.1850350863170531e13
1.179124568577354e13
1.1732435222559635e13
1.167391802381156e13
1.1615692645766318e13
1.15577576506151e13
1.1500111606503361e13
1.144275308753076e13
1.1385680673751188e13
1.1328892951172781e13
1.127238851175788e13
1.1216165953423082e13
1.116022388003919e13
1.110456090143123e13
1.104917563337849e13
1.099406669761445e13
1.0939232721826846e13
1.0884672339657629e13
1.0830384190702967e13
1.077636692051329e13
1.0722619180593217e13
1.066913962840163e13
1.0615926927351625e13
1.0562979746810508e13
1.0510296762099852e13
1.0457876654495424e13
1.0405718111227244e13
1.0353819825479547e13
1.0302180496390793e13
1.0250798829053688e13
1.0199673534515143e13
1.0148803329776326e13
1.009818693779261e13
1.0047823087473594e13
9.997710513683139e12
9.947847957239285e12
9.898234164914348e12
9.848867889434852e12
9.799747889481523e12
9.750872929689373e12
9.70224178064759e12
9.653853218899625e12
9.605706026943139e12
9.557798993230023e12
9.5101309121664e12
9.462700584112629e12
9.41550681538329e12
9.368548418247184e12
9.321824210927354e12
9.275333017601068e12
9.22907366839981e12
9.183044999409312e12
9.137245852669533e12
9.09167507617463e12
9.04633152387303e12
9.001214055667365e12
8.956321537414504e12
8.911652840925533e12
8.867206843965785e12
8.822982430254807e12
8.778978489466365e12
8.735193917228494e12
8.691627615123416e12
8.648278490687588e12
8.605145457411721e12
8.562227434740727e12
8.519523348073765e12
8.477032128764192e12
8.434752714119651e12
8.392684047401957e12
8.350825077827176e12
8.309174760565598e12
8.26773205674176e12
8.226495933434395e12
8.185465363676494e12
8.14463932645527e12
8.104016806712138e12
8.063596795342785e12
8.023378289197105e12
7.983360291079186e12
7.943541809747419e12
7.903921859914367e12
7.864499462246819e12
7.825273643365873e12
7.786243435846706e12
7.747407878218882e12
7.708766014966064e12
7.67031689652625e12
7.632059579291618e12
7.593993125608528e12
7.556116603777667e12
7.518429088053871e12
7.480929658646241e12
7.443617401718121e12
7.406491409387014e12
7.36955077156786e12
7.332794470502533e12
7.296221551082011e12
7.259831096358427e12
7.223622193751582e12
7.187593935048909e12
7.151745416405516e12
7.116075738344143e12
7.080584005755186e12
7.045269327896709e12
7.010130818394408e12
6.975167595241648e12
6.940378780799437e12
6.905763501796432e12
6.871320889328956e12
6.837050078860969e12
6.802950210224101e12
6.769020427617617e12
6.735259879608438e12
6.701667719131151e12
6.668243103487979e12
6.63498519434881e12
6.601893157751174e12
6.568966164100251e12
6.536203388168896e12
6.503604009097589e12
6.471167210394482e12
6.438892179935365e12
6.406778109963688e12
6.374824197090557e12
6.343029642294717e12
6.311393650922588e12
6.279915432688224e12
6.248594201673323e12
6.217429176327269e12
6.186419579467061e12
6.155564638277374e12
6.124863584310539e12
6.094315653486517e12
6.063920086092937e12
6.033676126785063e12
6.003583024585854e12
5.973639968496675e12
5.943846142002551e12
5.914200814585207e12
5.884703258662858e12
5.855352749590244e12
5.826148565658594e12
5.797089988095642e12
5.768176301065644e12
5.739406791669341e12
5.710780749943998e12
5.682297468863372e12
5.653956244337727e12
5.625756375213842e12
5.597697163274987e12
5.569777913240955e12
5.541997932768028e12
5.514356532448997e12
5.48685302581317e12
5.459486729326343e12
5.432256962390834e12
5.405163047345455e12
5.378204309465523e12
5.351380076962872e12
5.324689680985826e12
5.29813245561923e12
5.271707737884424e12
5.24541486773925e12
5.21925318807807e12
5.193222044731736e12
5.167320786467618e12
5.141548764989582e12
5.115905334938002e12
5.090389853889765e12
5.065001682358246e12
5.039740183793347e12
5.014604724581459e12
4.989594674045481e12
4.96470940444483e12
4.93994829097541e12
4.915310711769645e12
4.890796047896456e12
4.866403683361268e12
4.842133005106024e12
4.817983403009155e12
4.793954269885616e12
4.770045001486852e12
4.746254996500817e12
4.722583656551979e12
4.699030386201295e12
4.675594592946247e12
4.652275687220808e12
4.62907308239546e12
4.605986194777198e12
4.583014443609507e12
4.560157251072392e12
4.537414042282359e12
4.514784245292414e12
4.492267291092073e12
4.469862613607357e12
4.447569649700796e12
4.425387839171418e12
4.403316624754758e12
4.3813554521228643e12
4.359503769884283e12
4.337761029584066e12
4.3161266857037734e12
4.294600195661472e12
4.273181019811721e12
4.251868621445605e12
4.2306624667906978e12
4.209562025011103e12
4.188566768207379e12
4.167676171416656e12
4.1468897126125117e12
4.126206872705072e12
4.105627135540936e12
4.08514998790322e12
4.064774919511562e12
4.044501423022083e12
4.024328994027416e12
4.004257131056701e12
3.9842853355755894e12
3.964413111986221e12
3.944639967627267e12
3.924965412773868e12
3.905388960637714e12
3.885910127366947e12
3.86652843204628e12
3.8472433966968735e12
3.828054546276426e12
3.80896140867912e12
3.789963514735675e12
3.771060398213265e12
3.752251595815627e12
3.733536647182964e12
3.714915094892e12
3.6963864844559697e12
3.6779503643245874e12
3.6596062583342563e12
3.6413535547559155e12
3.623191782139024e12
3.605120498513767e12
3.5871392636181978e12
3.5692476388982183e12
3.5514451875076006e12
3.533731474307968e12
3.5161060658688027e12
3.498568530467455e12
3.481118438089124e12
3.4637553604268784e12
3.446478870881638e12
3.429288544562183e12
3.41218395828516e12
3.3951646905750654e12
3.3782303216642637e12
3.361380433492973e12
3.3446146097092705e12
3.3279324356690986e12
3.3113334984362515e12
3.2948173867823906e12
3.278383691187031e12
3.2620320038375454e12
3.2457619186291753e12
3.2295730311650103e12
3.21346493875601e12
3.1974372404209854e12
3.1814895368866064e12
3.165621430587412e12
3.149832525665788e12
3.134122427971991e12
3.118490745064129e12
3.10293708620817e12
3.087461062377948e12
3.072062286255148e12
3.0567403722293213e12
3.041494936397874e12
3.0263255965660713e12
3.0112319722470425e12
2.9962136846617715e12
2.9812703567391055e12
2.9664016131157485e12
2.9516070801362607e12
2.936886385853072e12
2.922239160026457e12
2.907665034124568e12
2.8931636413233984e12
2.878734616506811e12
2.864377596266528e12
2.850092218902127e12
2.8358781244210474e12
2.82173495453859e12
2.8076623526779077e12
2.7936599639700244e12
2.7797274352538096e12
2.765864415076006e12
2.7520705536912046e12
2.738345503061862e12
2.7246889168582896e12
2.711100450458665e12
2.697579760949019e12
2.684126507123245e12
2.670740349483092e12
2.6574209502381743e12
2.64416797330596e12
2.6309810843117827e12
2.6178599505888276e12
2.604804241178143e12
2.5918136268286416e12
2.5788877799970854e12
2.566026374848108e12
2.5532290872541895e12
2.540495594795676e12
2.5278255767607754e12
2.51521871414555e12
2.5026746896539272e12
2.490193187697686e12
2.47777389439647e12
2.4654164975777812e12
2.45312068677698e12
2.4408861532372886e12
2.4287125899097876e12
2.4165996914534165e12
2.404547154234973e12
2.3925546763291177e12
2.380621957518361e12
2.3687486992930913e12
2.3569346048515347e12
2.3451793790997954e12
2.333482728651822e12
2.321844361829427e12
2.3102639886622974e12
2.298741320887952e12
2.2872760719517954e12
2.2758679570070713e12
2.264516692914899e12
2.2532219982442354e12
2.241983593271924e12
2.230801199982655e12
2.219674542068968e12
2.2086033449312817e12
2.197587335677851e12
2.1866262431248167e12
2.1757197977961575e12
2.1648677319237224e12
2.1540697794472222e12
2.1433256760142097e12
2.1326351589801208e12
2.121997967408227e12
2.1114138420696782e12
2.1008825254434758e12
2.0904037617164907e12
2.0799772967834272e12
2.0696028782468755e12
2.0592802554172756e12
2.0490091793129224e12
2.0387894026599836e12
2.0286206798924653e12
2.0185027671522568e12
2.0084354222890837e12
1.998418379906898e12
1.988451209866413e12
1.9785336335758948e12
1.968665413108376e12
1.9588463114056702e12
1.9490760922783828e12
1.9393545204059004e12
1.929681361336396e12
1.9200563814868325e12
1.9104793481429536e12
1.9009500294592942e12
1.891468194459171e12
1.8820336130346868e12
1.8726460559467341e12
1.8633052948249866e12
1.854011102167909e12
1.8447632513427478e12
1.8355615165855356e12
1.8264056730010952e12
1.81729549656303e12
1.8082307641137341e12
1.799211253364384e12
1.7902367428949429e12
1.781307012154162e12
1.7724218414595757e12
1.7635810119975076e12
1.754784305823064e12
1.746031505860138e12
1.737322395901411e12
1.7286567606083462e12
1.720034385511198e12
1.7114550570090027e12
1.702918562369582e12
1.6944246897295483e12
1.6859732280942947e12
1.6775639673380046e12
1.6691966982036443e12
1.6608712123029666e12
1.6525873021165122e12
1.6443447609936047e12
1.6361433831523577e12
1.6279829636796663e12
1.6198632985312136e12
1.611784184531471e12
1.6037454193736907e12
1.5957468016199165e12
1.5877881307009744e12
1.579869206916476e12
1.5719898314348232e12
1.564149806293198e12
1.5563489343975737e12
1.5485870195227065e12
1.540863866312138e12
1.533179280278199e12
1.5255330678020024e12
1.5179250361334507e12
1.5103549933912302e12
1.5028227485628127e12
1.4953281115044583e12
1.4878708929412092e12
1.4804509044668994e12
1.4730679585441443e12
1.4657218685043457e12
1.4584124485476912e12
1.4511395137431575e12
1.4439028800285046e12
1.4367023642102788e12
1.4295377839638118e12
1.4224089578332207e12
1.415315705231414e12
1.408257846440079e12
1.4012352026096929e12
1.3942475957595176e12
1.3872948487775986e12
1.380376785420776e12
1.3734932303146675e12
1.366644008953677e12
1.359828947700999e12
1.3530478737886091e12
1.3463006153172744e12
1.339587001256544e12
1.332906861444754e12
1.3262600265890244e12
1.3196463282652632e12
1.3130655989181672e12
1.3065176718612166e12
1.3000023812766733e12
1.293519562215592e12
1.287069050597807e12
1.2806506832119478e12
1.27426429771542e12
1.2679097326344194e12
1.2615868273639302e12
1.2552954221677148e12
1.2490353581783335e12
1.242806477397121e12
1.2366086226942053e12
1.2304416378084983e12
1.2243053673476926e12
1.2181996567882776e12
1.2121243524755195e12
1.2060793016234768e12
1.2000643523149866e12
1.194079353501675e12
1.188124155003963e12
1.182198607511044e12
1.1763025625809053e12
1.1704358726403152e12
1.164598390984832e12
1.158789971778802e12
1.1530104700553516e12
1.1472597417163945e12
1.1415376435326365e12
1.13584403314356e12
1.1301787690574385e12
1.1245417106513337e12
1.1189327181710857e12
1.1133516527313357e12
1.107798376315485e12
1.1022727517757458e12
1.0967746428331101e12
1.0913039140773463e12
1.085860430967019e12
1.080444059829465e12
1.0750546678608313e12
1.0696921231260303e12
1.0643562945587676e12
1.0590470519615282e12
1.0537642660055947e12
1.0485078082310319e12
1.0432775510466805e12
1.0380733677301797e12
1.0328951324279465e12
1.0277427201551931e12
1.0226160067959099e12
1.0175148691028682e12
1.0124391846976425e12
1.0073888320705735e12
1.0023636905808083e12
9.973636404562579e11
9.923885627936405e11
9.874383395584438e11
9.825128535849489e11
9.776119885762219e11
9.72735629104114e11
9.6788366060927e11
9.630559694011028e11
9.582524426578341e11
9.534729684264473e11
9.487174265681895e11
9.439855641569333e11
9.392772205595873e11
9.345922842036755e11
9.299306439067166e11
9.252921888762278e11
9.206768087097181e11
9.160843933946927e11
9.115148333086525e11
9.069680192190918e11
9.024438422835045e11
8.979421940493755e11
8.934629664541864e11
8.890060518254142e11
8.845713428805295e11
8.801587327270024e11
8.757681148622942e11
8.713993831738625e11
8.670524319391606e11
8.627271558256356e11
8.584234498907334e11
8.541412095818917e11
8.498803307365446e11
8.456407095821212e11
8.41422242736045e11
8.372248272057383e11
8.330483603886147e11
8.288927400720847e11
8.247578644335538e11
8.206436320404215e11
8.165499418500864e11
8.124766932099386e11
8.084237858573643e11
8.043911199197456e11
8.003785959144583e11
7.963861147488767e11
7.924135777203674e11
7.884608865162933e11
7.845279432140123e11
7.806146502808762e11
7.767209105742363e11
7.728466273414349e11
7.689917042198109e11
7.651560452366989e11
7.613395548094268e11
7.57542137745322e11
7.537636992417031e11
7.500041448858853e11
7.462633806551791e11
7.425413129168892e11
7.388378484283188e11
7.351528943367628e11
7.31486358179513e11
7.278381478838557e11
7.242081717670719e11
7.205963385364413e11
7.170025572892345e11
7.1342673751272e11
7.098687890841602e11
7.063286222708124e11
7.028061477299321e11
6.993012765087671e11
6.958139200445608e11
6.923439901645532e11
6.888913990859768e11
6.85456059416064e11
6.820378841520381e11
6.786367866811199e11
6.752526807805239e11
6.718854806174606e11
6.685351007491377e11
6.652014561227546e11
6.618844620755087e11
6.585840343345913e11
6.553000890171881e11
6.52032542630483e11
6.487813120716525e11
6.455463146278699e11
6.423274679763021e11
6.391246901841117e11
6.359378997084591e11
6.327670153964965e11
6.29611956485373e11
6.264726426022329e11
6.233489937642144e11
6.202409303784535e11
6.171483732420796e11
6.140712435422178e11
6.110094628559888e11
6.079629531505061e11
6.04931636782883e11
6.01915436500225e11
5.989142754396328e11
5.959280771282035e11
5.929567654830272e11
5.900002648111935e11
5.870584998097839e11
5.841313955658752e11
5.812188775565406e11
5.783208716488468e11
5.754373040998597e11
5.72568101556636e11
5.697131910562306e11
5.668725000256913e11
5.640459562820623e11
5.612334880323843e11
5.584350238736918e11
5.55650492793014e11
5.528798241673776e11
5.501229477638007e11
5.473797937393003e11
5.446502926408884e11
5.419343754055707e11
5.39231973360348e11
5.365430182222165e11
5.338674420981702e11
5.3120517748519495e11
5.285561572702721e11
5.259203147303819e11
5.232975835324946e11
5.2068789773358185e11
5.1809119178060443e11
5.1550740051052045e11
5.129364591502862e11
5.103783033168499e11
5.0783286901715564e11
5.053000926481431e11
5.0277991099674786e11
5.0027226123989935e11
4.9777708094452246e11
4.952943080675397e11
4.928238809558664e11
4.9036573834641187e11
4.879198193660853e11
4.8548606353178424e11
4.830644107504106e11
4.806548013188548e11
4.78257175924003e11
4.758714756427379e11
4.7349764194193713e11
4.7113561667847626e11
4.687853420992208e11
4.6644676084103687e11
4.641198159307808e11
4.6180445078530914e11
4.5950060921146875e11
4.572082354061054e11
4.549272739560595e11
4.5265766983816675e11
4.5039936841925635e11
4.4815231545615216e11
4.4591645709567834e11
4.43691739874651e11
4.414781107198781e11
4.392755169481676e11
4.37083906266323e11
4.349032267711411e11
4.3273342694940985e11
4.3057445567792267e11
4.284262622234604e11
4.2628879624279974e11
4.2416200778271436e11
4.220458472799745e11
4.1994026556133954e11
4.1784521384357544e11
4.1576064373343195e11
4.136865072276598e11
4.116227567130028e11
4.095693449661985e11
4.0752622515398926e11
4.0549335083310156e11
4.034706759502592e11
4.014581548421866e11
3.994557422355983e11
3.974633300742559e11
3.9548080790065967e11
3.935081293465234e11
3.915452482010944e11
3.8959211840920776e11
3.8764869407128564e11
3.857149294433396e11
3.837907789369674e11
3.818761971193548e11
3.799711387132755e11
3.7807555859709033e11
3.761894118047494e11
3.743126535257889e11
3.724452391053333e11
3.7058712404409485e11
3.68738263998373e11
3.6689861478005634e11
3.6506813235661975e11
3.632467728511263e11
3.614344925422267e11
3.59631247864159e11
3.578369954067504e11
3.560516919154144e11
3.542752942911526e11
3.5250775959055426e11
3.507490450257961e11
3.4899910796464386e11
3.472579059304495e11
3.455253966021533e11
3.438015378142832e11
3.420862875569544e11
3.4037960397587115e11
3.3868144537232416e11
3.3699177020319214e11
3.353105370809417e11
3.3363770477362646e11
3.3197323220488947e11
3.303170784539599e11
3.28669202755655e11
3.2702956450038e11
3.2539812323412726e11
3.2377483865847815e11
3.2215967063060046e11
3.2055257916325024e11
3.189535244247711e11
3.17362466739094e11
3.1577936658573895e11
3.1420418459981226e11
3.1263688157200867e11
3.1107741844861017e11
3.095257563314864e11
3.07981856478096e11
3.064456803014839e11
3.0491718937028314e11
3.0339634540871466e11
3.0188311029658655e11
3.003774460692959e11
2.9887931491782623e11
2.9738867918874945e11
2.9590550138422473e11
2.9442974416199884e11
2.929613703354076e11
2.915003428733729e11
2.900466249004053e11
2.8860017969660266e11
2.8716097069765015e11
2.857289614948224e11
2.843041158349796e11
2.8288639762057104e11
2.814757709096332e11
2.8007219991578986e11
2.786756490082538e11
2.772860827118245e11
2.7590346570688934e11
2.7452776282942343e11
2.731589390709893e11
2.7179695957873825e11
2.704417896554083e11
2.6909339475932526e11
2.6775174050440292e11
2.6641679266014267e11
2.6508851715163388e11
2.6376688005955353e11
2.6245184762016608e11
2.6114338622532376e11
2.59841462422466e11
2.5854604291462192e11
2.572570945604059e11
2.5597458437402164e11
2.5469847952525986e11
2.5342874733949866e11
2.5216535529770538e11
2.509082710364333e11
2.4965746234782434e11
2.4841289717960806e11
2.4717454363510144e11
2.4594236997320975e11
2.4471634460842538e11
2.434964361108286e11
2.4228261320608762e11
2.4107484477545782e11
2.398730998557832e11
2.3867734763949478e11
2.374875574746114e11
2.3630369886473978e11
2.3512574146907385e11
2.339536551023964e11
2.327874097350767e11
2.3162697549307224e11
2.3047232265792847e11
2.2932342166677774e11
2.2818024311234174e11
2.2704275774292767e11
2.2591093646243243e11
2.247847503303396e11
2.2366417056172025e11
2.2254916852723425e11
2.214397157531281e11
2.203357839212369e11
2.1923734486898245e11
2.1814437058937454e11
2.1705683323101184e11
2.159747050980798e11
2.1489795865035104e11
2.1382656650318683e11
2.1276050142753595e11
2.1169973634993454e11
2.106442443525069e11
2.0959399867296463e11
2.085489727046077e11
2.0750913999632214e11
2.0647447425258447e11
2.0544494933345667e11
2.0442053925458868e11
2.0340121818721918e11
2.023869604581738e11
2.0137774054986624e11
2.0037353310029758e11
1.9937431290305667e11
1.983800549073206e11
1.9739073421785333e11
1.9640632609500702e11
1.954268059547223e11
1.944521493685252e11
1.9348233206353207e11
1.925173299224456e11
1.9155711898355655e11
1.906016754407431e11
1.89650975643472e11
1.887049960967963e11
1.87763713461358e11
1.8682710455338635e11
1.8589514634469824e11
1.8496781596269888e11
1.8404509069037903e11
1.831269479663205e11
1.82213365384691e11
1.8130432069524548e11
1.8039979180332712e11
1.7949975676986765e11
1.7860419381138535e11
1.7771308129998648e11
1.768263977633657e11
1.7594412188480435e11
1.7506623250317288e11
1.7419270861292688e11
1.733235293641128e11
1.7245867406236356e11
1.715981221688978e11
1.7074185330052505e11
1.6988984722964185e11
1.6904208388423032e11
1.6819854334786255e11
1.673592058596976e11
1.6652405181448148e11
1.6569306176254977e11
1.6486621640982343e11
1.6404349661781342e11
1.632248834036173e11
1.624103579399184e11
1.6159990155499243e11
1.6079349573269858e11
1.5999112211248587e11
1.5919276248939005e11
1.583983988140355e11
1.5760801319263394e11
1.5682158788698398e11
1.5603910531447235e11
1.5526054804807614e11
1.5448589881635513e11
1.5371514050345978e11
1.5294825614913058e11
1.521852289486904e11
1.514260422530528e11
1.5067067956872058e11
1.4991912455778085e11
1.491713610379107e11
1.484273485364876e11
1.4768702373414468e11
1.4695036842237378e11
1.4621736558447806e11
1.4548799825895593e11
1.4476224953950003e11
1.440401025749977e11
1.4332154056953116e11
1.4260654678237698e11
1.4189510452800717e11
1.4118719717608777e11
1.4048280815147964e11
1.3978192093423846e11
1.3908451905961438e11
1.383905861180528e11
1.3770010575519324e11
1.3701306167187018e11
1.3632943762411267e11
1.3564921742314438e11
1.3497238493538422e11
1.3429892408244519e11
1.3362881884113522e11
1.3296205324345694e11
1.3229861137660744e11
1.3163847738297913e11
1.3098163546015851e11
1.3032806986092699e11
1.2967776489326068e11
1.290307049203302e11
1.283868743605014e11
1.2774625768733432e11
1.2710883942958383e11
1.2647460417119954e11
1.2584353655132553e11
1.2521562126430121e11
1.2459084305966002e11
1.2396918674213039e11
1.2335063717163538e11
1.2273517926329259e11
1.2212279798741489e11
1.2151347836950923e11
1.2090720549027751e11
1.2030396448561632e11
1.1970374054661673e11
1.1910651891956505e11
1.1851228490594182e11
1.1792102386242235e11
1.1733272120087671e11
1.1674736238836952e11
1.1616493294716055e11
1.1558541845470381e11
1.1500880454364815e11
1.1443507690183711e11
1.1386422127230878e11
1.1329622345329645e11
1.1273106929822758e11
1.1216874471572452e11
1.1160923566960434e11
1.1105252817887859e11
1.1049860831775403e11
1.0994746221563164e11
1.0939907605710727e11
1.0885343608197145e11
1.083105285852092e11
1.0777033991700089e11
1.0723285648272083e11
1.0669806474293842e11
1.0616595121341768e11
1.056365024651172e11
1.0510970512419067e11
1.0458554587198608e11
1.0406401144504622e11
1.0354508863510858e11
1.030287642891053e11
1.0251502530916351e11
1.0200385865260469e11
1.0149525133194518e11
1.0098919041489594e11
1.0048566302436249e11
9.99846563384456e10
9.948615759044016e10
9.899015406883597e10
9.849663311731761e10
9.800558213476398e10
9.751698857524939e10
9.703083994804218e10
9.654712381760568e10
9.606582780359785e10
9.558693958087125e10
9.511044687947363e10
9.463633748464674e10
9.41645992368274e10
9.369522003164717e10
9.322818781993207e10
9.276349060770316e10
9.23011164561759e10
9.184105348176062e10
9.138328985606221e10
9.09278138058802e10
9.047461361320924e10
9.002367761523822e10
8.9574994204351e10
8.912855182812589e10
8.868433898933595e10
8.82423442459493e10
8.780255621112834e10
8.736496355323033e10
8.69295549958073e10
8.649631931760551e10
8.606524535256694e10
8.563632198982712e10
8.520953817371689e10
8.478488290376183e10
8.436234523468181e10
8.394191427639195e10
8.35235791940016e10
8.3107329207815e10
8.269315359333112e10
8.228104168124342e10
8.187098285744055e10
8.14629665630052e10
8.10569822942153e10
8.0653019602543e10
8.025106809465565e10
7.985111743241496e10
7.945315733287756e10
7.905717756829439e10
7.866316796611168e10
7.827111840896962e10
7.788101883470398e10
7.749285923634433e10
7.710662966211568e10
7.672232021543724e10
7.633992105492316e10
7.595942239438205e10
7.558081450281767e10
7.520408770442825e10
7.482923237860632e10
7.44562389599397e10
7.408509793821063e10
7.371579985839613e10
7.334833532066776e10
7.298269498039186e10
7.261886954812955e10
7.225684978963675e10
7.18966265258638e10
7.153819063295564e10
7.118153304225256e10
7.082664474028879e10
7.047351676879385e10
7.012214022469136e10
6.977250626010039e10
6.942460608233397e10
6.90784309539002e10
6.873397219250171e10
6.8391221171036354e10
6.8050169317595894e10
6.771080811546743e10
6.737312910313214e10
6.703712387426658e10
6.670278407774167e10
6.637010141762283e10
6.6039067653170586e10
6.57096745988398e10
6.538191412428045e10
6.5055778154336624e10
6.473125866904777e10
6.4408347703647385e10
6.4087037348564415e10
6.3767319749421585e10
6.344918710703716e10
6.31326316774235e10
6.281764577178837e10
6.2504221756533134e10
6.219235205325487e10
6.188202913874522e10
6.1573245544989624e10
6.1265993859169334e10
6.096026672365981e10
6.06560568360313e10
6.035335694904857e10
6.005215987067109e10
5.97524584640534e10
5.945424564754447e10
5.9157514394687874e10
5.8862257734222084e10
5.856846875007979e10
5.827614058138923e10
5.798526642247302e10
5.769583952284779e10
5.7407853187225746e10
5.712130077551337e10
5.683617570281228e10
5.6552471439417725e10
5.627018151082116e10
5.598929949770727e10
5.5709819035956696e10
5.543173381664334e10
5.5155037586037766e10
5.4879724145603294e10
5.460578735199906e10
5.433322111707856e10
5.40620194078902e10
5.379217624667717e10
5.352368571087638e10
5.32565419331206e10
5.299073910123679e10
5.2726271458247215e10
5.246313330236725e10
5.220131898700915e10
5.194082292077776e10
5.168163956747435e10
5.1423763446093575e10
5.116718913082571e10
5.0911911251055664e10
5.065792449136185e10
5.04052235915194e10
5.015380334649612e10
4.990365763508366e10
4.965476475346901e10
4.940711280827103e10
4.916069565889318e10
4.891550719167117e10
4.8671541319872856e10
4.8428791983698555e10
4.8187253150280594e10
4.794691881368361e10
4.770778299490448e10
4.7469839741872246e10
4.723308312944839e10
4.699750725942641e10
4.676310626053212e10
4.652987428842357e10
4.629780552569099e10
4.6066894181856995e10
4.583713449337629e10
4.560852072363587e10
4.538104716295493e10
4.5154708128584885e10
4.492949796470954e10
4.470541104244475e10
4.448244175983868e10
4.426058454187173e10
4.403983384045645e10
4.382018413443782e10
4.36016299295929e10
4.338416575863101e10
4.316778618119371e10
4.295248578385476e10
4.27382591801203e10
4.2525101010428535e10
4.231300594215e10
4.210196866958741e10
4.189198391397565e10
4.168304642348212e10
4.147515097320611e10
4.12682923651794e10
4.106246542836582e10
4.085766501866153e10
4.065388601889499e10
4.045112333882668e10
