0.5
20.623674967742147
39.796777737273565
58.676201348468105
77.32351049200231
95.76053994947927
113.99816391178479
132.04331908976803
149.9007789613494
167.57423630921602
185.06688569353992
202.38150330973198
219.52051497931902
236.486205066081
253.2806697228003
269.9059359592981
286.3639676597639
302.6566655827556
318.7858673611998
334.7533475023919
350.5608201284568
366.21000390694707
381.7025655745224
397.04013045061214
412.2243044109646
427.2566738876464
442.1388058690431
456.8722478998592
471.4585280811175
485.89915507016
500.1956180806467
514.3493868825569
528.3619118021891
542.2346237221584
555.9689340814018
569.5662348751728
582.7246408025379
591.1394371723441
594.2065050672542
592.8808503058127
588.0268264755643
580.4181349330543
570.7378248038278
559.5782929824312
547.4412841324104
534.7378906863127
521.788552845684
508.82305858107316
495.98054363202715
483.30949150709455
470.7677334838241
458.2448403482668
445.8041498854201
433.4790539156495
421.2701923876493
409.1778618866345
397.2020156343411
385.34226348902405
373.5980630610512
361.969026051225
350.4542264371803
339.05271389797815
327.7635511132937
316.585813763417
305.51859052925175
294.5609830923166
283.7121061347439
272.9710873392804
262.3370673892873
251.80919996874053
241.38665176222938
231.0686024549583
220.85424473274537
210.74278428202362
200.73343978983962
190.825442943855
181.0180384323456
171.31048394420003
161.70205016892265
152.19202079663359
142.77969641659735
133.46482030434782
124.24690238316532
115.12538265322183
106.10004604628861
97.17102242573489
88.33878658652935
79.60415825523864
70.96830209002931
62.432727680665124
53.9992953757603
45.672410375988385
37.45844274930361
29.372334025127824
21.44127086629445
13.719081708774942
6.393439542313984
0.6555866774269078
0.002963857126078138
0.0026931230091648984
0.0028677591868242276
0.0030581842448603016
0.003266062203407852
0.0034935534876160182
0.0037430429113468324
0.004017380510788722
0.004319897188433701
0.0046543866951643635
0.0050254471185300865
0.005438322468431961
0.005899450914094864
0.006416336230546029
0.006998087141657987
0.0076558413197055745
0.008402847151316934
0.00925579376288748
0.010235149789022206
0.011366592591918757
0.01268268329044208
0.014224983829618934
0.016047662751857303
0.018221546306362836
0.020841760689143257
0.024037617360102195
0.027989124273308144
0.032952053706809585
0.0393007147462613
0.04760063564525097
0.05874020142794629
0.07418343814487993
0.09649161725386687
0.13049623526423007
0.18628085177374654
0.28802465791733184
0.5067263281206313
1.118906872985624
3.5158665185909053
12.6417654688691
31.55522887952155
53.26117995937359
74.72851928162592
95.95072383422779
116.9416644979254
137.71006231209785
158.26212344651134
178.60169927618063
198.7321006530835
218.6562367008286
238.37670443106487
257.8958893012731
277.2159652147667
296.3388690799579
315.2662714143047
334.00015800599533
352.54235542342985
370.89442182099606
389.05764693906764
407.03305210400566
424.8213902281572
442.4231458098558
459.8385349334225
477.067505269165
494.1097360733746
510.96463818833513
527.631368679048
544.1129506535273
560.4099364570744
576.5109902299478
592.3925757065387
608.0189562153666
623.3421946790859
638.3021536144789
652.8264951324593
667.2821743283845
682.6419548321489
693.8690265774264
697.3597101640069
692.199434325567
680.1627359296689
665.6966286517707
651.701637938872
637.599626213497
623.5169129395588
609.5235771589688
595.6350370363305
581.8572174726702
568.1984371285619
554.6615491074156
541.2487804543252
527.9617321560726
514.8013791411225
501.7680702796276
488.8615283834245
476.0808502060354
463.4246848658458
450.8924433245993
438.4833565707516
426.1965281323381
414.0310191661523
401.98584845774934
390.05999242144185
378.25244004028286
366.562164019237
354.9880939292514
343.52917292051933
332.18435772247733
320.9526186438076
309.8329395724374
298.824317975537
287.9257648995229
277.13630497005556
266.4549763920405
255.88083094962784
245.41293400621223
235.0503645044333
224.79221496617353
214.63759149256288
204.58427127851832
194.622374512047
184.75224692154995
174.97639677686513
165.29715988761907
155.7166996032258
146.2370068128859
136.8598999455885
127.58702497010925
118.4198553950121
109.35969226864842
100.40766417915603
91.5647272544621
82.8316651622787
74.20908911010822
65.697437845239
57.29697765474694
49.00780236549443
40.82983334413429
32.76281949710331
24.806337270628536
16.98641216848004
9.449777500909416
2.6674071871700447
0.015326157806271265
0.0026321074953528094
0.002796917291468011
0.002981173145597358
0.0031821816337633028
0.0034018979293775203
0.0036426778835050924
0.003907138473556318
0.0041984217399336984
0.004520171834854823
0.004876627624930973
0.005272790133827398
0.005714557366974715
0.006209051484337998
0.006764751541345929
0.007391879658853492
0.008103042190745844
0.008914095116702235
0.009844449963503072
0.010917792282774315
0.012164021278844223
0.013621199625996184
0.01533836980440061
0.017379461334208937
0.019829183328805056
0.022801804964898875
0.026455118392245885
0.031009447429969948
0.03678366422486865
0.0442515739770363
0.054142388043942266
0.06762985653961837
0.08670647278015256
0.11499454710509119
0.15969758505044737
0.2370190949696094
0.390404099338217
0.7687972504169744
2.061169385517023
7.490472035876217
22.617284364834415
44.000042160746915
65.58145947892989
86.90566430495602
107.99413018802828
128.85706907449742
149.50104569654394
169.930932702795
190.1503004201887
210.16223107822807
229.96940056197337
249.5742785068432
268.97912902954886
288.1860107280916
307.1968061670067
326.0133236753675
344.6372322853906
363.0700520798652
381.31315472401013
399.3677634654813
417.2342119312993
434.91433543220575
452.41039396472513
469.72317496304896
486.8519932990403
503.79469128222973
520.5476386598176
537.1057326166751
553.4623977753397
569.6095861960223
585.5377773765991
601.235978252619
616.7865899630916
634.4068929823427
652.3920385190827
667.8442511577939
678.7083060823768
683.7715290761507
682.6637965218516
675.8575354016333
664.667723297068
651.2518883891443
637.5948494318494
623.7429861158962
609.8349006283006
595.9727926571139
582.2178384291204
568.5901907098383
555.0736100587119
541.6734271234
528.3957642483505
515.2414877442449
502.2112031103281
489.3052550344047
476.52372739284414
463.8664432505781
451.3329648610987
438.92259366646476
426.63437029729
414.46707793469596
402.4197900189848
390.49166716927965
378.68163511835183
366.9886334065291
355.4116153817008
343.94954819931417
332.6014128223753
321.36620402145047
310.24293037466174
299.2306142676933
288.32829189378674
277.53501325374333
266.84984215592374
256.2718562162438
245.8001468581836
235.43381931277818
225.17199261862498
215.01379962187764
204.95838697624802
195.0049151430083
185.1526973998478
175.4010478627077
165.749100874253
156.19610005675958
146.74140071585933
137.38446984053712
128.12488610313167
118.96233985933587
109.89663314819458
100.9276796921075
92.05550489682994
83.28024585146721
74.60237663285292
66.02342207302696
57.545389297611536
49.17228104848705
40.91024947920148
32.76911993896963
24.76516846650916
16.9447506491656
9.411147839781624
2.6363930687588164
0.01480134215388804
0.002626005814281601
0.0027904548946568854
0.0029741060839278692
0.003174424611705099
0.00339341172408438
0.00363333299950776
0.0038968633819490934
0.0041871226049816496
0.004507645087821152
0.004862710884724466
0.005257266336810371
0.005697250021310337
0.006189638414004816
0.006742886758839895
0.007367109386339418
0.008074648574516468
0.008880812239169058
0.009804115038503761
0.010867973211093547
0.012101699862962534
0.013542892881009056
0.015239839845032703
0.01725565181121667
0.0196741990088652
0.022608745827536834
0.02621528223562168
0.030713600079414857
0.036420927367741766
0.0438108873208797
0.053614186646407366
0.06700909833531715
0.08600397033774299
0.114253033165167
0.15903886241170992
0.23674337137763962
0.39114971394027154
0.7720955263472181
2.0742514313210876
7.543861430478502
22.718074634442544
44.12396795776221
65.6997360679012
87.02282159861937
108.110056049461
128.97161969261225
149.61456745746557
170.04336585486186
190.2616508867579
210.27248032074294
230.07860080597254
249.6824935445267
269.0863742313257
288.2922127861666
307.3019870320641
326.11757917078137
344.74068828183755
363.17283032250043
381.4153381277913
399.46936141048326
417.33586676110133
435.01563764792564
452.50927441698633
469.8171942904102
486.9387096120123
503.87621950389405
520.6311712152498
537.2004098435353
553.5761783344732
569.746117482051
585.6932659285205
601.3960601644026
616.8283345284786
631.959321207799
647.0036378046601
663.8825036273988
678.95936114718
688.5856441248513
690.8904558255387
685.780569018643
674.9404259778436
661.7007166853801
647.9659968015933
633.9667601153812
619.9304970794085
605.9845632857088
592.1561794656805
578.4223524664137
564.804717485422
551.3069239825165
537.9316629535123
524.6808963408913
511.5558570338095
498.5570488680912
485.68424662623136
472.93649603739686
460.3128591052046
447.812873333972
435.43560063129644
423.18009391487664
411.0453981832101
399.03055051558874
387.1345800721047
375.3565080936465
363.6953479019006
352.1501048993508
340.71977656927663
329.40335247575683
318.199814263668
307.1081356586826
296.12728246727124
285.2562125767021
274.49390759308
263.8394234135145
253.29178049216964
242.85003655366745
232.51329157494624
222.28068778526327
212.15154631434763
202.12508858662275
192.20039488792347
182.37662010805747
172.6529937408099
163.02881988394003
153.5034772391822
144.07641911224678
134.7471734128169
125.51534265455295
116.38060395508994
107.34270903603726
98.40148422298022
89.55683044547852
80.8089455138931
72.15903670574968
63.608054885360055
55.15884529599731
46.816442885897004
38.58807230826109
30.484340977821766
22.526696055478844
14.771050790723855
7.36581538290707
1.1753264267577164
0.0038088387820022483
0.0026685274401045105
0.00284093139520461
0.0030291349343795388
0.0032345439757316104
0.003459225812124292
0.0037055611736118714
0.003976322113987658
0.004274762166833846
0.0046046317782907934
0.00497037336968119
0.005377139437843645
0.005831192664556919
0.006339917915071294
0.006912165295411631
0.0075586789378219825
0.008292572075680479
0.009129835409405098
0.01009041495587801
0.011199209025785356
0.012487652825328035
0.013995959771863358
0.0157762080092512
0.017896660609656355
0.020448596519446808
0.023555573730132826
0.027389193479522813
0.03219244592417479
0.03832013498790581
0.04630549358194301
0.0569813875969208
0.07171056538069118
0.09285510325766956
0.1248136066741018
0.17661860022215486
0.2694798465770858
0.46366604212261103
0.9840832735678111
2.940683406119415
10.74729121670167
28.589433149750054
50.26837062776613
71.77161295408172
93.02641811907425
114.04878556364676
134.8477925244306
155.42962376324797
175.79837278233677
195.95752352434272
215.91002822098972
235.6585623515504
255.2055246428436
274.55303775221756
293.7030860148085
312.6576363978837
331.41849468414586
349.98729355291795
368.3654925801439
386.5543782383916
404.55506389684655
422.368489821317
439.9954231742309
457.4364580146394
474.69159514518986
491.76049737199025
508.6427335184389
525.3362144418443
541.8371585835799
558.1400919690901
574.2378482078811
590.1684404171114
606.0345654212166
621.7491444238909
637.1231363984294
651.8720536263597
665.6159616974466
677.87947950969
688.0917792693265
692.4081831150355
688.2527282742785
677.8927717231953
664.3491089036827
650.405312617272
636.3448284126247
622.2864502154027
608.3075995468746
594.4368979566766
580.6733495333831
567.028170686851
553.5045147150142
540.1047172295295
526.8304186804351
513.682564356154
500.66140438348776
487.766493727625
474.99678547910855
462.3517633015884
449.83067195868017
437.43257912328676
425.1565409936359
413.00160229327537
400.96679627107557
389.0511447012284
377.25365788324643
365.573334641965
354.0091623275418
342.5601168154543
331.22516250650466
320.00325232681234
308.8933277278235
297.8942852173421
287.00496835415674
276.22435122224846
265.55145412220827
254.98533747996387
244.52510184677695
234.16988789924054
223.91887643928717
213.77128839417756
203.72638481651256
193.7834668842228
183.9418759005732
174.20099329416774
164.56024061893777
155.01907955415535
145.57701190442253
136.23357959967566
126.98836469518801
117.84098937156476
108.79111593474641
99.83844681600806
90.9827245719568
82.22373188453732
73.5612915610234
64.99548428145508
56.5303922711584
48.169465069159756
39.91995256844099
31.794953793909634
23.81367469555912
16.01776157094669
8.534754252211005
1.9655782375315893
0.007239873802312369
0.0026431315302599084
0.002811987907587806
0.00299760856712556
0.003200084853535855
0.0034215030577451743
0.0036641733233514135
0.003930798397653233
0.004224534525366417
0.004549071880027957
0.004908719593614794
0.005308550661257974
0.005754569787936237
0.006254014761027461
0.006815462997803296
0.007449323306435074
0.008168329480460345
0.008987947327972652
0.009927436150957982
0.011010776521990714
0.012268136538489358
0.013738207290027242
0.015470775945272575
0.01753106662055946
0.02000598346728527
0.02301300835448426
0.026714111169216324
0.03133859035630999
0.03721896123924156
0.04485250404039526
0.055011539430488116
0.0689512442623453
0.08882077117144414
0.11857304318421556
0.16618499873347722
0.2498960691738337
0.4196865738859119
0.8530872973751608
2.398231768238791
8.795384603686614
25.167716828075577
46.73929720209915
68.28518396518778
89.5793219986666
110.63905055569336
131.47371725812448
152.0903361046958
172.49366922130324
192.6867840960645
212.67282978755722
232.45444224901252
252.03405293962922
271.41390608396665
290.5960586719368
309.5823306867297
328.37416696883145
346.97364004582664
365.3826532866687
383.6027491739397
401.6351093038424
419.48055438621935
437.13954424453055
454.6121778158727
471.89819315097213
488.99696741417483
505.9075168834656
522.6284969504501
539.1582021203678
555.4985028858265
571.665949727693
587.6500931897533
603.4136768319383
618.8941539040944
634.0036873459769
648.6291497872435
662.6321235474684
675.8450629487292
687.0484976560425
693.2940307453912
692.8413853124223
685.5762560226599
673.0103091115066
658.2811823842371
644.1592954793063
630.0532530977797
616.0064039681994
602.0563789890962
588.221394581607
574.5033896144109
560.9080217542937
547.4372968731645
534.0920421743193
520.8728227564037
507.779941613418
494.8134396347236
481.97309560502924
469.2584262044057
456.66868600827405
444.20286748741086
431.8597019249765
419.6381725532509
407.53746710609107
395.55653586802504
383.6943349204056
371.94982614141526
360.32197720605444
348.809761586155
337.4121585503683
326.1281531641711
314.9567362898686
303.89690458658436
292.947660510275
282.108012313714
271.3769740465016
260.75356555506795
250.23681248265834
239.8257462693522
229.51940828999213
219.31705003487517
209.21787226249145
199.22101379588005
189.32566353561037
179.53106045977208
169.83649362397952
160.24130216137561
150.74487528262276
141.34665227591276
132.04612250695854
122.84282541899769
113.73635053279473
104.72633744663639
95.81282064714341
86.99597808530949
78.27604136060579
69.65425815953265
61.132903342288515
52.71527894277995
44.40571416861264
36.211458088358675
28.146290449231167
20.241381144904974
12.56233599741462
5.338757947893331
0.2816105838015576
0.0026815190181804557
0.002716957968322411
0.0028940783444121447
0.003087097354203964
0.003297905815634998
0.0035286401981284997
0.003781789363375342
0.004060286944980728
0.004367476947190529
0.004707313112291694
0.005084442092742492
0.005504323234608466
0.005973486732853888
0.006499721611403781
0.007092453652798436
0.007762939338661082
0.008525164570036704
0.00939615957033173
0.010397157231369109
0.011554666320376262
0.012902715816118104
0.014484326660636405
0.016355704224026334
0.018591162833674017
0.021290332219138543
0.02458873674836958
0.028676008676957552
0.03382257653856215
0.04042714906418782
0.04909327064045144
0.06077878635424767
0.07707217580467818
0.10077811813073806
0.13726502198984936
0.19793876424409956
0.3109120123968674
0.5618700887871229
1.301070414908475
4.304555025758507
14.993787963536185
34.88000013843634
56.56465094259646
77.99290907434788
99.17868732657519
120.13529558033234
140.8704548552731
161.38973602905378
181.69704931802713
201.79569096874548
221.68847875526623
241.37799353330206
260.8665832602072
280.15636286378134
299.2492059146056
318.1470260129633
336.85165545459336
355.3647255002885
373.6876663758738
391.82170727222535
409.7678763452629
427.5270007159399
445.09970647026546
462.4864186592809
479.6873607446724
496.7011885612187
513.5300052428482
530.1748751002829
546.6315903306648
562.8906710175742
578.9373651310208
594.7516485274375
610.3082249496968
625.5765260270924
640.5207112753554
656.601821823292
672.9267791801592
685.15679669546
690.6754094029452
688.6371321693629
679.9674596944498
667.36286651094
653.8415886167421
639.9174767597881
625.8720728827053
611.8796836244984
598.0069534357249
584.2301683580715
570.5627528944792
557.0136764070144
543.5860763901177
530.2823057296619
517.1039327029396
504.05174097867723
491.1257296170228
478.32511306955075
465.6488507098345
453.0965760665309
440.6673874751033
428.36035234636375
416.1745283097843
404.1089632135023
392.1626951243077
380.3347523276582
368.6241533276648
357.02990684710005
345.55101182740066
334.1864574286566
322.9352230296248
311.7962782277164
300.7685828390045
289.851086898224
279.04208921279366
268.3394372197887
257.74244297463963
247.25049036402206
236.8629947956959
226.57940319849484
216.39919402233804
206.32187723822028
196.34699433821615
186.4741183354838
176.70285376425602
167.0328366798508
157.46373465866105
147.995246798161
138.62710371690653
129.35906755453036
120.19093197174813
111.12252215035178
102.15369479321436
93.28433812429112
84.51437188861226
75.84374735229221
67.27244730252367
58.80048604757645
50.4279094168046
42.15484075434217
33.994228784786614
25.968681449980508
18.116276158385432
10.52222111725148
3.5531206288121346
0.04261851046840926
0.00261350810605251
0.0027658706564350505
0.0029473702903176436
0.003145249477020363
0.0033615090508918185
0.003598333813891669
0.00385838191905318
0.004144677819823908
0.004460731976658668
0.004810753146857853
0.00519961032312614
0.005633056267413571
0.006117996726351021
0.006662623195969308
0.007276899617972579
0.007972783739442766
0.008765131176364127
0.00967200798817211
0.010716055131151135
0.011925674993930734
0.013337113008916305
0.014996829223799678
0.016965472029446652
0.01932336175242479
0.022178735094695166
0.025679289659662312
0.030033385047136422
0.03554030963109163
0.04264256762128345
0.05202128238655948
0.06476585070716584
0.0827157666184777
0.1091902943689452
0.15071969190947956
0.22167015501922488
0.3592231749225093
0.6853503896776285
1.7420852516148293
6.18902915066164
19.786613355438945
40.8317824971822
62.4484191332304
83.80849291335943
104.93047966688277
125.82591665189881
