0.5
8.866002613586721
16.73730700259657
24.48881634301074
32.16954545850198
39.79677773727359
47.37869747096928
54.91992999097006
62.42326844786056
69.89066098716876
77.32351049200234
84.72282079315227
92.08936151735858
99.42375207140151
106.72653258519469
113.99816391178491
121.23902762735216
128.44943623843167
135.62969866192583
142.78006826798836
149.9007789613495
156.99205393660154
164.05410567819908
171.0871359604586
178.09133584755858
185.0668856935399
192.0139551423056
198.93270312762067
205.82327787311078
212.68582975488215
219.52051497931905
226.3274704202838
233.10683105845746
239.858730258505
246.58329976907513
253.2806697228005
259.95096863629743
266.5943234101662
273.2108593289911
279.8007000613397
286.36396765976417
292.90078256079966
299.41126358496575
305.89552793676563
312.35369120468715
318.78586736119985
325.19216876275993
331.57270614980473
337.9275886467575
344.2569237620238
350.56082012845684
356.8393931224634
363.0927492725528
369.32099371912466
375.52423110482016
381.7025655745225
387.8561007753563
393.9849398566882
400.08918547012655
406.1689397695214
412.22430441096463
418.2553805527898
424.26226885557224
430.24506948212917
436.2038820975192
442.1388058690434
448.04993946624364
453.93738106090444
459.8012283270517
465.64157844095286
471.45852808111766
477.2521734282971
483.022610165484
488.76993347791364
494.4942380530617
500.19561808064697
505.8741672526292
511.5299787632103
517.1631453088328
522.7737590881844
528.3619118021892
533.927694654017
539.47119834908
544.9925130950286
550.4917286017567
555.9689340814028
561.4242182483405
566.8576693191909
572.2693750128171
577.6594225503208
583.0279014550795
588.3749044842202
593.7005178044247
599.0048270092846
604.2879173836492
609.5498739036262
614.7907812365811
620.0107237411371
625.2097854671761
630.3880501558372
635.5456012395179
640.6825218418735
645.7988947778176
650.8948025535215
655.9703273664145
661.0255511051838
666.0605553497749
671.0754213713909
676.0702301324935
681.0450622868015
685.9999981792922
690.9351178462008
695.8505010150208
700.7462271045032
705.622375224657
710.4790241767494
715.3162524533055
720.1341382381089
724.9327594062004
729.7121935238788
734.4725178487013
739.213809329483
743.936144606297
748.639600010474
753.3242515646035
757.9901749825319
762.6374456693646
767.2661387214642
771.8763289264521
776.4680907632064
781.0414984018648
785.5966257038211
790.1335462217295
794.6523331994995
799.1530595723011
803.6357979665603
808.1006206999624
812.5475997814492
816.9768069112221
821.3883134807405
825.782190572719
830.158508961135
834.5173391112194
838.858751179463
843.1828150136141
847.4896001526811
851.7791758269271
856.0516109578734
860.3069741583045
864.5453337322539
868.7667576750225
872.9713136731633
877.159069104488
881.3300910380674
885.4844462342284
889.6222011445615
893.7434219119062
897.8481743703703
901.9365240453096
906.0085361533456
910.0642756023502
914.1038069914644
918.1271946110735
922.1345024428318
926.1257942924365
930.1011369283283
934.0605953917576
938.0042331508499
941.9321134357259
945.844299238501
949.7408533132854
953.6218381761838
957.4873161052961
961.3373491407168
965.1719990845352
968.9913275008353
972.795395715696
976.5842648171913
980.3579956553893
984.1166488423535
987.8602847521416
991.5889635208068
995.3027450463967
999.0016889889533
1002.6858547705144
1006.3553015751118
1010.010088348772
1013.6502737995169
1017.2759163973628
1020.8870743743208
1024.483805724397
1028.066168203592
1031.6342193299015
1035.1880163833155
1038.7276164058192
1042.253076201393
1045.7644523360111
1049.261801137643
1052.745178696253
1056.2146408638002
1059.670243254239
1063.1120412435173
1066.5400899695787
1069.9544443323612
1073.3551589937986
1076.7422883778183
1080.1158866703431
1083.4760078245524
1086.8227060382612
1090.1560352197043
1093.4760487943893
1096.7827999818946
1100.0763417958726
1103.3567270440471
1106.6240083282148
1109.8782380442447
1113.1194683820781
1116.347751325729
1119.5631386532834
1122.7656819369004
1125.9554325428107
1129.1324416313178
1132.2967601567977
1135.448438867699
1138.5875283065423
1141.7140788099205
1144.8281405084997
1147.9297633270176
1151.018996984285
1154.0958909931844
1157.1604946606715
1160.2128570877735
1163.2530271722387
1166.2810536976517
1169.296985230471
1172.3008701102153
1175.2927564866068
1178.2726923195714
1181.240725379239
1184.1969032459428
1187.1412733102204
1190.0738827728126
1192.9947786446637
1195.9040077469226
1198.801616710941
1201.6876519782752
1204.5621598006844
1207.5602058821346
1210.4341023133018
1211.444396350492
1209.7100533514993
1205.4929299986275
1199.6966253418432
1193.0172735129859
1185.8947163996354
1178.552421489334
1171.0756681296343
1163.5234523555819
1155.9371112674687
1148.3403230308377
1140.7394361534864
1133.140062177286
1125.5499019309627
1117.97302219024
1110.412781872205
1102.871832035311
1095.352115879376
1087.8548687455846
1080.38101151195
1072.9315867440682
1065.5070968556427
1058.1079870063727
1050.7346556613215
1043.3874545909198
1036.0666888709604
1028.7726168826048
1021.5054503123771
1014.2653541521684
1007.0524466992348
999.8667995561966
992.7084376310407
985.5773391371187
978.4734379135971
971.3967753960834
964.3473772690991
957.3251993278203
950.3301946981221
943.3623138365765
936.4215045304542
929.5077118977223
922.6208783870477
915.7609437777932
908.9278451800205
902.1215170344884
895.3418911126546
888.5888965166733
881.8624596793974
875.1625043643775
868.488951665861
861.841720008795
855.2207251488222
848.6258801722848
842.057095496222
835.5142788683715
828.9973353671678
822.5061674017433
816.0406902954004
809.600829538633
803.1864916812573
796.7975832769708
790.4340110460221
784.0956818752121
777.7825028178933
771.4943810939702
765.2312240898989
758.9929393586877
752.7794346198965
746.5906177596372
740.4263968305731
734.2866800519205
728.1713758094456
722.0803926554686
716.0136393088598
709.9710246550428
703.9524577459919
697.9578478002339
691.9871042028469
686.0401365054618
680.1168544262603
674.2171678499758
668.3409868278951
662.4882215778554
656.6587824842468
650.8525800980095
645.0695251366384
639.3095284841763
633.572501191222
627.858354474924
622.1669997189816
616.4983484736481
610.8523124557291
605.2288035485781
599.6277338021048
594.0490154327684
588.4925608235811
582.9582825241079
577.4460932504603
571.955906977789
566.4876432916625
561.0412172181739
555.6165431692916
550.2135359094824
544.8321105557118
539.4721825774449
534.1336677966449
528.816482387775
523.520542877796
518.2457661461688
512.9920694248523
507.7593702983052
502.5475867034841
497.35663692984565
492.1864396193443
487.03691376643434
481.9079787180681
476.799554173698
471.711560185274
466.6439171572463
461.5965458465627
456.5693673626713
451.5623031675177
446.5752750755478
441.6082052537053
436.6610162214337
431.7336308506747
426.82597236586906
421.937964343957
417.0695307143766
412.22059575906616
407.39108411246224
402.5809207615001
397.7900310456143
393.01834065673813
388.26577563930334
383.53226239024184
378.8177276589828
374.12209854745663
369.4453025100903
364.7872673538103
360.14792123804364
355.5271926747137
350.92501052824423
346.34130401555865
341.776002706077
337.2290365217218
332.70033573691006
328.1898309785605
323.69745322609134
319.2231338114181
314.76680441895473
310.3283970856152
305.9078442008136
301.50507850646
297.120033096966
292.7526414192409
288.4028372726948
284.0705548092315
279.7557285332596
275.4582933016843
271.17818432390936
266.9153371618363
262.66968772986917
258.4411722949088
254.22972747635387
250.03529024610364
245.85779792855504
241.69718820060586
237.55339909164886
233.42636898358165
229.31603661079592
225.22234106018536
221.14522177113767
217.08461853554783
213.0404729698189
209.01275604388152
205.0014157963031
201.00638830567286
197.027611758458
193.0650264490032
189.11857477953194
185.18820126014464
181.27385250881983
177.3754772514136
173.4930263216609
169.62645266117343
165.7757113194412
161.94075945383184
158.12155632959139
154.3180633198434
150.53024390558897
146.758063675707
143.0014903269555
139.2604936639687
135.53504559925958
131.8251201532184
128.1306934541144
124.45174373809371
120.78825134918006
117.14019873927582
113.5075704681608
109.89035320349294
106.28853572080804
102.70210890351885
99.13106574291616
95.57540133817083
92.03511289633009
88.5101997323164
85.00068981039831
81.50675408285859
78.02840165481139
74.56564961288487
71.11856403076185
67.6872599691811
64.27190147593548
60.87270158587303
57.489922320896795
54.12387468996542
50.77491868909175
47.4434633013442
44.12996649684517
40.834935232774036
37.55892545336337
34.30299853470897
31.068295860611993
27.856194506886204
24.66914394383865
21.51066702510698
18.385359987659054
15.299228030973723
12.262226556297481
9.291108464298162
6.4271590764404385
3.745493817713208
1.4687790815629502
0.20976195677622858
0.01068444550304411
0.0006949500619700752
0.000283148680698073
0.0002651262157469835
0.00026313433306236945
0.00026181412172787417
0.000260529255756364
0.00025926920450917475
0.00025801380478811454
0.0002567639783735495
0.00025553695980172817
0.0002543113101162861
0.00025321124623926415
0.0002524128888964965
0.00025215467852666583
0.00025257541898584895
0.0002537792225019114
0.0002557107344776746
0.0002582251756699861
0.0002611166252261482
0.00026425217161302433
0.00026756032197295195
0.00027096807501491947
0.0002744801889833778
0.0002780831970448956
0.00028175380775033655
0.0002855012761194959
0.0002893329943533179
0.00029321497915315615
0.000297176199854306
0.00030121971102158544
0.00030532840119940264
0.0003095152162939146
0.00031376686551040997
0.00031808558916174203
0.0003224913653009221
0.00032696534515984593
0.00033153004110583626
0.0003361633256472674
0.00034087939128517775
0.00034568549812907177
0.00035057404913161277
0.0003555366857559704
0.00036059219232470235
0.0003657465094582334
0.0003709764466998504
0.00037630591644993337
0.0003817325062290736
0.00038725222798565524
0.00039288012917313017
0.0003986006140947793
0.0004044150384141256
0.0004103479801518741
0.0004163772615402134
0.0004225334696112985
0.0004287863163954618
0.00043516288520967775
0.000441658639233064
0.0004482685251340279
0.00045499772130764486
0.00046186607111569597
0.0004688486467034342
0.0004759661144338191
0.0004832258291298131
0.000490616636361889
0.0004981447760223772
0.0005058256563886461
0.000513651220315345
0.0005216189952478253
0.000529755513156798
0.0005380456369187064
0.0005464830092564664
0.0005551117566015837
0.0005639000349408589
0.0005728510342644744
0.0005819922442559927
0.0005913094064262422
0.000600819454213335
0.0006105217375484485
0.0006204261065674108
0.0006305149305566339
0.0006408187708500741
0.0006513542282286602
0.0006620851932593889
0.0006730473241841607
0.0006842351070915515
0.0006956634654863188
0.0007073301680174371
0.0007192389319167219
0.0007314112261033751
0.0007438483614245395
0.000756540503517498
0.0007695054735857156
0.0007827711827192824
0.0007963157959231212
0.0008101665618022743
0.0008243201246268476
0.0008387933847311903
0.0008535859065463725
0.0008687096320321502
0.0008841915930634095
0.000900005815835538
0.0009161904721395689
0.0009327605766600096
0.0009496874485683609
0.0009670424637968415
0.0009847924373858374
0.0010029493623747352
0.0010215591227786792
0.0010405992502125678
0.0010601072748924964
0.0010800792637487597
0.0011005389671057697
0.0011215098164297132
0.0011429978078954244
0.001164966079626412
0.001187562008557125
0.0012107107666728043
0.0012344182394226192
0.0012587440949029891
0.0012837064529868725
0.0013093002426528245
0.0013355589896118637
0.0013625123913333435
0.0013901693129058131
0.0014186215307521776
0.001447740459674748
0.0014776994187730606
0.001508455751022176
0.0015400387083197118
0.0015725199763183659
0.0016059032139445896
0.0016402165575272272
0.0016755036377132384
0.0017117862719036253
0.0017491177605089526
0.0017875247643423643
0.0018270340044708785
0.0018677181577780634
0.0019095890001023376
0.0019527421721003057
0.001997168450351967
0.0020429350963757317
0.002090129832014873
0.002138758947399955
0.0021889117646396892
0.0022406322892413702
0.0022939736854523333
0.0023490582814366195
0.002405889638460164
0.0024645934498792104
0.002525191569807029
0.002587830758855298
0.0026525544510494293
0.0027194687164291765
0.002788655141372575
0.0028602217386913265
0.0029342877787478685
0.003010953250151982
0.0030903487692216882
0.0031725836840551694
0.0032578133372004477
0.003346127977777623
0.003437728878603165
0.003532766439534013
0.0036313750554854813
0.003733779639316716
0.0038401156997958006
0.003950638438351653
0.004065497383340846
0.004184998864444224
0.0043093248882207615
0.004438740518869104
0.004573521648832679
0.0047139755749623325
0.004860413541313364
0.00501313300252981
0.005172525551906082
0.0053389726437580425
0.005512879615425941
0.005694661119948813
0.005884821619629705
0.006083879734829229
0.006292331988052612
0.00651078424707093
0.006739966878271271
0.006980383057055734
0.007232918690454573
0.007498353867419577
0.007777537827726731
0.008071381111320351
0.008381005868248878
0.008707404006427336
0.009051905144061333
0.009415771641492373
0.009800504971741274
0.010207592999010147
0.010638877282622904
0.011096313671868533
0.011581899975363907
0.012097972617833795
0.01264714469108296
0.013232247815225548
0.013856472799338567
0.014523214121916423
0.015236523868172027
0.01600041255792424
0.016820284161128136
0.017701271971483808
0.018649651988704014
0.019672360645651324
0.020777280006182657
0.02197326396199787
0.023270724051011157
0.024680972089797488
0.026217791824860413
0.027896675572913643
0.029735012880049105
0.03175387042141065
0.03397794166693682
0.036435169627796166
0.039159831571973884
0.04219159159294378
0.045578379409498326
0.04937823860170733
0.05366103497614871
0.058512158040205826
0.0640371178749481
0.07036722309282797
0.07766812998707492
0.08615032646795771
0.09608578439064223
0.10782904374932632
0.12185344680881502
0.138800221894977
0.15955508134955868
0.1853744548484064
0.21808665831930793
0.2604368954371171
0.3167033995262307
0.39382759268418477
0.5036210195702866
0.6672701955456797
0.9248087856108905
1.3546492485743036
2.112483106009919
3.48852493995236
5.933366540396864
9.914363214197149
15.684084082405814
23.078328383190872
31.477818869619462
40.18190543164743
48.868274755021986
57.513913986407616
66.1170434786531
74.67970251752652
83.20348613308452
91.68934470943482
100.13807541958573
108.55037864503657
116.92685797578223
125.2680202103102
133.57427535560223
141.8459366271308
150.0832462193048
158.28651240485124
166.4559949343536
174.59192844282205
182.69453502047517
190.76402421274426
198.8005930214375
206.80443510833595
214.77573233682236
222.71465312431198
230.62136308225715
238.49602501614834
246.3387989255118
254.14984200391325
261.92930863895543
269.6773504122796
277.3941160995624
285.0797516705201
292.73440028890593
300.35820231251193
307.9512952931649
315.5138139767316
323.045890303116
330.54765615141736
338.01925125132925
345.46080491186154
352.8724443926867
360.2542962477458
367.6064863252491
374.9291397676734
382.2223810117662
389.48633378854265
396.7211211232873
403.9268653355513
411.10368803915634
418.25171014219177
425.3710518470166
432.46183265025593
439.5241713428059
446.5581860098302
453.56399403076165
460.5417120793
467.4914561234155
474.4133414253456
481.3074825415985
488.17399332294804
495.0129869144377
501.8245757553796
508.60887157935673
515.3659854142156
522.0960275820755
528.7991076993236
535.4753346766139
542.124816718871
548.7476613252865
555.3439753870821
561.9138705428619
568.4574558750136
574.9748369677
581.4661189862829
587.9314066773236
594.3708043685826
600.7844159690193
607.1723449687937
613.5346944392614
619.8715670329807
626.183064983708
632.4692901063991
638.7303437972081
644.9663270334894
651.1773403737961
657.3634839578815
663.5248575066951
669.6615603223885
675.7736912883115
681.8613488690137
687.9246311102429
693.9636356389467
699.9784596632719
705.9691999725643
711.9359529373701
717.8788145094314
723.797880221693
729.6932451882969
735.5650041045855
741.4132512471002
747.2380804735799
753.039585222965
758.8178585153955
764.5729929522063
770.3050807159359
776.0142135703202
781.7004828602954
787.3639795119951
793.0047940327537
798.6230165111044
804.2187366167797
809.7920436007087
815.3430262950238
820.8717731130556
826.3783720493301
831.8629106795793
837.3254761607276
842.7661552309025
848.185034209431
853.5821989968357
858.957735074843
864.3117275063739
869.644260935552
874.9554195877009
880.2452872693377
885.5139473681849
890.7614828531629
895.9879762743881
901.1935097631779
906.3781650320497
911.5420233747212
916.6851656661056
921.8076689972346
926.9096018634106
931.9910467677194
937.0520870408917
942.0928053028808
947.1132834628685
952.1136027192604
957.0938435596879
962.0540857610076
966.9944083893015
971.914889799877
976.8156076372666
981.6966388352292
986.5580596167467
991.3999454940284
996.2223712685086
1001.0254110308467
1005.8091381609275
1010.5736253278611
1015.3189444899829
1020.0451668948549
1024.7523630792614
1029.4406028692147
1034.109955379952
1038.7604890159353
1043.3922714708524
1048.0053697276164
1052.5998500583653
1057.1757780244634
1061.7332184764985
1066.272235554286
1070.7928926868647
1075.2952525925004
1079.779377278684
1084.2453280421305
1088.6931654687808
1093.1229494338024
1097.534739101587
1101.9285929257508
1106.3045686491366
1110.6627233038125
1115.0031132110723
1119.3257939814343
1123.6308205146424
1127.9182469996656
1132.1881269146993
1136.440513027163
1140.6754573937014
1144.893011360186
1149.0932255617129
1153.2761499226033
1157.441833656405
1161.5903252658877
1165.7216725430517
1169.8359225691177
1173.9331217145352
1178.0133156389766
1182.0765492913415
1186.1228669097554
1190.1523120215656
1194.1649274433478
1198.1607266980611
1202.1394987098593
1206.101322834157
1210.0463402257658
1213.9746658311592
1217.8863883884737
1221.7815704275079
1225.6602482697228
1229.5224320282423
1233.3681056078535
1237.1972267050035
1241.009726807805
1244.8055111960314
1248.5844589411195
1252.3464229061683
1256.0912297459392
1259.8186799068567
1263.5285476270076
1267.2205809361405
1270.894501655667
1274.550005398662
1278.1867615698623
1281.804413365667
1285.4025777741383
1288.9808455750003
1292.5387813396412
1296.0759234311095
1299.5917840041172
1303.0858490050393
1306.557578171913
1310.006405034438
1313.4317369139767
1316.832954923554
1320.2094139678575
1323.5604427432374
1327.1646551653464
1331.3707945279943
1335.9547169694806
1340.7010400573502
1345.4131841154049
1349.9133722237032
1354.0426302185613
1357.6607866925524
1360.6464729945046
1362.8971232295057
1364.328974258899
1364.8770657002854
1364.4952399275226
1363.1561420707244
1360.851220016263
1357.5907244067666
1353.4037086411204
1348.3380288744672
1342.4603440182066
1335.8561157399945
1328.6296084637447
1320.9038893696281
1312.8208283940712
1304.541098229758
1296.2441743256277
1288.1077968391548
1280.0139433102113
1271.9049595295814
1263.7907543536762
1255.679893028249
1247.5795971883952
1239.4957448585537
1231.4328704525042
1223.394164773374
1215.3814750136282
1207.3953047550763
1199.4348139688698
1191.5005027417396
1183.594160403699
1175.7159827789967
1167.8661502442499
1160.0448277284456
1152.2521647129447
1144.4882952314738
1136.7533378701307
1129.0473957673837
1121.370556614071
1113.7228926534003
1106.1044606809496
1098.5153020446664
1090.9554426448706
1083.4248929342496
1075.9236479178608
1068.451687153133
1061.0089747498637
1053.5954593702213
1046.2110742287443
1038.8557370923384
1031.5293502802865
1024.2318006642329
1016.962959668198
1009.722683268567
1002.5108176544942
995.3273570679944
988.1722603410382
981.0454290617856
973.9467648126039
966.8761691700721
959.8335437049741
952.818789982303
945.8318095612601
938.872503995255
931.9407748319057
925.0365236130384
918.1596518746861
911.310061147094
904.4876529547117
897.6923288161985
890.9239902444214
884.1825387464562
877.4678758235865
870.779902971305
864.1185216793108
857.483633431514
850.8751397060307
844.2929419751865
837.7369417055144
831.2070403577553
824.7031393868599
818.2251402419865
811.7729443665
805.3464531979758
798.9455681681974
792.5701907031543
786.220222223047
779.895564142284
773.5961178694779
767.321784807455
761.0724663532475
754.8480638980952
748.648478827449
742.4736125209618
736.3233663525023
730.1976422547931
724.096349964094
718.0193961551175
711.9666857364006
705.938123957153
699.9336164072624
693.9530690172866
687.9963880584587
682.063480142686
676.1542522225499
670.2686115913057
664.4064658828827
658.5677230718844
652.7522914735871
646.9600797439446
641.1909968795815
635.444952217797
629.7218554365652
624.0216165545338
618.3441459310244
612.6893542660328
607.057152600228
601.447452314956
595.8601651322335
590.2952031147528
584.7524786658797
579.2319045296548
573.7333937907916
568.2568598746789
562.8022165473775
557.3693779156263
551.9582584268339
546.5687728690855
541.2008363711391
535.8543644024267
530.529272773056
525.2254776338071
519.9428954761346
514.6814431321665
509.4410377747069
504.22159691723215
499.023038413893
493.845280459514
488.6882415895948
483.551840680308
478.4359969485007
473.34062995169336
468.26565958808254
463.21100609653587
458.1765900565983
453.16233238848616
448.16815435308996
443.1939775519769
438.2397239273853
433.3053157622285
428.3906756800952
423.4957266452448
418.6203919626158
413.7645952778165
408.92826057712904
404.1113121875146
399.3136747766023
394.5352733526982
389.77603326478385
385.0358802025125
380.3147401962124
375.6125396168852
370.92920517620695
366.2646639265248
361.6188432608719
356.9916709129385
352.3830749570961
347.79298380839623
343.2213262225579
338.6680312959752
334.1330284657156
329.61624786540153
325.1176260703268
320.63709431170923
316.17458147082397
311.7300170572555
307.3033312088927
302.8944546919318
298.503318900876
294.1298558585352
289.7739982160262
285.43567925277233
281.1148328765038
276.811393623257
272.52529665737705
268.2564777715139
264.00487338662464
259.77042055197364
255.55305694513163
251.35272087197615
247.16935126669156
243.00288769176845
238.85327033800615
234.7204400245089
230.60433819868766
226.504906936261
222.42208894125383
218.35582754599824
214.3060667111325
210.2727510256013
206.2558257066578
202.25523659986138
198.2709301790764
194.30285354647566
190.3509544325387
186.41518119605107
182.49548282410527
178.59180893210151
174.7041097637459
170.8323361910511
166.9764397143369
163.13637246223144
159.31208719166554
155.50353728788073
151.7106767644239
147.9334602631498
144.17184305421532
140.425781036091
136.69526663012465
132.98030910624504
129.28084997839383
125.59683859240396
121.92823362561376
118.27500308686693
114.63712431651207
111.01458398640494
107.40737809990495
103.81551199187739
100.23900032869312
96.67786710822827
93.1321456598645
89.60187864448896
86.08711805449381
82.58792521377636
79.10437077774135
75.63653473329656
72.1845063988561
68.74838442433987
65.32827679117142
61.92430081228304
58.53658313210937
55.16527852069071
51.810958151337935
48.47380771925012
45.15403517378101
41.852154169946324
38.56898406842354
35.30564993555217
32.063582543333666
28.84451836943056
25.6504995971693
22.483874115536242
19.347606200352082
16.247783590799827
13.192867202215583
10.200237448876385
7.300226061678336
4.549999979583983
2.0906916538353197
0.44123256867235705
0.027312686499956416
0.0013371223195935728
0.0002545587626430144
0.00021271503268174274
0.0002134188920665997
0.00021596124571591065
0.00021866060539661933
0.00022142488015200156
0.00022423304282258763
0.00022706090438561667
0.00022996520764156906
0.00023291664428465574
0.00023592163906565293
0.00023897619493342662
0.0002420878428455872
0.000245254673373195
0.0002484715068871961
0.00025173002391974637
0.00025505811950659295
0.0002584292514924826
0.0002618674430504033
0.0002653516517848523
0.00026890020997748747
0.0002725029113127752
0.0002761682208139814
0.00027988759892513934
0.00028367546950793887
0.00028752910140470095
0.0002914371032732654
0.000295420344930082
0.00029945830500296446
0.00030357564938818634
0.0003077513287186513
0.00031200745223242387
0.00031632761564533
0.00032072007366836886
0.0003251915599734202
0.0003297375058906849
0.00033436735242897545
0.0003390664443969745
0.0003438562608556289
0.0003487162521001917
0.00035367142456964475
0.0003587093597401923
0.00036383097259811846
0.00036904780440118266
0.0003743562378560261
0.00037975222997095956
0.0003852484631280053
0.00039083908016162883
0.00039653189999221654
0.00040232644754469114
0.00040822933278227724
0.0004142293584502935
0.00042035232116644465
0.000426574346682196
0.0004329143147602214
0.0004393763303191404
0.00044595302477463917
0.000452641186553353
0.0004594686736471808
0.000466419678873381
0.0004735003644157702
0.00048071751761788136
0.0004880603423426717
0.0004955503185360799
0.0005031839103409278
0.0005109656421747136
0.0005188915952536711
0.0005269713316521999
0.000535209362779596
0.0005436086786593118
0.0005521758763033691
0.000560906079008596
0.0005698203575433621
0.0005788940437463188
0.000588155594892019
0.0005976097137856758
0.0006072527696447836
0.0006170874129873266
0.000627125148743379
0.000637370447332527
0.0006478214155657923
0.0006584896519750465
0.0006693765267574845
0.0006804973737317597
0.0006918479784026997
0.0007034408275034177
0.0007152759086470748
0.0007273616002306208
0.0007397024525716769
0.0007523197491524837
0.0007652032955499481
0.0007783792698170806
0.0007918306836294554
0.0008055848231821031
0.0008196408552603295
0.0008340094050441289
0.000848701444814701
0.0008637289387472281
0.0008790797946794249
0.0008947941056961222
0.0009108665883718467
0.0009273055161648231
0.0009441272293889633
0.0009613524905783523
0.0009789644662027178
0.0009969983453322992
0.0010154603352831926
0.001034358185411669
0.0010537171495975427
0.0010735530397036693
0.001093846913457089
0.0011146462881715783
0.001135962299480604
0.0011578241465891722
0.0011802128786099922
0.0012031534368595676
0.0012266980352195992
0.0012508374914943635
0.001275569008058639
0.0013009684265640011
0.0013270212032675116
0.0013537544377105527
0.0013811946127039855
0.0014093640743795763
0.0014382713502133625
0.0014679746834036838
0.0014984780544460925
0.0015298182116062718
0.0015620169824186144
0.0015951000304875885
0.0016291327886364753
0.0016640957937421133
0.001700060174241747
0.0017370424335325515
0.0017751148650436673
0.001814269039728214
0.0018545966003032798
0.0018960913138152892
0.0019388196445183322
0.001982851771543989
0.0020282050324627724
0.002074892392761415
0.002123107626607711
0.0021727662881449606
0.0022239887867369886
0.002276807677582715
0.00233134621827573
0.002387620899897013
0.002445725333359545
0.0025057142029426193
0.0025677183015293654
0.002631772849000457
0.0026979615487607096
0.002766435861706575
0.0028372643090044942
0.002910536081378527
0.0029863650303627747
0.0030648793209086924
0.003146197223771698
0.0032304762542579566
0.0033178075368243084
0.0034083954282119727
0.0035023336647733118
0.0035997941303373988
0.0037009876854879865
0.0038060808001492475
0.003915256685262275
0.004028772634378148
0.0041467648181241394
0.0042695699128421395
0.004397354623948566
0.004530429581058857
0.004669068601757256
0.004813592673113078
0.004964332913302837
0.005121567624251199
0.005285788772700111
0.005457331772835004
0.005636578789561986
0.005824095598777375
0.006020331801796416
0.006225838217211623
0.0064410395791452725
0.006666812286464958
0.006903719757992472
0.007152428200806476
0.0074137870342290135
0.007688558278562776
0.007977726581585357
0.008282293785979094
0.008603373290396846
0.008942144040011884
0.009299807304506745
0.009677845911573228
0.010077884500641952
0.010501434352777414
0.01095049831282121
0.011426965279850229
0.011933396448342338
0.012471994172645013
0.013045603468495679
0.013657204177342602
0.01431031182820321
0.01500870873428292
0.015756382558627467
0.01655829757406786
0.017419591270859326
0.018346319377256375
0.019345003561460277
0.020423428297970243
0.0215902563732749
0.022854901931570488
0.024228848432951644
0.025724919633003822
0.02735802656244105
0.029145077696742027
0.031105634540696786
0.03326366056464286
0.035645662075620546
0.03828378741356524
0.041216181191654974
0.04448642663204704
0.04815259261243493
0.05227767075687137
0.05694288073775565
0.06224593966243671
0.06831082654463622
0.07529045303564437
0.08338040821454303
0.09283190513518169
0.10397126498866678
0.11723087363969274
0.13319337916705962
0.1526599283883822
0.1767564855635613
0.2071060105671471
0.2461174168513415
0.297502875181745
0.3672094482827624
0.46520514909040506
0.6090776358810327
0.8315910005738576
1.1960596467299607
1.8289611280933782
2.9730744875302553
5.0334878462663015
8.501297186836569
13.716969023685635
20.658628212432493
28.83672300708695
37.4942528448815
46.201664932829665
54.859318862846465
63.47537955018611
72.05038292642689
80.58600921851757
89.08352384116412
97.5437394773128
105.967317185603
114.35484862643341
122.70685606196196
131.02379235610545
139.30604097454176
147.55391598470348
155.7676620557863
163.94752853240584
172.0937828103493
180.20663787132662
188.28630034408934
196.33297050625805
204.3468422843223
212.32810325364179
220.27693463844113
228.19351131181796
236.07800179573786
243.93056826103492
251.75136652741222
259.5405460634411
267.29825052317597
275.0246361287644
282.7198508695903
290.384033708062
298.0173225433032
305.61985421115395
313.19176448417113
320.73318807162804
328.24425861951454
335.7251087105382
343.1758698641196
350.5966725363996
357.9876461202344
365.3489189451961
372.6806182775749
379.9828703203757
387.25580021332144
394.49953203285145
401.7141887921213
408.89989244100065
416.05676386608155
423.18492289066654
430.2844882747786
437.35557771515613
444.3983078452523
451.4127942352414
458.3991513920119
465.35749763183014
472.28795279849385
479.1906301657009
486.0656425041457
492.9131021144584
499.73312082720474
506.5258100028857
513.2912805319393
520.0296428347353
526.7410068615828
533.4254820927248
540.0831775383406
546.7142017385443
553.3186627633856
559.8966682128504
566.4483252168592
572.9737404352701
579.4730200578729
585.9462698043958
592.3935949245023
598.8151001977911
605.210889933796
611.581067971987
617.9257376817695
624.2450019624852
630.5389632434083
636.8077234837516
643.0513841726629
649.2700463292246
655.4638105024559
661.6327767713096
667.7770447446763
673.8967135613821
679.9918818901855
686.0626479297825
692.109109408806
698.1313635858229
704.1295072493366
710.1036367177841
716.0538478395403
721.9802359929134
727.882896086151
733.7619225574296
739.617409374868
745.4494500365145
751.2581375703609
757.0435645343283
762.8058230162704
768.545004633985
774.2612005336558
779.9545020618921
785.625002135136
791.2727935137972
796.8979684250244
802.5006185627067
808.0808350874722
813.6387086266895
819.1743292744675
824.6877865916518
830.179169605831
835.6485668113322
841.0960661692224
846.5217551073091
851.9257205201359
857.3080487689928
862.6688256819018
868.0081365536325
873.3260661456864
878.622698686312
883.8981178704909
889.1524068599513
894.3856482831553
899.5979242353056
904.7893162783494
909.9599054409664
915.1097722185837
920.2389965733606
925.3476579342038
930.4358351967534
935.50360672339
940.5510503432394
945.5782433521592
950.5852625127552
955.5721840543642
960.539083673071
965.4860365316925
970.4131172597934
975.3203999536707
980.2079581763635
985.0758649576547
989.9241927940603
994.7530136488419
999.5623989519963
1004.3524196002643
1009.1231459571211
1013.8746478527881
1018.6069945842216
1023.3202549151173
1028.0144970759156
1032.68978876379
1037.3461971426614
1041.9837888431812
1046.602629962751
1051.2027860655037
1055.7843221823139
1060.3473028108
1064.8917919153141
1069.4178529269536
1073.9255487435505
1078.4149417296821
1082.8860937166592
1087.33906600254
1091.773919352115
1096.190713996916
1100.5895096352199
1104.9703654320367
1109.3333400191202
1113.678491494962
1118.0058774247939
1122.3155548405878
1126.607580241057
1130.882009591651
1135.1388983245597
1139.3783013387156
1143.6002729997867
1147.8048671401862
1151.9921370590628
1156.1621355223062
1160.3149147625459
1164.4505264791499
1168.5690218382292
1172.6704514726284
1176.7548654819393
1180.8223134324896
1184.8728443573464
1188.9065067563147
1192.923348595949
1196.923417309529
1200.9067597970827
1204.8734224253797
1208.823451027924
1212.756890904962
1216.7135306445784
1220.9351117019685
1225.4257457663693
1230.1423902422619
1235.0434142491665
1240.0885986216485
1245.2391359093237
1250.4576303768451
1255.7080980039186
1260.9559664852873
1266.1680752307461
1271.3126753651302
1276.3594297283191
1281.279412875243
1286.0451110758697
1290.630422315219
1295.0106562933486
1299.1625344253675
1303.0641898414244
1306.6951673867175
1310.0364236214862
1313.0703268210154
1315.780656975638
1318.1526057907276
1320.1727766867061
1321.8291847990379
1323.1112569782345
1324.0098317898498
1324.5171595144845
1324.626902147784
1324.3341334004374
1323.6353386981805
1322.528415181793
1321.012671707099
1319.0888288449692
1316.7590188813156
1314.0267858171012
1310.8970853683286
1307.3762849660454
1303.4721637563507
1299.1939126003788
1294.5521340743162
1289.5588424693883
1284.2274637918756
1278.5728357630912
1272.6112078193983
1266.3602411122122
1259.839008507978
1253.0679945882007
1246.0690956494204
1238.8656197032285
1231.4822864762525
1223.9452274101734
1216.2819856617143
1208.5215161026445
1200.6941853197761
1192.8317716149652
1184.9674650051184
1177.1358672221763
1169.3663067660261
1161.6260196234723
1153.9046458717196
1146.2030180523943
1138.5219315295053
1130.8621444894627
1123.2243779410567
1115.6093157154787
1108.0176044663
1100.4498536694935
1092.9066356234111
1085.3884854488042
1077.8959010888148
1070.429343308967
1062.9892356971864
1055.5759646637787
1048.18987944145
1040.8312920852884
1033.500477472781
1026.197673303796
1018.9230801005996
1011.6768612078492
1004.459142792585
997.2700138442473
990.1095261746574
982.977694418038
975.8744960309907
968.799871292516
961.7537233040063
954.7359179892339
947.7462840943772
940.784613187987
933.8506596610239
926.9441407268209
920.0647364211181
913.2120896020332
906.3858059500805
899.5856389316672
892.8122576574525
886.0656950697357
879.3458524643253
872.6526313719373
865.9859335581773
859.3456610235585
852.7317160034829
846.1440009682585
839.5824186230913
833.0468719080789
826.5372639982264
820.0534983034287
813.5954784684877
807.1631083730948
800.7562921318469
794.3749340942387
788.0189388446572
781.6882112023969
775.3826562216412
769.1021791914812
762.8466856358975
756.6160813137781
750.4102722189003
744.2291645799467
738.0726648604983
731.9406797590283
725.8331162089158
719.7498813784315
713.6908826707523
707.6560277239438
701.6452244109806
695.6583808397259
689.6954053529486
683.7562065283149
677.8406931783837
671.9487743506213
666.0803593273837
660.2353576259322
654.4136789984212
648.615233431907
642.8399311483463
637.0876826045862
631.3583984923816
625.6519897383783
619.9683675041274
614.3074431860709
608.6691284155576
603.0533350588245
597.4599752170169
591.888961226176
586.3402056572351
580.8136213160348
575.3091212433089
569.8266187146902
564.3660272407116
558.9272605668028
553.5102326732903
548.1148577754044
542.7410503232717
537.3887250019118
532.0577967312535
526.7481806661095
521.4597921962086
516.1925469461601
510.94636077548284
505.72114977859576
500.5168302848069
495.3333188583316
490.17053229827724
485.0283884726624
479.90682089515
474.8057540777884
469.72510687524
464.664798542064
459.6247487327108
454.6048775015167
449.60510530271625
444.62535299042815
439.6655418186696
434.72559344134174
429.8054299122441
424.9049736850603
420.02414761337076
415.1628749506466
410.3210793502455
405.4986848654229
400.69561594931884
395.9117974549712
391.14715463530257
386.4016131431317
381.6750990311685
376.9675387520092
372.278859158148
367.60898750196327
362.95785143573175
358.32537901161464
353.7114986816708
349.1161392978439
344.53923011197367
339.9807007757914
335.4404813409142
330.9185022588569
326.41469438102007
321.9289889587003
317.4613176430811
313.0116124852416
308.57980593614633
304.1658308466571
299.7696204675257
295.3911084493898
291.03022884278624
286.68691609813624
282.3611050657571
278.0527309958539
273.7617295385254
269.48803674376194
265.2315890614415
260.99232334133706
256.7701768331102
252.5650871863174
248.37699245040073
244.2058310746999
240.0515419084379
235.91406420073787
231.79333760061067
227.68930215695357
223.60189831856212
219.53106693411954
215.47674925220215
211.4388869212734
207.41742198969385
203.41229690570984
199.4234545174625
195.45083807298278
191.49439122019288
187.55405800690926
183.6297828808332
179.7215272658522
175.83198334440678
171.9628080722061
168.11353681835487
164.28371527216981
160.47289944318908
156.68065566116144
152.90656057605713
149.15020115805706
145.4111746975635
141.68908880518944
137.98356141176788
134.29422076834794
130.6207054461907
126.96266433677859
123.3197566518049
119.69165192318405
116.07803000304146
112.4785810637237
108.89300559778818
105.32101441801217
101.76232865738905
98.21667976912457
94.68380952664523
91.1634700235888
87.65542367381414
84.15944321139096
80.67531169060872
77.20282248597336
73.74177929220265
70.29199612423537
66.85329731722136
63.425517526532445
60.008501727749945
56.602105216677266
53.20619360932835
49.820642841937705
46.445339170954554
43.08017917304158
39.72506974508229
36.37992810417078
33.04468178762251
29.71926865296331
26.403636877941896
23.09774496051594
19.80156171886387
16.51506629138009
13.238248136671105
9.971107033564945
6.7136530811000235
3.465906698536036
0.22789862534370836
-3.000330078785111
-6.218728033945926
-9.427233540018328
-12.625774576663419
-15.814268803328707
-18.992623559243025
-22.16073586342364
-25.318492414666117
-28.465769591555624
-31.60243345245523
-34.728339735517096
-37.84333385867635
-40.94725091964896
-44.039915695938284
-47.121142644829256
-50.190735903394824
-53.248489288486184
-56.294186296742616
-59.327600104585244
-62.34849356821983
-65.35661922363792
-68.35171928661158
-71.33352565269975
-74.3017598972429
-77.25613327536823
-80.19634672198472
-83.12209085178537
-86.03304595924813
-88.92888201863585
-91.80925868399316
-94.67382528914764
-97.5226695140207
-100.35868011163862
-103.18250612259382
-105.99422735086061
-108.79392258132022
-111.58166957976374
-114.35754509288527
-117.12162484828974
-119.87398355448508
-122.61469490089
-125.34383155782636
-128.0614651765266
-130.76766638912753
-133.4625048086725
-136.14604902911483
-138.81836662531094
-141.4795241530281
-144.12958714893634
-146.76862013061674
-149.3966865965544
-152.01384902614117
-154.62016887967874
-157.2157065983721
-159.80052160433678
-162.37467230059136
-164.9382160710652
-167.4912092805911
-170.03370727491208
-172.5657643806754
-175.08743390543523
-177.5987681376557
-180.0998183467041
-182.59063478285796
-185.07126667729827
-187.54176224211682
-190.00216867030812
-192.45253213577791
-194.8928977933358
-197.3233097786982
-199.74381120849137
-202.15444418024427
-204.55524977239773
-206.94626804429504
-209.3275380361887
-211.69909776923842
-214.06098424550797
-216.41323344797325
-218.7558922588621
-221.08901318834816
-223.41263728661582
-225.72680534098745
-228.03155789098474
-230.32693522833546
-232.61297739696744
-234.88972419301132
-237.15721516480278
-239.415489612877
-241.664586589975
-243.90454490103727
-246.1354031032102
-248.35719950583965
-250.56997217047737
-252.7737589108754
-254.96859729298836
-257.15452463497604
-259.3315780071978
-261.4997942322185
-263.659209884803
-265.80986129192155
-267.951784532745
-270.0850154386468
-272.2095895932054
-274.32554233219884
-276.43290874361077
-278.53172366762476
-280.6220216966298
-282.7038371752147
-284.777204200174
-286.8421566205024
-288.8987280373977
-290.946951804262
-292.98686102669785
-295.01848856251286
-297.04186702171467
-299.0570287665163
-301.0640059113307
-303.0628303227762
-305.0535336196722
-307.03614717304
-309.0107021061061
-310.9772292942972
-312.9357593652447
-314.88632269878036
-316.82894942694156
-318.7636694339658
-320.69051235629365
-322.6095075825702
-324.52068425364035
-326.42407126255523
-328.31969725456474
-330.20759062712494
-332.08777952989163
-333.96029186472583
-335.8251552856896
-337.68239719904744
-339.5320447632685
-341.3741248890221
-343.20866423918267
-345.0356892288249
-346.85522602522855
-348.66730054787365
-350.47193846844556
-352.26916521082984
-354.05900595111564
-355.8414856175956
-357.616628890764
-359.3844602033185
-361.1450037401582
-362.89828343838667
-364.6443229873096
-366.38314582843327
-368.1147751554698
-369.8392339143323
-371.55654480313694
-373.2667302722015
-374.9698125240484
-376.66581351340153
-378.3547549471879
-380.0366582845362
-381.7115447367777
-383.3794352674504
-385.0403505922883
-386.69431117923267
-388.3413372484272
-389.9814487722167
-391.6146654751486
-393.24100683397455
-394.8604920776494
-396.4731401873264
-398.07896989636623
-399.67799969032984
-401.27024780698207
-402.85573223628876
-404.4344707204197
-406.0064807537496
-407.5717795828491
-409.1303842064997
-410.68231137567807
-412.22757759357035
-413.7661991155606
-415.29819194923743
-416.8235066736877
-418.3420417869714
-419.8538772361985
-421.35908825722265
-422.8577374108103
-424.34987458263686
-425.83553698329143
-427.3147491482721
-428.7875229379903
-430.25385753776675
-431.7137394578354
-433.1671425333401
-434.61402792433574
-436.05434411579034
-437.4880269175808
-438.91499946449755
-440.3351722162402
-441.7484429574217
-443.1546967975646
-444.553806171103
-445.94563083738365
-447.33001788066235
-448.7068017101085
-450.07580405980065
-451.43683398873054
-452.7896878807994
-454.1341494448215
-455.4699897145209
-456.7969670485333
-458.1148271304065
-459.42330296859836
-460.72211489647924
-462.0109705723294
-463.28956497934206
-464.55758042561973
-465.81468654417824
-467.0605402929432
-468.29478595475166
-469.51705513735294
-470.72696677340616
-471.9241271204834
-473.1081297610665
-474.2785556025496
-475.43497287723784
-476.5769371423467
-477.70399128000463
-478.8156654972499
-479.8971884439813
-480.90480374140066
-481.83684338709344
-482.6949506308869
-483.4809216331874
-484.19670546497736
-484.84440410781707
-485.4262724538448
-485.9447183057754
-486.402302376902
-486.80173829109447
-487.1458925828006
-487.4377846970453
-487.6805869894312
-487.8776247261382
-488.03237608392357
-488.14847215012225
-488.2296969226464
-488.2799873099858
-488.30343313120767
-488.30427711595644
-488.28691490445425
-488.2558950475006
-488.2159190064722
-488.17184115332367
-488.12866877058667
-488.0915620513705
-488.06583409936184
-488.0569509288247
-488.0705314646009
-488.11234754210926
-488.1883239073462
-488.30453821688576
-488.46722103787926
-488.68275584805536
-488.95767903572033
-489.298679899758
-489.7126006496292
-490.2064364053728
-490.7873351976047
-491.46259796751804
-492.2396785668842
-493.0995266962538
-493.98795585755533
-494.90086866143986
-495.83602899907163
-496.7912989867629
-497.7646389659748
-498.7541075033187
-499.7578613905535
-500.77415564458835
-501.8013435074802
-502.8378764464364
-503.8823041538117
-504.9332745471114
-505.98953376898885
-507.04992618724623
-508.11339439483584
-509.17897920985746
-510.24581967556156
-511.313153060346
-512.380314857759
-513.4467387864966
-514.511956790405
-515.5755990384783
-516.63739392486
-517.6971680688436
-518.7548463148695
-519.8104517325293
-520.864105616562
-521.9160274868568
-522.966535088451
-524.0160443915308
-525.0648604687887
-526.1116952945354
-527.1561732267694
-528.1982386810901
-529.2378376055858
-530.2749174808313
-531.3094273198906
-532.3413176683143
-533.3705406041411
-534.397049737898
-535.4208002125987
-536.4417487037462
-537.4598534193294
-538.4750740998269
-539.4873720182032
-540.4967099799126
-541.5030523228953
-542.50636491758
-543.5066151668836
-544.50377200621
-545.4978059034519
-546.4886888589882
-547.4763944056874
-548.4608976089045
-549.4421750664823
-550.4202049087522
-551.3949667985326
-552.3664419311303
-553.334613034339
-554.2994643684412
-555.2609817262064
-556.2191524328923
-557.1739653462442
-558.1254108564949
-559.0734808863656
-560.0181688910645
-560.9594698582886
-561.8973803082214
-562.8318982935355
-563.7630233993899
-564.6907567434328
-565.6151009757991
-566.5360602791116
-567.4536403684815
-568.3678484915068
-569.2786934282749
-570.1861854913585
-571.0903365258209
-571.9911599092111
-572.8886705515658
-573.7828848954114
-574.67382091576
-575.5614972213407
-576.4459048878708
-577.327040737258
-578.2049124854916
-579.0795278828348
-579.9508947138228
-580.8190207972636
-581.6839139862388
-582.5455821681016
-583.4040332644792
-584.2592752312703
-585.1113160586476
-585.9601637710555
-586.8058264272123
-587.648312120108
-588.4876289770057
-589.3237851594419
-590.1567888632248
-590.9866483184367
-591.813371789431
-592.6369675748359
-593.4574440075506
-594.2748094547477
-595.089072317873
-595.9002410326444
-596.7083240690534
-597.5133299313632
-598.3152671581107
-599.114144322105
-599.9099700304286
-600.702752924436
-601.4925016797547
-602.2792250062857
-603.0629316482017
-603.8436303839492
-604.6213300262463
-605.3960394220851
-606.1677674527294
-606.9365230337171
-607.7023151148575
-608.4651526802329
-609.2250447481995
-609.9820003713849
-610.7360286366904
-611.4871386652895
-612.2353396126291
-612.9806406684284
-613.723051056679
-614.4625800356464
-615.1992368978676
-615.9330309701536
-616.6639716135873
-617.3920682235247
-618.1173302295944
-618.8397670956982
-619.5593883200103
-620.2762034349774
-620.9902220073199
-621.70145363803
-622.4099079623735
-623.115594649888
-623.818523404385
-624.5187039639477
-625.2161461009333
-625.9108596219706
-626.6028543679614
-627.2921402140813
-627.978727069777
-628.6626248787696
-629.3438436190519
-630.0223933028905
-630.698283976823
-631.3715257216612
-632.04212865249
-632.7101029186658
-633.3754587038194
-634.0382062258516
-634.6983557369394
-635.35591752353
-636.0109019063452
-636.6633192403782
-637.313179914895
-637.9604943534356
-638.6052730138116
-639.2475263881081
-639.8872733112858
-640.5245312296045
-641.1593078845543
-641.7916110233351
-642.4214484003974
-643.0488277774433
-643.673756923427
-644.2962436145532
-644.916295634279
-645.533920773312
-646.1491268296123
-646.7619216083907
-647.3723129221094
-647.9803085904827
-648.5859164404756
-649.1891443063053
-649.7900000294397
-650.388491458599
-650.9846264497539
-651.5784128661275
-652.1698585781936
-652.7589714636778
-653.3457594075572
-653.9302303020602
-654.5123920466668
-655.0922525481081
-655.6698197203674
-656.2451014846786
-656.8181057695276
-657.3888405106517
-657.9573136510392
-658.5235331409305
-659.0875069378169
-659.6492430064418
-660.2087493187993
-660.7660338541356
-661.321104598948
-661.873969546985
-662.4246366992475
-662.9731140639865
-663.519409656706
-664.0635315001599
-664.605487624355
-665.1452860665482
-665.682934871249
-666.2184420902179
-666.7518157824662
-667.283064014258
-667.8121948591076
-668.3392163977818
-668.8641367182978
-669.3869639159253
-669.9077060931844
-670.4263713598478
-670.9429678329388
-671.4575036367322
-671.9699869027548
-672.4804257697842
-672.9888283838503
-673.4952028982334
-673.9995574734661
-674.501900277332
-675.0022394848663
-675.5005832783559
-675.9969398473384
-676.4913173886038
-676.9837241061929
-677.4741682113985
-677.962657922764
-678.4492014660854
-678.9338070744091
-679.4164829880332
-679.8972374545081
-680.3760787286344
-680.8530150724652
-681.328054755304
-681.8012060537075
-682.2724772514814
-682.741876639685
-683.2094125166282
-683.6750931878719
-684.1389269662292
-684.6009221717644
-685.0610871317934
-685.5194301808831
-685.9759596608527
-686.4306839207716
-686.8836113169616
-687.3347502129964
-687.7841089796995
-688.2316959951471
-688.6775196446667
-689.1215883208376
-689.5639104234893
-690.0044943597043
