0.5
39.79677773727359
77.32351049200234
113.99816391178491
149.9007789613495
185.0668856935399
219.52051497931905
253.2806697228005
286.36396765976417
318.78586736119985
350.56082012845684
381.7025655745225
412.22430441096463
442.1388058690434
471.45852808111766
500.19561808064697
528.3619118021892
555.9689340814028
583.0279014550795
609.5498739036262
635.5456012395179
661.0255511051838
685.9999981792922
710.4790241767494
734.4725178487013
757.9901749825319
781.0414984018648
803.6357979665603
825.782190572719
847.4896001526811
868.7667576750225
889.6222011445615
910.0642756023502
930.1011369283283
949.7408533132854
968.9913275008353
987.8602847521416
1006.3553015751118
1024.483805724397
1042.253076201393
1059.670243254239
1076.7422883778183
1093.4760487943893
1109.8782380442447
1125.9554325428107
1141.7140788099205
1157.1604946606715
1172.3008701102153
1187.1412733102204
1201.6876519782752
1209.7100533514993
1178.552421489334
1140.7394361534864
1102.871832035311
1065.5070968556427
1028.7726168826048
992.7084376310407
957.3251993278203
922.6208783870477
888.5888965166733
855.2207251488222
822.5061674017433
790.4340110460221
758.9929393586877
728.1713758094456
697.9578478002339
668.3409868278951
639.3095284841763
610.8523124557291
582.9582825241079
555.6165431692916
528.816482387775
502.5475867034841
476.799554173698
451.5623031675177
426.82597236586906
402.5809207615001
378.8177276589828
355.5271926747137
332.70033573691006
310.3283970856152
288.4028372726948
266.9153371618363
245.85779792855504
225.22234106018536
205.0014157963031
185.18820126014464
165.7757113194412
146.758063675707
128.1306934541144
109.89035320349294
92.03511289633009
74.56564961288487
57.489922320896795
40.834935232774036
24.66914394383865
9.291108464298162
0.01068444550304411
0.00026181412172787417
0.00025553695980172817
0.00025257541898584895
0.00026425217161302433
0.00028175380775033655
0.00030121971102158544
0.0003224913653009221
0.00034568549812907177
0.0003709764466998504
0.0003986006140947793
0.0004287863163954618
0.00046186607111569597
0.0004981447760223772
0.0005380456369187064
0.0005819922442559927
0.0006305149305566339
0.0006842351070915515
0.0007438483614245395
0.0008101665618022743
0.0008841915930634095
0.0009670424637968415
0.0010601072748924964
0.001164966079626412
0.0012837064529868725
0.0014186215307521776
0.0015725199763183659
0.0017491177605089526
0.0019527421721003057
0.0021889117646396892
0.0024645934498792104
0.002788655141372575
0.0031725836840551694
0.0036313750554854813
0.004184998864444224
0.004860413541313364
0.005694661119948813
0.006739966878271271
0.008071381111320351
0.009800504971741274
0.012097972617833795
0.015236523868172027
0.019672360645651324
0.026217791824860413
0.036435169627796166
0.05366103497614871
0.08615032646795771
0.15955508134955868
0.39382759268418477
2.112483106009919
23.078328383190872
66.1170434786531
108.55037864503657
150.0832462193048
190.76402421274426
230.62136308225715
269.6773504122796
307.9512952931649
345.46080491186154
382.2223810117662
418.25171014219177
453.56399403076165
488.17399332294804
522.0960275820755
555.3439753870821
587.9314066773236
619.8715670329807
651.1773403737961
681.8613488690137
711.9359529373701
741.4132512471002
770.3050807159359
798.6230165111044
826.3783720493301
853.5821989968357
880.2452872693377
906.3781650320497
931.9910467677194
957.0938435596879
981.6966388352292
1005.8091381609275
1029.4406028692147
1052.5998500583653
1075.2952525925004
1097.534739101587
1119.3257939814343
1140.6754573937014
1161.5903252658877
1182.0765492913415
1202.1394987098593
1221.7815704275079
1241.009726807805
1259.8186799068567
1278.1867615698623
1296.0759234311095
1313.4317369139767
1331.3707945279943
1354.0426302185613
1364.8770657002854
1353.4037086411204
1320.9038893696281
1280.0139433102113
1239.4957448585537
1199.4348139688698
1160.0448277284456
1121.370556614071
1083.4248929342496
1046.2110742287443
1009.722683268567
973.9467648126039
938.872503995255
904.4876529547117
870.779902971305
837.7369417055144
805.3464531979758
773.5961178694779
742.4736125209618
711.9666857364006
682.063480142686
652.7522914735871
624.0216165545338
595.8601651322335
568.2568598746789
541.2008363711391
514.6814431321665
488.6882415895948
463.21100609653587
438.2397239273853
413.7645952778165
389.77603326478385
366.2646639265248
343.2213262225579
320.63709431170923
298.503318900876
276.811393623257
255.55305694513163
234.7204400245089
214.3060667111325
194.30285354647566
174.7041097637459
155.50353728788073
136.69526663012465
118.27500308686693
100.23900032869312
82.58792521377636
65.32827679117142
48.47380771925012
32.063582543333666
16.247783590799827
2.0906916538353197
0.00021271503268174274
0.00022423304282258763
0.00023897619493342662
0.00025505811950659295
0.0002725029113127752
0.0002914371032732654
0.00031200745223242387
0.00033436735242897545
0.0003587093597401923
0.0003852484631280053
0.0004142293584502935
0.00044595302477463917
0.00048071751761788136
0.0005188915952536711
0.000560906079008596
0.0006072527696447836
0.0006584896519750465
0.0007152759086470748
0.0007783792698170806
0.000848701444814701
0.0009273055161648231
0.0010154603352831926
0.0011146462881715783
0.0012266980352195992
0.0013537544377105527
0.0014984780544460925
0.0016640957937421133
0.0018545966003032798
0.002074892392761415
0.00233134621827573
0.002631772849000457
0.0029863650303627747
0.0034083954282119727
0.003915256685262275
0.004530429581058857
0.005285788772700111
0.006225838217211623
0.0074137870342290135
0.008942144040011884
0.01095049831282121
0.013657204177342602
0.017419591270859326
0.022854901931570488
0.031105634540696786
0.04448642663204704
0.06831082654463622
0.11723087363969274
0.2461174168513415
0.8315910005738576
8.501297186836569
46.201664932829665
89.08352384116412
131.02379235610545
172.0937828103493
212.32810325364179
251.75136652741222
290.384033708062
328.24425861951454
365.3489189451961
401.7141887921213
437.35557771515613
472.28795279849385
506.5258100028857
540.0831775383406
572.9737404352701
605.210889933796
636.8077234837516
667.7770447446763
698.1313635858229
727.882896086151
757.0435645343283
785.625002135136
813.6387086266895
841.0960661692224
868.0081365536325
894.3856482831553
920.2389965733606
945.5782433521592
970.4131172597934
994.7530136488419
1018.6069945842216
1041.9837888431812
1064.8917919153141
1087.33906600254
1109.3333400191202
1130.882009591651
1151.9921370590628
1172.6704514726284
1192.923348595949
1212.756890904962
1235.0434142491665
1260.9559664852873
1286.0451110758697
1306.6951673867175
1320.1727766867061
1324.626902147784
1319.0888288449692
1303.4721637563507
1278.5728357630912
1246.0690956494204
1208.5215161026445
1169.3663067660261
1130.8621444894627
1092.9066356234111
1055.5759646637787
1018.9230801005996
982.977694418038
947.7462840943772
913.2120896020332
879.3458524643253
846.1440009682585
813.5954784684877
781.6882112023969
750.4102722189003
719.7498813784315
689.6954053529486
660.2353576259322
631.3583984923816
603.0533350588245
575.3091212433089
548.1148577754044
521.4597921962086
495.3333188583316
469.72510687524
444.62535299042815
420.02414761337076
395.9117974549712
372.278859158148
349.1161392978439
326.41469438102007
304.1658308466571
282.3611050657571
260.99232334133706
240.0515419084379
219.53106693411954
199.4234545174625
179.7215272658522
160.47289944318908
141.68908880518944
123.3197566518049
105.32101441801217
87.65542367381414
70.29199612423537
53.20619360932835
36.37992810417078
19.80156171886387
3.465906698536036
-12.625774576663419
-28.465769591555624
-44.039915695938284
-59.327600104585244
-74.3017598972429
-88.92888201863585
-103.18250612259382
-117.12162484828974
-130.76766638912753
-144.12958714893634
-157.2157065983721
-170.03370727491208
-182.59063478285796
-194.8928977933358
-206.94626804429504
-218.7558922588621
-230.32693522833546
-241.664586589975
-252.7737589108754
-263.659209884803
-274.32554233219884
-284.777204200174
-295.01848856251286
-305.0535336196722
-314.88632269878036
-324.52068425364035
-333.96029186472583
-343.20866423918267
-352.26916521082984
-361.1450037401582
-369.8392339143323
-378.3547549471879
-386.69431117923267
-394.8604920776494
-402.85573223628876
-410.68231137567807
-418.3420417869714
-425.83553698329143
-433.1671425333401
-440.3351722162402
-447.33001788066235
-454.1341494448215
-460.72211489647924
-467.0605402929432
-473.1081297610665
-478.8156654972499
-483.4809216331874
-486.402302376902
-487.8776247261382
-488.30343313120767
-488.17184115332367
-488.0705314646009
-488.68275584805536
-490.7873351976047
-494.90086866143986
-499.7578613905535
-504.9332745471114
-510.24581967556156
-515.5755990384783
-520.864105616562
-526.1116952945354
-531.3094273198906
-536.4417487037462
-541.5030523228953
-546.4886888589882
-551.3949667985326
-556.2191524328923
-560.9594698582886
-565.6151009757991
-570.1861854913585
-574.67382091576
-579.0795278828348
-583.4040332644792
-587.648312120108
-591.813371789431
-595.9002410326444
-599.9099700304286
-603.8436303839492
-607.7023151148575
-611.4871386652895
-615.1992368978676
-618.8397670956982
-622.4099079623735
-625.9108596219706
-629.3438436190519
-632.7101029186658
-636.0109019063452
-639.2475263881081
-642.4214484003974
-645.533920773312
-648.5859164404756
-651.5784128661275
-654.5123920466668
-657.3888405106517
-660.2087493187993
-662.9731140639865
-665.682934871249
-668.3392163977818
-670.9429678329388
-673.4952028982334
-675.9969398473384
-678.4492014660854
-680.8530150724652
-683.2094125166282
-685.5194301808831
-687.7841089796995
-690.0044943597043
