0.5
20.623674967742147
39.796777737273565
58.676201348468105
77.32351049200231
95.76053994947927
113.99816391178479
132.04331908976803
149.9007789613494
167.57423630921602
185.06688569353992
202.38150330973198
219.52050284644056
236.48616281067532
253.2806118087473
269.90589041117835
286.3639551507842
302.41575729042944
314.0290195577309
320.3722346741594
322.21524745619445
320.29620950300074
315.3215791964283
307.9661217010126
298.87290896397474
288.65331971522033
277.8870394673408
267.1220605156134
256.65641572055523
246.27939918359647
235.98752294992406
225.78534960451762
215.67578327639316
205.6601007851388
195.73903844199148
185.9130579215601
176.1824186746455
166.54739170360898
157.00825956237225
147.5653163564174
138.21886774278727
128.96923093008505
119.81673467847403
110.76171929967865
101.80453665698295
92.94555016523275
84.1851347908324
75.52370462062814
66.96296624700342
58.50513636788648
50.1541288103234
41.91637602981069
33.80125451159539
25.82568659692466
18.02717382880278
10.494765902624444
3.585086732760098
0.05796232611278409
0.013430592418152783
0.015080024110970763
0.017060670964053424
0.01943389806331175
0.022308986826894497
0.02583598364973118
0.030225614533198143
0.03578096254290935
0.04295111038954674
0.05242667968679794
0.06531326555472465
0.08347656687440728
0.11027175512056042
0.15228739499891836
0.2240199295465506
0.3630198501566682
0.692199854387835
1.7548354202992724
6.190797621044091
19.698231340894143
40.685886199672936
62.228133676626264
83.5119762852017
104.54679541373395
125.34101284238174
145.89888740582595
166.22110154586053
186.3045012445963
206.14763424843864
225.7426139988437
245.0723564969713
264.11058030368247
282.8218065395433
300.5256567590628
317.8169163808717
335.4706818780388
352.2156063474984
364.7292599323166
367.93249822983694
362.00463463798917
352.29372451950275
341.71431405108626
330.8267505425354
319.8788538701978
308.95282646743675
298.0861523844336
287.2959945561056
276.5916829740607
265.9788604200164
255.46118707667384
245.0405740376437
234.71815115900748
224.49431750190726
214.36922517970262
204.34293136483086
194.41539828880695
184.58649324222458
174.8559885747536
165.22392117706573
155.69081999813338
146.25631457505798
136.92008742459058
127.6819288146876
118.54173676451201
109.49951704443225
100.5553831760233
91.70955643206649
82.9623658365482
74.31483561268152
65.7681458605106
57.3241945602962
48.98778811836099
40.76666825390339
32.671511998997445
24.71880417944182
16.94848870212402
9.471424046125339
2.740616278724947
0.02797123651049945
0.013633149514323907
0.015335827641985595
0.017366443761901936
0.019803039899777015
0.022759869414266606
0.026393907174186458
0.030926495922138437
0.03667734898818194
0.04412317001965263
0.05399891188416103
0.06749062655125604
0.08661699942511672
0.11504935709126365
0.16008347821586655
0.23810119902629573
0.39274710203927626
0.772688150349518
2.0609077561649087
7.430179220824199
22.398291300563354
43.69182345417272
65.20673296796414
86.45492046126193
107.45581161345234
128.21709041253166
148.74219667851452
169.03129554615967
189.08121413739318
208.8905064245766
228.45014930489637
247.7415344658342
266.73646838516913
285.39717233097264
303.11869035646805
320.4734353100078
337.9976106625638
354.19509064009503
365.53435818206765
367.0773269409459
360.3358703512318
350.4002001226107
339.78074364287886
328.8824409813472
317.93758017808574
307.0185858134436
296.16606010492757
285.3924971113003
274.7055956953032
264.1103758191216
253.60978858081663
243.20606063503166
232.90069419299192
222.6944670225062
212.58743244796412
202.57895211414692
192.6686500090407
182.85677581464688
173.14352047633906
163.52898725182325
154.0131917111405
144.5960617366655
135.27743752310576
126.05707157750389
116.93462871923464
107.9100072509942
98.98321119398976
90.15440727684586
81.4243160589205
72.79421193030305
64.26592311181624
55.84187716850623
47.5263590330711
39.324831028873085
31.250833382461465
23.328065780718934
15.599253487251564
8.19797025384116
1.7756610140745477
0.01642421806234599
0.013910454841431191
0.01566982527006795
0.017765427648402485
0.020284621125239488
0.023348253041958433
0.02712268474847441
0.03184394962469785
0.037854538801315084
0.04566762518554448
0.05608035657012745
0.07038912301316928
0.09082406627833199
0.12150201476288937
0.1707692581123028
0.25784178315977385
0.43581999063998605
0.895276449223528
2.5497087163553203
9.29169669678844
25.999187635321594
47.55292883166087
69.01189994543701
90.2153166803546
111.17310324727362
131.89201150909295
152.37518882375787
172.62195414003804
192.62929927393986
212.3949483314116
231.90821837228964
251.1489851133156
270.0876829281378
288.6421326603753
305.9791443386529
323.28540470167343
340.83947590938163
356.7697154143636
367.0542759618479
366.8620938777425
359.24867741761585
349.08262030477596
338.38584935483834
327.4667275084541
316.5159309142034
305.6009781563616
294.7573337117633
283.9932976545128
273.3173079121369
262.73360955465847
252.24506474764345
241.85378685293037
231.56114042862953
221.36774122912115
211.27345620505966
201.2775846488767
191.3799854719364
181.58079318375508
171.88010625828
162.27798703742997
152.7744617310927
143.36952041712672
134.0631170413614
124.85516941759498
115.7455592275969
106.73413202110551
97.82069721583046
89.00512715687717
80.28836413591502
71.6713749052851
63.15610217896094
54.7457857437995
46.44496245953956
38.26048310906037
30.20457753731194
22.302483216190506
14.605230144661471
7.270426401786153
1.1653785371658754
0.014038915064692703
0.014123504647284997
0.015923677123402754
0.01806934782357215
0.02065235098387929
0.023798476054638213
0.027681611334243565
0.03254932082981804
0.03876180878689108
0.04686180854860568
0.05769662792192538
0.0726541799792698
0.09413988597742172
0.12664067511180843
0.17938743153696302
0.27407944270820667
0.47246806681133163
1.0053506253704116
3.0055168381578152
10.895543956280115
28.734726711519443
50.351519903695156
71.78004322604362
92.95073258644172
113.87726473230434
134.56558021337747
155.01812486208956
175.2339389219643
195.2093746928617
214.94355065115997
234.4254958202602
253.632327933885
272.52925343608416
291.0695674812324
308.9858282759566
326.3020307297859
343.2037265886718
357.86863942432404
366.33207797990246
364.4804590022272
356.3196857269392
345.9679204069698
335.2934156317271
324.3890202214601
313.4599978127082
302.5709027203811
291.7524045294757
281.0153195303654
270.36722297732643
259.81176793073917
249.35153192049293
238.98845395359515
228.72383451416852
218.5583355634516
208.49198053979921
198.5241881340748
188.65461234824113
178.8833297425584
169.21038630864376
159.6358145148917
150.1596333064714
140.78184810533043
131.50245081019258
122.32141979655813
113.23871991670465
104.25430249968439
95.36810535132861
86.58005275424286
77.89093651539807
69.30202181217936
60.81523253390924
52.43435385626261
44.16503251862606
36.0150568527738
27.998504497838454
20.145603738926727
12.525171436988485
5.3648114845303505
0.31685510553689
0.013161871412296825
0.014591571669007248
0.01647995635030073
0.018736547620739712
0.021461252093452655
0.024791684984596513
0.028919069146915794
0.034116985673077575
0.040788111118268036
0.04954346487916002
0.06134971892343242
0.07781364126563085
0.1017708191679498
0.13864084890114828
0.1999379547723848
0.3140202431045092
0.5671669575843199
1.310741815422778
4.307154103614032
14.918877008784914
34.708444553925034
56.32458607012048
77.67983959110552
98.78199169166582
119.64176986302019
140.26459317746628
160.65179982637298
180.80212332136577
200.71115070657288
220.37343286475686
239.77679166948414
258.8989260356373
277.70701456067206
296.0998992908212
314.17781045095234
331.66808538208636
347.64438070148805
360.5093289149082
366.06341993093974
362.82985351053907
353.8308772887457
343.38746251954956
332.5359977434166
321.59698695405064
310.67798722110354
299.8071266286854
289.00682611862055
278.2895290324383
267.66336404784965
257.1321451787483
246.6971269415672
236.35998590046597
226.12103797904544
215.980509773687
205.9385556617272
195.9952578014589
186.15062613212817
176.40459837393882
166.75704002804912
157.20810058122817
147.75810057510168
138.40623849488819
129.1519609886175
119.99503031686463
110.93552435275033
101.97383658194225
93.11067610265172
84.34706762563806
75.68435147420601
67.12418358420598
58.66853550403444
50.31969439463295
42.08067864155814
33.96249580382615
25.984047758703603
18.181411040211458
10.642589933792099
3.7104278251356986
0.06531706014309704
0.013401398125296895
0.015042768887895987
0.017017062727909135
0.0193820999752632
0.022247046395154277
0.025760420783752676
0.03013217044792725
0.03566326761384085
0.04279904683291137
0.05222285201645821
0.0650282705005237
0.08305653923923878
0.1096220022112053
0.15122381574883204
0.22211523909316208
0.3590553481422943
0.6817151372501697
1.7162433622665318
6.028510863682776
19.325376320315076
40.212830515600196
61.77432889654544
83.06351393922603
104.10342474761255
124.90274303572954
145.46561989948432
165.79265802063856
185.8813807426412
205.7298016859221
225.32931844877555
244.66338034954214
263.7074884266091
282.3921647417221
300.4542385230274
318.41213293293015
336.01971108434975
351.8854474413886
363.4724278193362
366.2147078288951
360.5820568381481
351.1746736681513
340.5909604605548
329.7267067373884
318.7910244063933
307.86869091233393
297.0108862119707
286.235192774061
275.54192369847857
264.94009496309525
254.43321635780467
244.0231250561702
233.71087456102694
223.49716454449384
213.3823408479781
203.36639548217147
193.44896681246672
183.62969004080324
173.90872649117765
164.28624385187334
154.7623361134061
145.3370235685239
136.01025281220907
126.7818967416745
117.6517545563672
108.61955175796702
99.68506559485382
90.8487000452543
82.11088509559562
73.47272663227862
64.9361086904469
56.503693453988106
48.17944792689784
39.96908933723098
31.88384015176857
23.9475554242796
16.20104884977039
8.763840911190098
2.189804160130285
0.019716219054159198
0.013784706469275865
0.015519416779944955
0.01758576213104995
0.020067732872944267
0.023082790082385264
0.02679364654990859
0.03142930613943675
0.037322064688574845
0.04496809693504309
0.055136482759954704
0.06907284152080319
0.08890788489372733
0.11855161679954318
0.1658635933702566
0.2487338701172533
0.41575943938724225
0.8372821472191359
2.3156236682557743
8.419281602944604
24.3650282251594
45.8232911670057
67.30738442756072
88.53092872617563
109.50808384897914
130.2458613489946
150.7477371537879
171.01381064278047
191.03954627267933
210.82432038194375
230.36064596750694
249.62837974802116
268.59472216385694
287.21421737710136
305.3420248582724
322.6589563132264
339.6792748422233
355.1069224307837
365.402814550769
365.6666503731009
358.45407596498126
348.4295882879256
337.7921148023712
326.89190734237036
315.95618991993024
305.05249161106553
294.2169010544448
283.4600406470378
272.7907712633311
262.21329956728425
251.73068611569872
241.34516947533288
231.05816622290328
220.87027094508503
210.78125630804868
200.79046213486774
190.89791894187178
181.10379365023272
171.40820371208216
161.81121711050847
152.31285235956088
142.91307850424658
133.61181512053213
124.40893231534278
115.30425072656166
106.2975415230313
97.38854564394762
88.57787227718721
79.86578121977813
71.25316631502136
62.7423364025346
54.33701531824932
46.04234189441202
37.864869959584915
29.816353810664264
21.920177362955716
14.238690392308362
6.929200335962891
0.9685550733263575
0.01365279912384544
0.014204389753058436
0.016019732274476763
0.01818428822089923
0.020791443708222265
0.023968882653020038
0.027893590136677124
0.03281746442842376
0.03910773222083206
0.047318154596604316
0.058316774444719846
0.07352715073775877
0.09542361373437054
0.12864059739749736
0.18276537757581832
0.28051988067072914
0.48733281215777174
1.0511077305744752
3.196564568523421
11.538969658798829
29.77437256275173
51.40490543593336
72.82082565536359
93.97963956425335
114.89431952993048
135.5709103346741
156.01197265150188
176.21609490912394
196.18026364581974
215.90187393444808
235.3688550639939
254.55889738762193
273.43945232268203
291.95284323183625
309.75684157104587
327.3367624932456
344.26072017381415
358.51774923336916
366.30108073339034
363.93837992346346
355.76789296513743
345.53531209391974
334.7956419110304
323.8805345665359
312.94931847520957
302.0619602123255
291.24807887773426
280.5149423457382
269.87091937970786
259.3196188420129
248.86376835330782
238.50534467169223
228.24557369269982
218.08493044930398
208.02313939064442
198.05957408949823
188.19424961072846
178.42729072153924
168.75878758292944
159.1887957496969
149.7173361704282
140.34439518751026
131.06992453712098
121.89384134923215
112.81602814761463
103.83633284982935
94.95456876723581
86.17086904010098
77.4862909688905
68.90197294438907
60.42027971616764
52.04487186015459
43.78074353000005
35.63620509732239
27.626525922878738
19.783140207200947
12.17535235894029
5.050347676566649
0.23951243957478371
0.013180167497997717
0.01467310067279221
0.016576926837159306
0.018852856069445263
0.021602422385210353
0.024965309885031407
0.029135898393194606
0.034392661756281535
0.04114572360328368
0.050018467093153496
0.06200097618030469
0.07873870991208295
0.1031504048352844
0.1408352896536228
0.2037653021896999
0.3216459049813762
0.5859775388447463
1.3748255435748415
4.583768397323032
15.683406197038662
35.71464579165615
57.32171427821182
78.66484474926993
99.75544448509275
120.60424603049196
141.2161499866363
161.5922186117376
181.73167851909656
201.63031778634942
221.28015402570122
240.66861203831579
259.78636144512643
278.6258602371358
297.09925451714673
315.02698433563705
332.1377836907509
348.25251591645326
361.88558810866886
366.95003250194065
362.4313795490704
353.21988815415864
342.7413418199731
331.8553728577285
320.9364342856092
310.01836981576923
299.15077950625715
288.3544923489592
277.6432928820744
267.023921190104
256.4984061750884
246.06943737319241
235.73796854591865
225.50469069605592
215.37006782215124
205.33433691851388
195.3975079752199
185.55936397810171
175.81946090876056
166.17798146194463
156.63550589094692
147.1914641491507
137.84544633225948
128.59721767264307
119.4467185393283
110.39406443800316
101.43954601102067
92.58362903738946
83.82695443278436
75.17033824953768
66.61477167664216
58.161779899700164
49.81551745425755
41.58123428931201
33.47075416093968
25.50337978228593
17.712810172417974
10.196484977982154
3.3205565655511435
0.04524646488737195
0.01348535473159156
0.015152343122762571
0.017147675003403723
0.01953933270001648
0.022438288540017486
0.025996427146421443
0.030427844265148576
0.036039795234971736
0.04328916442838237
0.05287918389207098
0.06593677539428774
0.084370905871303
0.11162810638230032
0.1544966887247357
0.2279949705325576
0.37131155525480886
0.7142792912031725
1.8372059633422861
6.533110485090307
20.48405910284611
41.56719268984329
63.10545040224839
84.37893478549638
105.40397313232458
126.18843365466313
146.73647376118603
167.04902618761952
187.1230216939792
206.95501752648198
226.5461682765424
245.88036116667064
264.92194740171686
283.6157421688906
301.88702463773933
319.6611795521355
337.4117997296382
352.4229735198575
361.66707965682997
363.4957634483618
357.7865495426963
348.24590519625514
337.53510961767387
326.64962043631607
315.75983626153317
304.875366725947
294.0470931525776
283.2944985878761
272.6295517307096
262.05680773825486
251.57876259894346
241.19740511577967
230.91344075784244
220.72742199726272
210.6397483092355
200.65066617200964
190.7602690668913
180.96849747825019
171.27513889350723
161.6801470919311
152.1840565601874
142.7861479077412
133.48585445723504
124.28290366034744
115.17731709780314
106.1694104793638
97.25979364383278
88.44937055905774
79.73933932192284
71.13119215835745
62.626715423329884
54.22798960084825
45.93738930396576
37.76068308599674
29.71312794888944
21.821756155419216
14.140922699779889
6.8398016719285755
0.9194453466683319
0.013577415994480127
0.014227061375068668
0.01604659124621764
0.018216601413680967
0.020831057144761887
0.024018152364792742
0.02795622340917651
0.0328978366463653
0.039212231853889036
0.04745569144400841
0.05849995952879077
0.0737754570377519
0.0957738691039792
0.12917447965913798
0.18367022345464504
0.2822614615421384
0.4913381832268986
1.0636663444619845
3.2499724328615662
11.714420400395491
30.061964755258895
51.68684675740728
73.09927920649818
94.25471656571634
115.16610831189108
135.83980939308876
156.2776355438157
176.47907537157903
196.44151385956258
216.15787972027104
235.61654392273684
254.8012086225479
273.72321252260764
292.3656165245177
310.5527494399439
327.9409337343571
344.01848552705144
357.97745612397364
366.0575564963509
364.7567711998267
356.2288680307367
345.9647190265192
335.15057872451246
324.21416771336555
313.287694856931
302.4012924868406
291.58158364454687
280.84273322127575
270.1940324057493
259.6398986841756
249.1814847390113
238.82074443988301
228.5581144356807
218.3938828351924
208.3282484165303
198.3613206271422
188.49311958380244
178.7235760726142
169.05253154901567
159.4799201552517
150.00633322492214
140.63108044749498
131.35352941517843
122.17336323733836
113.09058054048924
104.10549546830444
95.21873768160714
86.43125235837445
77.74430019374135
69.15945739999059
60.678615706564756
52.30398236005583
44.03810964608968
35.88969323223621
27.87527907154108
20.025938987093138
12.409167845697537
5.259537032284949
0.2889798357561476
0.0131667490025535
0.014619707019700334
0.01651336864337321
0.018776339921096147
0.021509990384656702
0.024852340530371202
0.028995936030732774
0.034215985367466804
0.040917155875804995
0.04971438618497645
0.06158079331775954
0.078133084950178
0.10223225406805678
0.13936137815131872
0.20119164762632433
0.31651283570763317
0.5732806881831596
1.3314458912645402
4.396280870134571
15.169157678786659
35.04441337696538
56.65792387244586
78.00909903953531
99.10742545169771
119.96348670087758
140.582631574585
160.96596880415314
181.11222865251787
201.018773129506
220.67758147807706
240.07492516419862
259.1913678768268
277.9736383047172
296.52269687132826
314.75132884030876
332.1654230747086
347.8639428795736
360.50799743028966
365.7316249469645
362.43365585550737
353.5437584042581
343.0417268893989
332.203072764041
321.25749519645035
310.33934176789325
299.47141273428053
288.67531251500554
277.96173881506525
267.33799995634166
256.8089906182621
246.37719183778904
236.0430196783013
225.8074471667776
215.6705606719436
205.63223526221637
195.6923809465878
185.85094267463631
176.1079003365168
166.46326876296473
156.91709772530035
147.46947193541988
138.12045739170242
128.85877376353176
119.68055186614183
110.59243472289393
101.60078718510812
92.71169593207352
83.9309694710392
75.26413813721817
66.71645409379163
58.29289133189904
49.998145670648874
41.83663475711004
33.81249806631551
25.92959690126539
18.191514392918975
10.656231128927496
