0.5
10.851106148447796
20.623674967742165
30.254822170010662
39.79677773727359
49.2676863759115
58.67620134846814
68.02709679519619
77.32351049200234
86.5675025716357
95.76053994947931
104.90377434028952
113.99816391178491
123.04447328464583
132.04331908976812
140.99526534340743
149.9007789613495
158.76029848531223
167.57423630921608
176.34297867918363
185.0668856935399
193.7462913028129
202.38150330973153
210.97280969818812
219.52051497931905
228.02489235541418
236.48620506608103
244.90471240557528
253.2806697228005
261.6143284213082
269.90593595929835
278.15573584961845
286.36396765976417
294.5308670118792
302.65666558275603
310.74159110383357
318.78586736119985
326.7897141955918
334.75334750239136
342.6769792316329
350.56082012845684
358.4050921235494
366.2100039069471
373.97576046642354
381.7025655745225
389.3906217885575
397.04013045061225
404.65129168754015
412.22430441096463
419.75936631727905
427.25667388764646
434.7164223880002
442.1388058690434
449.5240171662487
456.87224789985953
464.18368847488784
471.45852808111766
478.6969546931007
485.89915507016
493.06531475638786
500.19561808064697
507.29024815656925
514.3493868825569
521.3732149417833
528.3619118021892
535.3156557164873
542.2346237221592
549.1189916414562
555.9689340814028
562.7846244337874
569.5662348751722
576.3139363668907
583.0278996930177
589.7082982960717
596.3553019589307
602.9690792149929
609.5497977216162
616.0976242601182
622.6127247357762
629.0952641778272
635.5454067394678
641.9633156978546
648.3491534541035
654.7030815332905
661.0252605844507
667.31585038058
673.5750098186328
679.8028969195233
685.9996688281263
692.1649885128086
697.6450084330312
701.9099818461154
705.0403295740757
707.1138038672891
708.2054884044954
708.3877982927972
707.73048006766
706.3006116929116
704.162602560743
701.3781934917076
698.0064567347218
694.1037959670647
689.7239462943777
684.9179742506655
679.7342777982954
674.2185863279971
668.4139606588636
662.3607930383503
656.096807142275
649.657058074819
643.0739323685258
636.3771479843023
629.5937543114162
622.7481321675011
615.8619937985505
608.9543828789223
602.0416745113351
595.1375752268748
588.2531229849827
581.3966871734718
574.5739686085091
567.7879995346315
561.0391436247321
554.3250959800738
547.6408831302755
540.9788630333247
534.3300631257686
527.7066551218935
521.1147982886814
514.5544754507024
508.0256607364539
501.5283195783612
495.0624087127773
488.62787617998293
482.22466132418685
475.8526947935254
469.5118985400625
463.20218581978986
456.92346119262726
450.67562052242226
444.4585509769489
438.2721310279117
432.1162304509398
425.99071682316526
419.89553125717447
413.8305578743855
407.79565559366995
401.7906843559628
395.8155051242621
389.86997988362924
383.95397164118873
378.0673444261281
372.20996328969835
366.3816943052133
360.5824045680504
354.8119621956498
349.0702363275154
343.35709712521356
337.6724157723744
332.0160644746914
326.38791645992046
320.78784597788115
315.21572830045636
309.67143972159164
304.1548575572967
298.6658601456429
293.2043268467662
287.7701380428652
282.36317513820114
276.98332055909987
271.63045775394926
266.30447119320047
261.00524636936814
255.73266979702962
250.48662901282648
245.2670125754624
240.073710065705
234.90661208638394
229.7656102623935
224.6505972406906
219.56146669029536
214.4981133022896
209.46043278982205
204.4483218880996
199.46167835439783
194.50040096805034
189.56438953045725
184.6535448650816
179.7677688174462
174.90696425514219
170.0710350678221
165.25988616719866
160.47342348705064
155.71155398322026
150.97418563361148
146.26122743819226
141.57258941899536
136.90818262011155
132.26791910770038
127.65171037230078
123.05958128909252
118.49157713793697
113.94766482085448
109.42782397318841
104.93204663595424
100.46033725583791
96.01274357063683
91.58940001349819
87.19021568561045
82.81515200908508
78.46426445221333
74.13770252946702
69.83570980149823
65.55862387513893
61.30687640340177
57.08099308547932
52.88159366674469
48.709391938750976
44.56519573923164
40.44990695210047
36.36452150745131
32.31074105612156
28.291721370687327
24.31142919295429
20.376372380860307
16.496047559024156
12.685477179219339
8.97659635599308
5.4443829711780065
2.291735487490474
0.3061940044287297
0.008978723683016469
0.0016011715527268072
0.0015014657756685012
0.0015381329074150454
0.00157868768986849
0.0016206950749032862
0.0016641811775325388
0.001709227687470367
0.0017558659882557811
0.001804242899366254
0.0018543373169593877
0.0019063155774848447
0.0019602455722322414
0.0020161996670540173
0.002074300048919898
0.002134637812685988
0.0021973282982610427
0.0022625036510003776
0.002330264011726604
0.0024007637293024927
0.002474145571201945
0.0025505630667842292
0.0026301416527704244
0.0027131339153267163
0.0027996284554590504
0.002889873910726771
0.0029840974039503157
0.003082494777859486
0.0031853093000451375
0.0032928183269609382
0.0034052872166383487
0.003523024545169453
0.003646364468493272
0.0037756035021923235
0.003911163764789567
0.004053406108758779
0.004202818125181168
0.004359875270428034
0.004525018696171695
0.004698863559623257
0.00488195399669828
0.005075004066584948
0.005278647583685857
0.005493787468499802
0.0057211407479343165
0.005961648123583559
0.00621635062644102
0.006486379325312376
0.006772929493671248
0.0070773503742303625
0.007401069641098818
0.00774579129602033
0.00811326159121691
0.008505510226380747
0.008924838234544135
0.009373630528789291
0.009854683584078665
0.010371103097258109
0.010926396256921891
0.011524492814256564
0.012169826716294128
0.012867348534000188
0.013622768542932337
0.014442686492106413
0.015334403485498072
0.016306584287368076
0.01736871353973729
0.018532706182066188
0.019811254820645895
0.02122006263477766
0.022777040929928015
0.02450357718660412
0.026424969246891705
0.02857136943690798
0.030979095776972176
0.033692122168032086
0.03676394523409213
0.04026075884663739
0.04426408269235089
0.04887702028257522
0.05422981840190412
0.0604897403712792
0.06787529980674702
0.07667371743533279
0.08727289073069912
0.10020341810346052
0.11621373701619984
0.13637905874592085
0.16229848615769002
0.19644250207197558
0.24278052869989136
0.30803871612620953
0.4043271151991127
0.5551217465594543
0.8096817527261817
1.2793166036375418
2.2255364166384184
4.214323069193149
8.143223999144123
14.747923749337803
23.92704638692822
34.55472188614568
45.43307873471632
56.250992675495944
67.00217369062672
77.69023303626001
88.31796320670948
98.88727828503019
109.39943909710045
119.85550300761376
130.25638719019102
140.60286862738
150.89558411065417
161.13503028695865
171.321670947186
181.45596869174187
191.53831376438202
201.56908229949664
211.54863632211283
221.47732374789103
231.35547838312755
241.18341992475297
250.96145396033324
260.689871968071
270.3689513168028
279.9989613221481
289.58018452527637
299.11288363580445
308.59731527675444
318.0337323194211
327.42238388337455
336.7635153364598
346.05736829479576
355.30418062277784
364.5041864330748
373.6576160866303
382.764696192663
391.82564960866506
400.84069544040676
409.81004904192935
418.7339220155505
427.6125222118617
436.44605372973047
445.23471691629976
453.9787083669834
462.67822092547385
471.3334424253076
479.94450697840915
488.51159734730334
497.03492223682457
505.51467681206657
513.951042698382
522.3441879813814
530.6942672069363
539.0014213811746
547.2657779704837
555.4874509015102
563.6665405611589
571.8031337965938
579.8973039152378
587.9491106847717
595.9586003331355
603.9258055485276
611.8507454794063
619.7334257344884
627.5738383827479
635.3719619534188
643.1277614359925
650.8411882802236
658.5121803961204
666.1417942601281
673.7315635765544
681.281747239041
688.7920908552093
696.261826746657
703.6896739489601
711.0738382116732
718.4120119983279
725.7013744864353
732.9385915674832
740.119815846938
747.2406866442435
754.2963299928214
761.2813586400731
768.1898720473764
775.0154563900868
781.7511845575393
788.3896161530445
794.9227974938941
801.3422616113556
807.6415607437846
814.2742033007894
821.0773841713491
827.412133234581
832.7540409617928
836.6932584164847
838.9344972543489
839.297029723269
837.7146886633216
834.2358675067741
829.0235202780862
822.3551615939093
814.6228666630881
806.3332712866568
798.1075718578434
790.3373553148016
782.5895762192338
774.8448508290204
767.11099831472
759.3946638872632
751.7013187979513
744.0352603384564
736.3996118408215
728.7963226774596
721.2261682611552
713.6887500450623
706.1836011253356
698.7125894692168
691.2759424635773
683.8737443692476
676.5060662043605
669.172965744352
661.8744875219613
654.610662827229
647.3815097075008
640.1870329674234
633.0272241689481
625.9020616313287
618.811510431121
611.755522402184
604.734036135681
597.746976980077
590.7942570411401
583.8757751819415
576.991417022855
570.1410549415587
563.3245480730318
556.5417423095574
549.7924703007217
543.0765514534132
536.3937919318237
529.7440388679557
523.1272340587379
516.5432327405637
509.99188653849524
503.4730475095518
496.9865681427093
490.53230135890135
484.1101005110172
477.7198193839046
471.361312194368
465.03443359116847
458.7390386550253
452.4749828986129
446.2421222665645
440.0403131354698
433.86941231387544
427.72927704228596
421.61976499316097
415.5407342709194
409.4920434119358
403.47355138454236
397.48511758902936
391.52660185764154
385.59786445458303
379.69876607601407
373.82916785005204
367.98893133677205
362.17791852820517
356.3959918483393
350.64301415312275
344.91884873045586
339.22335930019983
333.5564100141713
327.91786545614394
322.30759064184963
316.7254510189761
311.17131246716787
305.6450412980297
300.14650425511894
294.67557584259583
289.2321329498975
283.8160452093506
278.4271840456264
273.065422696838
267.73063621453883
262.42270146372243
257.1414971228237
251.88690368371658
246.658803451717
241.4570805455809
236.28162089750467
231.13231225312566
226.00904417152097
220.91170802520855
215.84019700014753
210.79440609573663
205.7742321248163
200.77957371366568
195.81033130200646
190.8664071429996
185.9477053032463
181.0541316627906
176.1855939151138
171.3420015671397
166.5232659392332
161.729300165198
156.96001919227925
152.21533978116267
147.4951805059747
142.79946175428051
138.12810572708992
133.4810364388493
128.85820985793723
124.25964727892092
119.68525385036199
115.13494898712321
110.60867945831556
106.10641938729665
101.62817025167291
97.17396088329807
92.7438474682737
88.33791354694925
83.95627001392108
79.59905511803434
75.26643446238141
70.95860100430222
66.67577505538529
62.41820428146539
58.18616370262651
53.979955842153835
49.800381924333266
45.64811827881742
41.523903471821605
37.42920899236568
33.36623925227289
29.337931586170374
25.34795625148892
21.400808370611898
17.50465475418002
13.673516681963509
9.93502559054089
6.343184202525245
3.0536512392935378
0.6289257883667123
0.022590850126169692
0.0018483393168155149
0.0014948456150810593
0.0015265024489174118
0.0015666025202534118
0.0016082426341501282
0.001651356902266954
0.0016959835431323048
0.0017422334665084065
0.0017901265634428425
0.00183979678783249
0.0018912823101634763
0.0019446948684479703
0.0020001200842757485
0.0020576523325870942
0.0021174047434153872
0.0021794707903784747
0.00224399339085234
0.0023110744217275654
0.0023808526859070735
0.0024534681733924223
0.0025290551158954843
0.002607808160550159
0.0026898816458265358
0.002775447101715264
0.002864713163095774
0.0029578621497703458
0.0030551502464299055
0.0031567933403659626
0.0032630579553890884
0.003374193084095466
0.0034905246665668317
0.0036123364009454963
0.0037400238797435418
0.003873882409233582
0.004014344432485011
0.004161830967226905
0.00431680303134687
0.0044797497050851655
0.004651269646812664
0.004831877738776806
0.0050222480325452495
0.005223054209367574
0.005435076343974049
0.00565913611921764
0.005896085487795323
0.006146972621537719
0.006412884836828193
0.006694975587742904
0.006994568793034252
0.0073131051535105865
0.007652168759065852
0.008013502265251469
0.00839910597513889
0.008811101329466501
0.009251995574508457
0.009724339448277636
0.010231252865896375
0.010776034427579382
0.011362547163778047
0.011995102307678978
0.012678533128786557
0.013418509354015893
0.014220831437381398
0.015093032159557488
0.016043278069419332
0.017081091924513913
0.01821727660813092
0.01946446790743208
0.02083774129327029
0.02235403712983361
0.024033657717189544
0.025902079752475722
0.02798582594824669
0.030321378385214988
0.03295003041853509
0.035922356432795455
0.039300993442319396
0.043163723640770715
0.04760570462496181
0.052750245567315585
0.058753566612968024
0.06581921657452867
0.07421356366348601
0.08429477389283031
0.09655240190130869
0.11166714758617112
0.13061653317099295
0.15484037982454404
0.18653333175721515
0.22918485099194152
0.28861801078774324
0.37514993411106684
0.5083744350841484
0.7285275384166942
1.1250304988695923
1.9074824870727578
3.5458479509563516
6.878039254812337
12.746593341253325
21.328633421136647
31.718938434795156
42.59884050634906
53.43291627050032
64.20118560711053
74.90543077703468
85.54880114332188
96.13327373639088
106.6601981458618
117.13074882402356
127.54592631785555
137.90655726902352
148.21329441387462
158.46661763082386
168.66700463540678
178.81493463343662
188.91080642729295
198.95500360225364
208.9478945265045
218.88983235112798
228.7811550101137
238.62218522035363
248.41323048163704
258.1545830766621
267.84652007102477
277.4893187845577
287.0832623017859
296.62861247729757
306.12562719904975
315.5745605811322
324.9756629637771
334.32918091335495
343.63535722237026
352.89443090947145
362.10663721943973
371.27220762319837
380.39136981780973
389.4643477264693
398.4913614985168
407.4726275094249
416.4083583608088
425.2987628804208
434.1440461221491
442.94440936602473
451.7000501182103
460.4111621110145
469.0779345088976
477.7004181729668
486.27878641997626
494.813331527215
503.3043209133375
511.7519971383602
520.1565779036576
528.518256051971
536.8371995673987
545.1135515754046
553.347430342814
561.5389292778112
569.6881169299464
577.7950369901274
585.8597082906275
593.8821248050806
601.8622556484808
609.8000450771876
617.6954124889177
625.5482524227543
633.3584345591399
641.1258037198787
648.850179868138
656.5313581084458
664.169108686693
671.7631769901312
679.3132835473755
686.8191240284018
694.280369244546
701.6966651485096
709.0676328343546
716.3928685375024
723.6719436347408
730.9076334181328
738.128206446575
745.3354136539721
752.5196386505474
759.6672111768938
766.7604071039644
773.7774484330813
780.6925032959308
787.4756859545616
794.0930568013916
800.5066223591996
806.6743352811325
812.5500943507019
818.0837444817818
823.2210767186153
827.9038282358069
831.5711167543886
832.7647966291347
831.754705021492
828.9139889794822
824.5855989762749
819.0822889101858
812.6866161046763
805.6509413083584
798.1974286949865
790.5180458634667
782.7745638378489
775.0678914153386
767.371804413866
759.687361329991
752.0189953080901
744.3706774357372
736.7459167437065
729.1477602059762
721.5787927397204
714.0411372053184
706.5364544063466
699.0659430895824
691.630339945006
684.2299196057951
676.8644946483319
669.5334155921945
662.2356904220219
654.9720942693108
647.7431079938758
640.5487293461508
633.3889662617509
626.2637825228774
619.173110164209
612.1168746519651
605.0949948839138
598.1073831893655
591.1539453291742
584.234580495743
577.3491813130149
570.4976338364825
563.6798175531791
556.8956053816834
550.1448636721219
543.4274522061618
536.7432338789214
530.0920882748376
523.4738719845406
516.8884401485681
510.33564806020127
503.8153511654725
497.32740506315884
490.8716655047847
484.44798839462476
478.0562297896974
471.69624589977184
465.3678930873627
459.0710278677312
452.80550690888913
446.5711870315921
440.3679252093463
434.1955785684034
428.05400438776223
421.94306009917113
415.862603287123
409.8124916888615
403.79258319437497
397.80273584639923
391.84280784042016
385.9126575246672
380.01214340012206
374.1411241205085
368.2994584923012
362.4870067603785
356.7036490539763
350.9492484471301
345.22366089629406
339.5267440206749
333.8583571022347
328.21836108568493
322.606618578493
317.02299385087696
311.46735283580716
305.9395631290096
300.4394939889596
294.96701633688843
289.52200275677757
284.1043274953617
278.71386646213034
273.35049722932246
268.0140990319332
262.7045527677081
257.42174099714566
252.16554794349867
246.93585949277042
241.73256319371984
236.555548257856
231.4047055594414
226.27992763549267
221.18110868577682
216.10814457281637
211.06093282188462
206.0393726210075
201.04336482096485
196.0728119352891
191.12761814026553
186.20768927493123
181.31293284107602
176.44325800324438
171.59857558873114
166.77879808758652
161.98383965261016
157.21361609935653
152.46804490613445
147.7470452140017
143.05053782677268
138.37844521101067
133.7306914960332
129.10720247391433
124.50790559947555
119.93272999029348
115.38160642669602
110.85446735176609
106.35124687133893
101.87294461057837
97.43134922501763
93.02771070691671
88.65953356861478
84.3244338406936
80.0201390719733
75.74448832951724
71.49543219862775
67.27103278284788
63.06946370396349
58.88901010199855
54.72806863522043
50.58514748013539
46.45886633149064
42.34795640227564
38.25126042371866
34.167732645290855
30.096438834702546
26.036556277904783
21.987373779091207
17.948291660694053
13.918821763388237
9.898587446088019
5.887323585948664
1.8848765783676489
-2.1087956630190083
-6.093623706332144
-10.069426601453271
-14.035911880023972
-17.992675555442414
-21.939202122868096
-25.874864559218782
-29.798924323171693
-33.71053135516353
-37.608724077389546
-41.49242939380506
-45.360462690124145
-49.2115278338194
-53.04421717412359
-56.857011542028395
-60.64828025028546
-64.41628109340385
-68.15916034765372
-71.87495277106315
-75.56158160341977
-79.21869125018036
-82.85395916714678
-86.46872169139209
-90.06319953405396
-93.63760584516564
-97.19214621365948
-100.72701866736297
-104.24241367300215
-107.73851413620008
-111.21549540147551
-114.67352525224626
-118.11276391082521
-121.53336403842387
-124.9354707351507
-128.31922154001006
-131.6847464309049
-135.03216782463392
-138.3616005768938
-141.6731519822784
-144.9669217742778
-148.24300212528007
-151.50147764656975
-154.74242538832834
-157.96591483963587
-161.17200792846742
-164.360759021697
-167.53221492509354
-170.6864148833253
-173.82332369712535
-176.94279096639463
-180.04500584770201
-183.13015736472374
-186.19839979822493
-189.24985268605835
-192.28460082316317
-195.30269426156784
-198.30414831038675
-201.2889435358232
-204.25702576116805
-207.20830606679868
-210.14266079018165
-213.05993152586953
-215.9599251255038
-218.8424136978134
-221.7071346086141
-224.55379048081028
-227.38204919439272
-230.19154388644128
-232.98187295112285
-235.75260003969137
-238.5032540604893
-241.23332917894592
-243.94228481757915
-246.62954565599375
-249.29450163088163
-251.93650793602401
-254.5548850222879
-257.14891859762935
-259.71785962709214
-262.2609243328051
-264.7772941939884
-267.2661159469474
-269.7220642927541
-272.14168664640636
-274.5245819238946
-276.86724557909054
-279.1630696037447
-281.40234252748826
-283.57224941783244
-285.65687188016744
-287.63718805776455
-289.4910726317738
-291.193296821226
-292.70787117130504
-294.0241580366979
-295.06749592236946
-295.5264721017943
-294.84598320324005
-292.2272352097661
-286.55270014239585
-273.2861358590125
-227.84615742057903
4.239915795646588e14
