0.5
10.85110614844779
20.623674967742147
30.254822170010655
39.796777737273565
49.26768637591147
58.676201348468105
68.02709679519617
77.32351049200231
86.56750257163567
95.76053994947927
104.90377434028946
113.99816391178479
123.04447328464597
132.55755604125093
142.81505754184647
152.61042220432986
160.9905852891197
167.29813476278633
171.171311298052
172.54400827379067
171.64577177502798
169.0018005929416
165.4000752576227
161.3670473031434
157.09521406284242
152.70902738384788
148.2670474192632
143.78551934879454
139.28489195060442
134.77536003464493
130.2651408865297
125.76050609307583
121.26578154230424
116.78334742343931
112.31411554661733
107.86037778619736
103.42422765870043
99.00747312079933
94.61173474554691
90.238445722376
85.88885185709994
81.56401157191156
77.26479590538473
72.99188851247231
68.74578566450838
64.52700469871772
60.33574537313866
56.17217265519418
52.03700455181116
47.93151358738378
43.85752680377351
39.81742576030902
35.814146533786214
31.85117971846828
27.932570426085608
24.062918285836187
20.24737744438458
16.491656565863117
12.8075466583099
9.230734272230094
5.826722962145784
2.759083443687684
0.6029834587828568
0.0804267475052694
0.06297813382746506
0.06990877972269131
0.0789614872793077
0.08988752305110496
0.10321398944821478
0.11970404182346657
0.14045482076121799
0.16708800332416668
0.20208963992571582
0.24942845228449545
0.3157656841540539
0.412987929081936
0.5638392435486537
0.8152621876226481
1.2710970649532911
2.1684180078375577
4.011707886071401
7.63071018166544
13.763429652899479
22.445969980457665
32.728049036076975
43.406496538836734
54.01584029086223
64.53219750119723
74.9497169829618
85.261447098944
95.46264977193538
105.54087363972404
115.47223419027922
125.22141376175061
134.74166154246927
143.95610569472345
152.7323662599816
160.8790179486317
167.98356117092013
173.4018188133476
176.31156548257078
176.65906314246806
175.01179218480527
171.97380883325198
168.17358448306197
164.02964642754176
159.68140205886579
155.22647375487523
150.72431235002392
146.19684204876032
141.65511245560373
137.1103107594265
132.568793934933
128.0356825333527
123.51486068243986
119.00897608647365
114.51945081967064
110.047509678637
105.59478852382263
101.16268068323802
96.7524520336197
92.36524100043013
88.00205855785771
83.66378822881708
79.35118608494867
75.0648807466189
70.80537338291953
66.57303771166987
62.36811143018135
58.190573662647054
54.04073314275912
49.919540550129135
45.828589846354994
41.77011827502087
37.74700636169734
33.76277791394106
29.82160002129524
25.928283055288833
22.08828066943814
18.307689799244525
14.593250662196397
10.959994096256667
7.459164636212534
4.2017141069334585
1.4707598308035517
0.17942557627813324
0.0629104816189878
0.06613938874824317
0.07435331481996109
0.08431943891847961
0.09640330403033565
0.11124866905156938
0.1297740500865381
0.1533176573532207
0.1838923210473735
0.22464220165769158
0.280716503305616
0.3610050917371369
0.4819133482238018
0.6760574023811285
1.0133811101845185
1.6525588675061746
2.9481707080351476
5.582933594576396
10.432228140131816
17.929696634847804
27.599965967312006
38.19046879898449
48.852150014623334
59.413852213153966
69.88000522978126
80.24512534017386
90.49604117390042
100.63069674460193
110.6466274618776
120.51513588457101
130.18118700011982
139.56340822455667
148.55408940250643
157.0191828071894
164.7615311485007
171.0411357469614
175.1580532555665
176.77819433636645
175.98385477590884
173.4807193769828
169.97291844490488
165.9500148390409
161.69364922765413
157.29550375023237
152.8191002892338
148.30029122170347
143.7608658112376
139.21585353759932
134.67352409671707
130.13704745678004
125.61089681464351
121.09798632785703
116.60057739507354
112.1203953656094
107.65873732794051
103.21699541939395
98.79653064347724
94.3985643545681
90.02417825791296
85.67431440962842
81.34977521670055
77.05122343698409
72.77918217920462
68.53408488908755
64.31672241190677
60.12730102848677
55.96618028227813
51.83412576304724
47.73230910687527
43.66230799615906
39.62610615961086
35.626093372257735
31.665065455442534
27.746224276823064
23.873177750372207
20.051139674780018
16.29106758629756
12.610509600701505
9.04229797202178
5.663194969215552
2.5973795950234937
0.5272982090414515
0.07598432961059898
0.06319336125920753
0.07032086811781442
0.07945838110511982
0.09048715798698724
0.10394490094177003
0.12060744039207655
0.14159029938512593
0.16854737150250376
0.20402002375628323
0.25208664145324206
0.31961100602867804
0.4189082523916873
0.5736186395237372
0.8326781530928354
1.3045168583534112
2.236413348752837
4.153408555896428
7.892997731604457
14.176566124591341
22.98624714918516
33.32231033229421
44.001241288765485
54.60640838461948
65.11753932685134
75.52969780741583
85.8356345268673
96.03060143825293
106.1020944470814
116.0257019691092
125.76510493033906
135.27207676702102
144.4701021870009
153.21953288080377
161.3186984222894
168.34766105960466
173.65592009608372
176.42727670960176
176.64459378359405
174.89904887111754
171.80345758368964
167.97853010965883
163.82011113190973
159.46376040218982
155.0046029675747
150.5002774613276
145.97161116505097
141.4293356498643
136.88443777315746
132.3431516373905
127.81049908287505
123.29028968777303
118.78512076809767
114.29639114957894
109.82533925045016
105.37358485749577
100.9425128705979
96.53338148664429
92.14732219952798
87.78533980014656
83.44831237640344
79.13699131320675
74.85200129247004
70.59384029311204
66.36287959105654
62.15936420859249
57.98328464096547
53.8349431310882
49.71529254668412
45.625938324193015
41.56913846877207
37.54780355429476
33.5654967233516
29.626433687250266
25.73548272601453
21.898164688385656
18.120652991820783
14.409773622495184
10.781688052701526
7.289451783263517
4.04923510841834
1.3615868144409444
0.16079833312593492
0.06259841350106576
0.06650275943845342
0.07480713631806805
0.08486698816529371
0.09706995858241807
0.11207426419526424
0.1308129563042309
0.15465190275914864
0.18564688842940175
0.22701820525687344
0.28404734984935914
0.36588939223617034
0.48948369055628177
0.6886367125287393
1.0362981034146583
1.69740021964433
3.0412200922643047
5.7681550186869535
10.740978390548547
18.369938857158807
28.114772244564303
38.72474119567851
49.37963198421544
59.937295818427835
70.39853538686458
80.7584706642675
91.00514966626938
101.13260393820278
111.13825355863186
120.99382126010741
130.6447673093263
140.0102895071307
148.9833231885113
157.4328848825801
165.11465963237646
171.27757561537192
175.28723631753903
176.80008486296498
175.88783028240076
173.31137818405384
169.7737576182071
165.7491415963749
161.48464248340863
157.07851852475792
152.59833003580965
148.07641537367138
143.53618683094783
138.99213063573956
134.45000339265198
129.9143069739944
125.38914266451145
120.8769877301871
116.38005601180069
111.90029792492894
107.43940045994465
102.99878718201686
98.57961823111141
94.18296107904445
89.81038738267857
85.46242503744588
81.13949530112538
76.842093886367
72.5707909606904
68.32623114648678
64.10913352101781
59.92029161641551
55.76057341968304
51.630921372693656
47.53235237219111
43.46595776979101
39.43290337197775
35.43474874107557
31.47446782295756
27.5552474532392
23.682250679784897
19.862816236516608
16.10714638418828
12.43084583492299
8.866859827346023
5.488881789839692
2.47739388972476
0.47887135581265683
0.07350077801318239
0.06346056954087838
0.07073285256526946
0.07995609009897527
0.09109025696777381
0.10468421759417176
0.12152475500792245
0.14274693985164852
0.1700419287652568
0.20600988239899637
0.2548333845452737
0.3235834496016901
0.42495680828731947
0.583396201902472
0.8497744370826698
1.3371409545515505
2.3033624282815164
4.289049960481581
8.14036325091557
14.552351931050769
23.459065145314757
33.829593981249545
44.50677071010994
55.1077912777036
65.61425979989107
76.02134619035417
86.32280167750729
96.51255368190289
106.5761144249597
116.48908197888763
126.21714026669063
135.71395507027444
144.8789818100887
153.62672471684243
161.71308944817034
168.67672848769013
173.81998504642877
176.3851625665748
176.55908500770985
174.7977827329177
171.65813044456263
167.79149310327847
163.618878872981
159.2566321482762
154.7963390475107
150.29155739332202
145.76091555814114
141.21850370058755
136.6735347750931
132.1323729036485
127.60010006669057
123.08051610310412
118.57613871022036
114.08822665773621
109.61803720826839
105.16722149528628
100.73715948174858
96.3291028785935
91.94417514473928
87.58337148708428
83.24755886050592
78.93747596786247
74.65373325999168
70.39681293571148
66.16707046222136
61.96475740285675
57.78986966225178
53.64281574543379
49.524626347027905
45.43695435125705
41.38207483194122
37.362885052498626
33.38290446594514
29.44627471489419
25.55775963155725
21.722745237742725
17.947239744857164
14.237873553904915
10.614263478823386
7.130544253158846
3.8981296621942185
1.2664942066090916
0.1480606367864084
0.06247837847102005
0.06684866133524872
0.07523421341349824
0.08538263142366667
0.09769980317758932
0.11285315874060702
0.13179427677532146
0.15590975879303481
0.18730107677272856
0.22925296658965774
0.28717998807123646
0.37048492857720394
0.4966460325940385
0.7007058548055178
1.05816428453459
1.7408853394476578
3.130126321412809
5.948299130550493
11.040424756935163
18.78740621667836
28.608966070059935
39.236663336648924
49.87907846521441
60.43314753732951
70.88975750298808
81.24340334441906
91.48859408927574
101.61714128478337
111.60949011196335
121.4345939860247
131.04991455636298
140.39962387431802
149.359846176264
157.78501570902407
165.35653506081528
171.52522518423368
175.50817579149663
176.79091239498206
175.84566506101945
173.27749409942825
169.7037824747749
165.67310399455295
161.3917678961186
156.96950814254862
152.48048647194747
147.96228338159722
143.4241513671138
138.8797965197187
134.33644036540997
129.7995954186487
125.2735990353469
120.76161341286759
116.26562559002377
111.78668238470645
107.32633660290374
102.8860622520283
98.46717155491105
94.07085217859928
89.69816723435837
85.35005527767083
81.02733030823603
76.73068176997138
72.46067455101007
68.2177489837042
64.00223264131627
59.81444741043703
55.65442884607407
51.52268910343369
47.42041581782428
43.349472104655156
39.312396559436685
35.312403257780915
31.353381755399905
27.439897088108292
23.57718977182078
19.77117580255435
16.02844665642638
12.358325141051045
8.798080388863582
5.422643815550306
2.4236129954946626
0.45631845371656776
0.07253800194311065
0.06360990786095556
0.07094765844019896
0.08021478420097884
0.0914074383926433
0.10508227034786034
0.12203810685141989
0.1434278149787857
0.17095980514595976
0.20726541925352165
0.2565694772168406
0.32601224797966655
0.4284204574650955
0.5885345049630752
0.8579614933152416
1.3518032904045787
2.331553426690955
4.3449827512909405
8.243369501629024
14.709622787231835
23.661219344051688
34.05286297006629
44.72719443494526
55.32552751307704
65.8298090896926
76.23449598997097
86.532814617512
96.7197668029973
106.78120483305831
116.69174408543134
126.4147630289597
135.90240322358986
145.0673747355047
153.7794921712969
161.82453294572196
168.76024580350435
173.91259704197975
176.47825246469773
176.54759798331352
174.69603794039045
171.52974341351097
167.67087928305725
163.486943493734
159.1246539196445
154.6690869445746
150.16274791612489
145.63044061125032
141.08727500518117
136.54248252448662
132.00214906227842
127.47088878640677
122.95210096258545
118.44802449831955
113.96048290910679
109.49100361301979
105.04096526949155
100.61166590049507
96.2043228905422
91.82007298668383
87.45997229851045
83.12508634909346
78.81600324016168
74.53304064223076
70.27662903394959
66.0473119902634
61.845746182412455
57.67270137793415
53.529060440661226
49.41581933072312
45.334087104545105
41.28508591484729
37.27033084866788
33.29229765382058
29.353473031055195
25.458228969844857
21.61308831267332
17.826724755036434
14.111952300944715
10.489875386360577
7.013268162894957
3.7946322556389345
1.1970846099674723
0.13789570190336806
0.06233404296973485
0.067059049533096
0.07549603416412479
0.08569512182743201
0.09807475755438559
0.11330373988941603
0.13234052259834403
0.15658380240287273
0.18815788961158142
0.23040523524816856
0.2888398792296334
0.37307839812100646
0.5010494569330284
0.7087031859989348
1.0737389279902694
1.7731161374321673
3.1978815031588157
6.080924227710645
11.263382499855805
19.096064092703298
28.962829451075706
39.598258122130204
50.24144238881291
60.79240505289842
71.24587926509581
81.59602999616386
91.8360498823254
101.96184141527877
111.95499279576111
121.78181122055094
131.39332288246402
140.7252729703489
149.69579647186615
158.1127913782867
165.59282364288939
171.62599416690938
175.58126522745138
176.82990681727057
175.73606232707905
173.0945830399637
169.5275873129031
165.4800000298742
161.20553785787638
156.79272753031046
152.29899154716986
147.76680514429063
143.22369629335356
138.68224570187962
134.14130796243478
129.60589608668212
125.08118076337364
120.56976978869397
116.07392259575558
111.59555025460382
107.13621547221261
102.69713259248608
98.27951307564655
93.88493699094475
89.5140485566827
85.16745895987415
80.84580420510466
76.54974511453322
72.2799673278882
68.03718130247192
63.82212231315684
59.63555045238707
55.478250630180185
51.35103257412271
47.25473082937565
43.19020475867027
39.15908918478632
35.16335208685182
31.20495156562052
27.287829995990872
23.417938368704085
19.603236290345997
15.853691983348728
12.185017346622475
8.631195929094737
5.268313981828734
2.296828179655143
0.4080840827854061
0.07024541410401247
0.06384298185795849
0.07130886460732003
0.08065034276592556
0.09193142343805895
0.10571715246849113
0.12281442328150334
0.14439056626871885
0.17218086301849714
0.2088741636462526
0.2587965919847333
0.32929504640916024
0.43361525020622455
0.5973798297568577
0.8741807406366363
1.383563299920127
2.397918769490247
4.481345185409395
8.49092868899701
15.086600833487648
24.135805216883142
34.557522598789475
45.23234690542442
55.82750466287887
66.32733296233435
76.7273829670803
87.02162988363614
97.20337472370093
107.25727222290732
117.15841599288372
126.87233852126548
136.34809237651027
145.489846237869
154.20857922834782
162.23682375317745
169.09711547293452
174.05596898349967
176.42116476168087
176.45732439422844
174.61467987721463
171.428830332027
167.51972659344923
163.3300316854526
158.9607225895661
154.4962306071563
149.98809926088163
145.4563572156319
140.91354201006413
136.36885934124035
131.82829736352141
127.29672278842025
122.7778808846069
118.2743954779039
113.78776895128908
109.31891881169824
104.86951748757592
100.44092734064479
96.03437958760118
91.65098635299135
87.29174066921338
82.95751647651285
78.64906862298778
74.36703286458409
70.11192586509789
65.88414519617655
61.68415252241824
57.51279755030415
53.37020185737889
49.25697011411018
45.174330247943196
41.124133443296444
37.1088541415665
33.13159004112399
29.196062097315163
25.306614522463757
21.46821478586711
17.686453613799507
13.974514755190604
10.356349215175198
6.8877338735734135
3.682477329297074
1.1240355763252945
0.12809838007698285
0.06227475540035524
0.06735279277192285
0.0758557278936638
0.0861286904828432
0.0986044780399445
0.11396487044450793
0.13318124606395232
0.15768042773126323
0.1896185063345967
0.23239742091646998
0.2916307131421656
0.37713333608285465
0.507274890525358
0.7189850644962349
1.092374590713416
1.810065259284197
3.275067124630648
6.2276264360530895
11.508853630472167
19.435390805911425
29.354939869543255
39.99007087729541
50.63391946530281
61.181070615731
71.63080706486924
81.97790014400718
92.2098797438921
102.3290972418547
112.3232794927465
122.15756545707863
131.77450620101808
141.09406489638314
150.0136168206526
158.4166667245946
165.94841584329998
171.8640739076766
175.5971218824692
176.8132746568587
175.65384108865436
172.93028872925092
169.3169975723287
165.25817814103274
160.97066125622842
156.55433104687296
152.06743487796345
147.5418981583905
143.0004291539675
138.45651898742616
133.91488790220703
129.38027236830638
124.85651003371083
120.34603888765108
115.85103587695032
111.37341690602929
106.91483683690184
102.47668948917658
98.0601076400594
93.66622231866481
89.29655048003978
84.95154010947762
80.63161072140356
76.33725969198305
72.06906225911769
67.82767152244975
63.61381844335854
59.42831184496139
55.27203841211633
51.14596269141699
47.05112709119837
42.98865188153187
38.959735194227136
34.96593979429321
31.01036393936512
27.096283916929924
23.229079186356916
19.416505833897926
15.669320168147344
12.004239640255694
8.456616318512179
5.108746393261754
2.1687755712082053
0.3627279875221242
0.06842583789666686
0.06413889900709879
0.07173253825964326
0.08116056853830253
0.09255291798360792
0.10648271578975807
0.12377251894940582
0.14560919443458967
0.17376793053583178
0.21099325832782523
0.2617214774650438
0.33350515742492276
0.4400040430859603
0.6077803660452312
0.8924872388700011
1.4188359741350245
2.469646061082281
4.62958898093179
8.754689364078622
15.48472030506801
24.637911283486552
35.081584250581365
45.75264726934021
56.34518959796197
66.83994749320219
77.23540716508495
87.5253109132719
97.69965674711736
107.73654603379805
117.6283503793587
127.35178209357272
136.84125356891616
145.9888772805772
154.64446578645203
162.62674896533647
169.43141196299894
174.24658045259656
176.6098875287609
176.46216191130893
174.36479415549255
171.0898458450738
167.18965709245705
162.9917810035515
158.62322638732243
154.1636647878884
149.6528256253556
145.11706000959427
140.57349515587495
136.03006459961577
131.4913571293832
126.9620864660467
122.44495439281033
117.94235387683625
113.45636906924659
108.9887753051256
104.54103910351441
100.11431816741751
95.70968299715813
91.32869709559593
86.97197631593413
82.64005464531337
78.33350697117925
74.05294908127821
69.7990376636592
65.57247030667547
61.37398549898075
57.20436262953333
53.06442198759245
48.955024762720065
44.87707304478228
40.831706784921465
36.821125093365175
32.84682838483885
28.91191880266739
25.02151476625313
21.182750971071858
17.404778388677062
13.699578830014838
10.092080131778353
6.636268293983902
3.4587162110191056
0.9837852372201097
0.11179339901740336
0.062248704263449695
0.06792067897848883
0.0765518795629645
0.08697051676584602
0.09963225355898571
0.1152353041807965
0.1347753647661481
0.1597213485134303
0.19229985745992173
0.2360435647458116
0.29680751992943816
0.3848687650112859
0.5195232540689259
0.7398029690729336
1.1309938752896558
1.8866823602875014
3.434130039873085
6.533872600238333
12.013849179594951
20.13255620218132
30.13729957764975
40.79024591569542
51.42689855027696
61.966566806082604
72.4088970064972
82.74890420397946
92.97854710375108
103.08559465280482
113.05172093683707
122.84850251094659
132.43851311105928
141.75120070502112
150.67199149983895
159.0049734588805
166.39516329506105
172.27029176712736
175.86675628850975
176.86475871074828
175.5979827145417
172.77787609494405
169.13603480648018
165.04585517822255
160.73646909344797
156.31089448693527
151.82082186052415
147.2951635720252
142.75354006557794
138.20861333560134
133.6664698806863
129.13195860225542
124.60847974290719
120.09856354322275
115.60441077355615
111.1278927340392
106.6705512545772
102.23359869485081
97.81817779796665
93.42573049219911
89.05702682902131
84.71278201589313
80.39369917103382
76.10046932342395
71.83377141280086
67.59427228966395
63.382626715270035
59.19947736163517
55.04545481153717
50.92117755851034
46.82762631266303
42.76617487031544
38.73820751105465
34.745919352878566
30.792328770238882
26.881277394045533
23.01744548508999
19.20821187754971
15.463058920499568
11.80373669421385
8.268288813059463
4.931211960631359
2.0284099729648424
0.3177200967694667
0.06672993138549933
0.06448372334923248
0.07220782013699449
0.08173117577270449
0.09324414937661094
0.10733426290683755
0.1248384924121959
0.146973309457183
0.1755531966532779
0.2133917200940443
0.2650521508872689
0.33831683675788043
0.44733420127182333
0.6197364667497123
0.9136243727150565
1.4594466493679314
2.552887075433485
4.797845287311947
9.055334644993053
15.934439891513755
25.19221342919983
35.672728197642414
46.34076098139315
56.92791223539621
67.41734627148126
77.80718475537049
88.09100350091701
98.25823392134679
108.28693287364015
118.17231760379825
127.8856058609733
137.35789182124572
146.4801460876339
155.10321569008948
163.04475632658523
169.74652303763256
174.4337197296331
176.66632388037374
176.38700291357833
174.20278741002275
170.88254257782728
166.96478808179444
162.7559362685112
158.37961966146244
153.9159121465695
149.40235978845433
144.86572192973077
140.32245746276237
135.77908285320518
131.24084939453067
126.71209559164662
122.19561153839678
117.69383679722698
113.20886039918702
108.74242084393263
104.2959060997209
99.87035360341532
95.4671201439132
91.08746555620046
86.73198594153577
82.40129774923031
78.09603787699764
73.81686367094953
69.56445292559775
65.33950388385561
61.142735237034486
56.97488612484751
52.83671613540684
48.72900530522317
44.65256597157729
40.609147905264386
36.60019575817804
32.627773134779645
28.695470452524138
24.808404941861603
20.973220646233628
17.198088754701867
13.496715519087058
9.895986685565235
6.451387031043459
3.296735830678764
0.8868092000849097
0.10217498419309588
0.06232043895824455
0.06835351145268279
0.07707894482040939
0.08760622845740697
0.10040978896846192
0.11620031939417126
0.13599676806675862
0.16129751972309894
0.19438802532668426
0.23889112643661056
0.3008376377372509
0.39084527509601014
0.5289406662824605
0.7558365266290721
1.1606300250500106
1.946106898529793
3.55662171197878
6.769272292857479
12.396007622456832
20.642703224527313
30.727473579243288
41.383404998484785
52.014590304159384
62.54938555331586
72.9861916859882
83.31951824051606
93.53725665254639
103.63984545664017
113.61246312080071
123.41846497684448
132.99938322039688
142.2749269108876
151.14298197156086
159.47627978152215
166.80447415719277
172.46330665971425
175.91891819728676
176.78938966362514
175.37001053437078
172.50192785052832
168.82164509610553
164.72900301152964
160.41661987596365
155.9889376841397
151.493083973173
146.96297349324414
142.42101106463255
137.878091577712
133.33675427521135
128.80327451456964
124.28086299915985
119.77208039196957
115.27915339677959
110.8039747581693
106.34810326151215
101.91276373297725
97.49899878855598
93.10844646631647
88.74183154531804
84.39971456936941
80.08269003382112
75.79138638556745
71.52646602304186
67.28862529622215
63.07859450662605
58.8971379073134
54.745053702887134
50.62317404949018
46.532365054808736
42.473528514298515
38.448616755491734
34.45928962841256
30.50781998654644
26.598515219925293
22.73771725512357
18.933802555260105
15.197182119999368
11.545752864846728
8.018455170682733
4.703403624248465
1.8502784302545663
0.26708259464751816
0.06507858728523105
0.06495656071726114
0.07283995063765361
0.08249315022824694
0.09417132299455078
0.10847649101127575
0.1262697756491421
0.14879972431610064
0.17793457144380992
0.21659057186057862
0.2695085843601161
0.34479637745691794
0.457260629746323
0.6359402956334622
0.9423184653665727
1.5150759011625623
2.6670375940670468
5.024814177054033
9.461573734822103
16.53105144447327
25.921952680342436
36.44661100419892
47.117674602031684
57.69526503266846
68.17774387446033
78.55961486316366
88.83148232152632
98.99185620299475
109.02786818223599
118.91023547901388
128.5932608581992
138.01483262975745
147.09642464876038
155.72030409720412
163.5353656638031
170.0353720799901
174.64778908836624
176.74255118986756
176.24863560802723
173.97674789135948
170.62550867979277
166.68738456652173
162.46560076370992
158.09522256565174
153.62794449776612
149.1048360006163
144.55708280436386
140.00598692876386
135.46296668316734
130.9295566665227
126.40188225978301
121.88667283100568
117.3864349849816
112.9029317172401
108.43777644782054
103.99243302126801
99.56821570663851
95.16628919749438
90.78791162828925
86.43410567883903
82.10499891042599
77.80085962558897
73.52213210441921
69.26943660456288
65.04356936121924
60.84550258714541
56.67638447264931
52.537539185594106
48.43046687139744
44.35684365303005
40.31852163102041
36.31752888344762
32.35606946594688
28.436523411706926
24.561446731469733
20.73357141353544
16.961762736869318
13.26551426830857
9.67342610302638
6.239770080123066
3.115041944114779
0.7841676399314069
0.0932854009802368
0.06252122651997337
0.0689118153601435
0.07776161208026959
0.08844037956660844
0.10144000225144822
0.1174882837987078
0.1376253483975065
0.16338651005013613
0.19711330935950697
0.24252543666988285
0.30585284913181937
0.39811009349197257
0.5402207051054699
0.7748403373977848
1.1959482212888077
2.017035214503525
3.7028519345407185
7.047151252074069
12.843191387648512
21.25324233409968
31.39052481716987
42.05422369376805
52.67753332633137
63.20622796563904
73.63626515529201
83.96334413089842
94.17894388873933
104.26960330024826
114.21207386583698
123.97541402466145
133.54678754933832
142.84741229241763
151.7234562017637
159.94603732057143
167.22110005182185
172.90822012192123
176.18581537933625
176.83802475856206
175.30169658878478
172.3861543025341
168.6625253135041
164.52156746928296
160.19577277535396
155.7652660325796
151.27064095083597
146.743179414477
142.200335740839
137.65457469258556
133.1133714776994
128.5800661410675
124.05849508428398
119.55088752794488
115.05908864388662
110.58480277603144
106.1295934403927
101.69488332507343
97.28195429026535
92.89194736825344
88.52587141817675
84.1846735668294
79.86856410165899
75.57770734152659
71.31248771033461
67.07350973701969
62.86159805555713
58.6777974049602
54.52337262927862
50.39980867760324
46.30881060405929
42.25230356781104
38.23243283305977
34.25156376904452
30.312281850044045
26.417392655372595
22.569921869382718
18.773115281464655
15.038624415032219
11.388925472377867
7.869426510380992
4.569114571819848
1.748514913672791
0.24135463189888465
0.06439359810652391
0.06530680717302541
0.0732952745395775
0.08305047003907182
0.09486013262062395
0.10933897557294726
0.12735969345653717
0.15019275332682044
0.17973782490418683
0.2189572899657377
0.2726713883133139
0.3491711736439107
0.4636639325030599
0.6461140315270789
0.9601865529463114
1.5495905419413292
2.7376814845105915
5.169362082759936
9.708832865021662
16.892142563701793
26.3720211995393
36.92141650040918
47.57724209468865
58.15182642182533
68.62971555857402
79.00603531046544
89.27486836203431
99.43028446223586
109.45516158624972
119.32062423198138
128.98604342005078
138.39903669380962
147.4624606929082
156.02013758876808
163.8060935518295
170.3320395217512
174.88573317228597
176.7410159690834
176.2081516530445
173.9337905816529
170.53354842470648
166.57206501452725
162.33647807954048
157.93850398071407
153.45819044780814
148.94317368871307
144.40931492611185
139.86551558805243
135.3216384710145
130.78315227814667
126.25450603297861
121.73912907941333
117.23943108173233
112.75680272223607
108.29236488694397
103.84768922320158
99.42408884228728
95.02276322522823
90.64479822279931
86.29116605552166
81.96272531366785
77.66022095725423
73.38428431604595
69.13543308955576
64.9140713470431
60.72056109688412
56.55567217150935
52.419510256769115
48.312645027368745
44.236396682855705
40.19283594762433
36.18478407090876
32.215812826787726
28.290244514183097
24.413151956859252
20.590358503427243
16.828438027337896
13.13717596078506
9.548670241872966
6.12452191754025
3.01296121668628
0.7300795332548304
0.08904020135823683
0.06260636078685015
0.06915947458509362
0.0780548763327056
0.08878704471419835
0.10185937172520251
0.11801206273610006
0.1383029708439215
0.16429953921082724
0.1983913181378216
0.24437725118202766
0.30860664144325894
0.40233216611886463
0.5469322620587933
0.7862445987604608
1.2166467318683922
2.058338366657196
3.7830212110154053
7.207342774020066
13.097423905337957
21.575645547749914
31.76897161026917
42.43357168959343
53.05665735572311
63.58167972823707
74.00851725726679
84.33153856939812
94.5350578675012
104.62271856353469
114.58409550092743
124.38125845882367
133.94877215208584
143.1936962312972
151.99558528275125
160.21410546293356
167.48502994994197
172.97402040096543
176.11937223439466
176.73390466546468
175.15907945536156
172.18446937755735
168.42509008852403
164.28761827912334
159.9703916746115
155.53302379186852
151.03662895835274
146.5073283300633
141.9642640913945
137.419724751527
132.87923073102954
128.34679676697772
123.82604599366641
119.31915201277975
114.82809937692627
110.35468358963132
105.9005111053418
101.46699932942538
97.05537661816902
92.6666822787836
88.30225006392936
83.96304338804396
79.6491946300504
75.36098399758396
71.09884431479728
66.86336102235288
62.655272177428245
58.475468453714356
54.32499314141492
50.20504214725039
46.11696399445188
42.06225982276475
38.04258338844875
34.05974106427519
30.115691839532538
26.21287783858736
22.357732466889953
18.557337500863603
14.82590073571277
11.1864928467749
7.676053374891563
4.389965916312242
1.6146667365741108
0.21090537932990389
0.06358356824672369
0.06564855343720045
0.07373446823947997
0.0835744556696186
0.09549120296659802
0.11010948033278871
0.12832035596720234
0.15142075927633217
0.1813589393105869
0.22118328920184258
0.27586552649494445
0.3540116882857183
0.47141460737007923
0.6592938032846004
0.9842342508469181
1.596743647926621
2.83517741455234
5.360976559446452
10.046568831601514
17.37990280104791
26.945452111657964
37.51372918928237
48.177004181809366
58.74581561940758
69.21843855993147
79.58968513169737
89.85046300905104
99.99898875654192
110.02085761501753
119.88527947307381
129.54507886704374
138.93669498101397
147.98018460881684
156.54245007429662
164.24865617162484
170.58982690075214
174.9831470537662
176.79540612876133
176.0866653341233
173.68088460462198
170.2526997436149
166.2744334926791
162.0398861614964
157.6656620049284
153.19710492453248
148.67171437525988
144.11915577443756
139.5612605017736
135.01202589935588
130.47761527165036
125.95635788550736
121.44304876840755
116.94445494784149
112.46285505414595
107.99973181711253
103.55647489726715
99.13438088586284
94.73465330488459
90.35840260704796
86.00483044523104
81.6695546923338
77.35436870816596
73.06159752648158
68.79361229080172
64.55283025441342
60.34171478037432
56.16277534150559
52.018567520396594
47.91169300940392
43.84479961064985
39.820581236027586
35.8417779071935
31.911175755572405
28.031607022356415
24.20595005850339
20.437129324741456
16.728115391562135
13.081924939226822
9.507011982002677
6.083874453404102
2.9814609883275627
0.713890986419766
0.08826394728839117
0.06312449042889628
0.06985166179957535
0.07892918410294654
0.08989222196060175
0.10325501587791018
0.11976893865334652
0.14051004264183678
0.1670617344847022
0.20183992643741713
0.24867890407786322
0.31398215516233324
0.4090700568160058
0.5554318258760056
0.7971857354290145
1.231627684046181
2.080637745639767
3.8224625686228633
7.267928572627866
13.187956879763052
21.696444834997514
31.91529518757974
42.59509994655059
53.201237862373524
63.72255797213036
74.1448280896336
84.45829255342275
94.66152366580222
104.75135216546875
114.7050889084412
124.48049048146268
134.0157592020032
143.22954311826206
152.02093600915865
160.26889318519386
167.44736469185747
172.85527099956823
175.99637875011277
176.5914389617488
174.98091656681416
171.9890067596988
168.2341682335626
164.10756481376316
159.7816938394053
155.34561164476477
150.84795703468725
146.31763798665727
141.77501312651367
137.23189172845457
132.69218869607047
128.16064161114568
123.64066512466734
119.13454327608905
114.64433317667128
110.17186500947344
105.71874202935915
101.28634056299525
96.8758100088496
92.48823756878767
88.12517395145619
83.78702930630415
79.47412456691816
75.18688959977521
70.92586320424765
66.69169311259584
62.48513598997318
58.30705743442426
54.15843197688469
50.04034308118512
45.953983144044116
41.900653495073406
37.88176439677605
33.898835044545955
29.954308483137464
26.052542579652442
22.19862843734279
18.40168436888432
14.675018634005935
11.038445167323768
7.534182906391588
4.261350540151027
1.5210198202456593
0.19152762550721156
0.06315101990901155
0.06593648327431713
0.07409953464559318
0.0840123012036941
0.09602321586741838
0.11076471504867008
0.12914312149083257
0.15247446590167252
0.18274617856394593
0.22306622136561347
0.2785241554545711
0.35792387819358373
0.4774811766895555
0.6693628273509349
1.0023644934551041
1.6320679025408587
2.9084434899308067
5.5073927545183
10.29646509623822
17.738777490454304
27.372047215566642
37.95583061204386
48.61477290826911
59.180203703201535
69.64879894501131
80.01581700900843
90.2727818483178
100.41615556993469
110.43013512770872
120.28392472815307
129.9317358304342
139.31278714638736
148.34817621304475
156.8606963055363
164.51656735812898
170.82985037668337
175.15852219777486
176.80721361771413
176.02685490249482
173.58848370686164
170.12692477503995
166.13033613312138
161.88029382654827
157.47785444550132
152.9909766727783
148.46660197879916
143.93065462159817
139.3885517363838
134.84534010389163
130.30839765814437
125.78142329229271
121.2675134773391
116.76916226214244
112.2882612734175
107.82609971573308
103.3837962226347
98.96288260103434
94.5643540919205
90.18913902054665
85.83811390369871
81.51210344969999
77.21188055840399
72.93816632119903
68.69163002100747
64.47288913228346
60.28250932101958
56.12100444473797
51.988851718082095
47.88722099455993
43.8172332513149
39.780273878183934
35.778446393270166
31.814572442947387
27.892191801858914
24.015562372916637
20.191392011095775
16.42760091447934
12.742741037274289
9.171289926648887
5.7830711858877075
2.709843833632628
0.5715928654672618
0.07848502954247219
0.0630097975526826
0.07001315340304327
0.07908711649638356
0.09003588789623591
0.10338785192646063
0.11990729998467241
0.1406948506835107
0.1673815811307063
0.20246773727440578
0.2499608136585243
0.31659851620855517
0.4144111297499984
0.5664594516021084
0.8203286754708771
1.281274534796027
2.1890478255377865
4.055948543479369
7.710637316468726
13.891526743890203
22.61621601466548
32.922212741443765
43.59373876964846
54.205113136026355
64.71987878956055
75.1359576988962
85.44722811562359
95.6395459488422
105.7143753410831
115.65680439458092
125.42670810920778
134.95874838247607
144.16237400954162
152.92182068319195
161.09649031115487
168.16746058989634
173.41021638229165
176.32660574821404
176.6744938838508
174.8969462210051
171.81082456286592
168.01231665665915
163.86361306611045
159.5207624866085
155.0759859598602
150.57209107640048
146.03880979242874
141.4957644252655
136.95246765335742
132.41221877047795
127.88078069023642
123.36097850313065
118.85525429815745
114.36574636998583
109.89428921894913
105.44241355105027
101.01134627796061
96.60209953109587
92.21629274277345
87.85467014425352
83.5177292261385
79.2060166485166
74.92012824096064
70.6607090025328
66.42845310177748
62.22410387672615
58.04845383489599
53.90234465328856
49.78666717839502
45.70236142618909
41.65041658213047
37.63239594863646
33.65075393464509
29.708316283173463
25.809357805173164
21.95962304497874
18.167212692359104
14.443698445297224
10.813074166594117
7.3213306905724505
4.068257552253165
1.3844482107549327
0.16648356892651178
0.0626874510946963
0.06638790134768448
0.07466430000487692
0.08469258834533881
0.09684983076131207
0.11178632289939872
0.1304280534488441
0.15412580555755861
0.18492207614800402
0.22601842095547994
0.2826724511475619
0.3640037681503116
0.48690334853146194
0.6850468064537915
1.0306875169291363
1.6878418091045786
3.0222461836478884
5.736607294300429
10.68362859452882
18.288455106883724
28.03532454741179
38.66351166460128
49.3205906969525
59.871720327171275
70.33394795615584
80.69307353054855
90.93111060276169
101.06566210984475
111.09584462327486
120.98879110725018
130.67965091867876
140.07158980719552
149.03578991515081
157.4114497776127
165.00682991031465
171.32012914585172
175.4205646904574
176.89579820898484
175.97653900522297
173.43990089786197
169.93912936687323
165.8921966685012
161.58725257834968
157.18277992868428
152.71161822403698
148.19330525210393
143.6551739443549
139.1093486835123
134.56499211476597
130.02830514577172
125.50253043048734
120.98988647324445
116.49280541820343
112.0129069946511
107.5516951874051
103.11055823681892
98.69076863877434
94.2934831446864
89.91974276150219
85.5704727516995
81.24648263329232
76.94846945420306
72.67705985636888
68.43262293629213
64.21558549869158
60.02653968536838
55.86624297519908
51.73561818414023
47.63575346522715
43.567902308573224
39.533483541373755
35.53436220076086
31.573053745194084
27.652700672703627
23.778477476090487
19.957646736263914
16.20009045653859
12.521852984638718
8.955530879282636
5.569855590686686
2.544889840473036
0.5062420755269899
0.07491135668900616
0.06332525387289348
0.07052104551075153
0.07969978044921992
0.09077940496146514
0.10430221725077272
0.12104944745111973
0.14214591161147297
0.1692638169130758
0.20497305703204
0.2534083206209329
0.3215377815985865
0.42185816755310157
0.5784128545994325
0.8411167258248681
1.320521608747222
2.2697006639581048
4.22052919935035
8.01408502916942
14.36043244583116
23.211345734112193
33.56370369950826
44.234362970812796
54.84056858097538
65.34944325476745
75.7594003858371
86.06483454629752
96.2500530463103
106.31173500840275
116.2421877303324
126.00343006002606
135.5271465344685
144.71468737970568
153.43706851083388
161.54176627911633
168.5532750776834
173.67829829224442
176.41726907843585
176.61306371604812
174.73942641676297
171.59310739529943
167.7582309612445
163.5926267101692
159.24331059939803
154.79406871269038
150.28876413333754
145.755093619386
141.21172084623998
136.66827640666685
132.12849627737418
127.59778284583687
123.07888033221022
118.57416802408858
114.08574512441771
109.61543075148691
105.16476393893409
100.7350036357449
96.32714800722702
91.94273725166477
87.58266260820989
83.24736526106415
78.93734798243543
74.65317513253669
70.39547265959065
66.16492809982249
61.96229057746498
57.78837080475688
53.644041081942156
49.53023529727426
45.44794892700966
41.39823903541179
37.38248000378088
33.4032748195163
29.46341117778311
25.567224798191262
21.720768773067206
17.93230432572767
14.214144178587722
10.589754684233348
7.109367891250284
3.878293376849143
1.2536325930614944
0.14579016372731227
0.06240563079832944
0.0668492340098814
0.07523801093533097
0.08538438368373162
0.09769459054823437
0.11283230881371298
0.1317453393395537
0.1558169596755429
0.18714765711552594
0.2290334392084352
0.2869056787310683
0.3702275002467168
0.4965841240368886
0.7012139476981974
1.060178462016497
1.7460946383368725
3.143483780932726
5.9710729124775765
11.081417805317415
18.843628962726957
28.67112290931857
39.29743153066906
49.94303318618485
60.49670100495231
70.95295320279955
81.30645095350293
91.5513254808377
101.67949105855791
111.6715757010677
121.49671493687168
131.11255180856432
140.4622114913555
149.4216441561733
157.84868882937823
165.41918892665427
171.57732336141507
175.53139643080206
176.80212145149184
175.8543049851737
173.27785175376047
169.69638335711235
165.66453489897154
161.38100362660538
156.95793670298465
152.46951627742916
147.9512682492003
143.41279487873916
138.8682913790365
134.32476007168216
129.78782412128072
125.26185092539336
120.7499521145306
116.2539835521567
111.77499484623605
107.31464772087607
102.87439747364213
98.45555952980727
94.05932106561487
89.68674100827711
85.33875003597403
81.01615057785811
76.71961681404748
72.44969467563
68.20680184466254
63.991216128118964
59.80291743017523
55.6420487682989
51.50937106503342
47.406277894337165
43.33479548158228
39.29758270355926
35.29793108847012
31.339764815932927
27.42764071698086
23.566748274060416
19.76290962103687
16.02257954318687
12.354096274791301
8.79407859149941
5.418921635230297
2.4205812427589803
0.45509092958553404
0.0724760069387726
0.06362605490030054
0.07097023679955966
0.08024287871490854
0.09144348701877036
0.10513041309058493
0.12210243488639827
0.143512839825153
0.17107254455963206
0.20741413979622056
0.2567692826497639
0.3262793216487658
0.4287772088984141
0.5890296844363995
0.8586577591812626
1.3527571380029417
2.333192365758848
4.350077725742494
8.248957944406513
14.71986542154574
23.672037199691957
34.05713560674557
44.727913513687874
55.32940796758586
65.83347973377028
76.23839687348436
86.53831306748768
96.71942882005638
106.77245282738812
116.68994441104815
126.43500180490011
135.94048629694507
145.10902222932447
153.81299699830987
161.88943963942205
168.7958549345472
173.8204878658797
176.47247945957906
176.54135906994318
174.58508642099534
171.40335504755592
167.56096371075975
163.38392873501584
159.02810909510046
154.57406929927294
150.06444242340808
145.5295544499323
140.98742426782206
136.44414599985853
131.90486516134726
127.3745087986847
122.85603364551764
118.35199585442683
113.86455099693188
109.39545406348391
104.94605946347036
100.517364927061
96.11092855194148
91.72777862472898
87.3686026984639
83.03408955731534
78.72492921657977
74.44181292267979
70.18543315316907
65.95648361672508
61.75565925315368
57.5836562333884
53.44117195948885
49.32890506464518
45.24770469034596
41.199304524955224
37.18498675153437
33.20699395130691
29.268810398055603
25.375162058115354
21.532016590377793
17.746832117872046
14.03303878186507
10.415404346437304
6.942367271198877
3.729747044630545
1.154404995350361
0.13205228595648574
0.06228486773676117
0.06722160383036133
0.07569564879646064
0.08593571946810916
0.0983673210292963
0.11366534012308574
0.1327949273009896
0.15717084210637008
0.1889349986933112
0.23146312786291037
0.2903346983830256
0.3752800382142216
0.5044741034661555
0.7144595295359297
1.0842656664549617
1.7937642875077253
3.2411259181844296
6.16439020141455
11.403018395984024
19.29555058112735
29.20744192265217
39.82503397656085
50.46517506959099
61.01419790976676
71.46556243136047
81.81428168283979
92.0544623064238
102.17525668719232
112.15681818342887
121.97029606965093
131.5770709818917
140.89017809731075
149.85350999683942
158.28619623523906
165.80997502873277
171.84654919979695
175.4443421525272
176.5470620415245
175.61324252355024
173.12009911367014
169.5635291852574
165.45811196998852
161.16795426162938
156.74821773245705
152.2573239737238
147.7335936134722
143.19525540293895
138.6507505704576
134.10826515961708
129.57234092203433
125.04683554605005
120.53492265672112
116.03909181582557
111.56114852186138
107.1022142100459
102.66322238866697
98.24581516320107
93.85100075875891
89.4797004711858
85.13277810501503
80.81103997347293
76.51523489847152
72.24605421061314
68.0041317491896
63.79004386218078
59.60430940625904
55.44738974678319
51.32005164185426
47.223443635227845
43.15859490436775
39.127144103934334
35.13135251781862
31.174104059146806
27.25890527027922
23.39027066385044
19.57490311187423
15.822286744188533
12.153988457963544
8.604751959537738
5.253041808782772
2.265681488404469
0.39612204469068407
0.06970139107420376
0.06388246526818572
0.07137397972257294
0.08072758119440349
0.09202526347676689
0.10583327400309811
0.12296124491053319
0.14457928663862699
0.1724316207075525
0.20920867496854711
0.25925322993381855
0.3299379426641043
0.43457551203375877
0.5989762456015175
0.8770835624553897
1.3890903649734465
2.4087348138903346
4.502979543720417
8.533426842392478
15.152854476086809
24.22478753726164
34.653823256169744
45.33191991841587
55.92531096977935
66.42427177808557
76.82354859114344
87.11560990746996
97.29617631698557
107.35155919949808
117.25555354359317
126.96943794662272
136.4419746147086
145.5964883446276
154.2783840705524
162.25800572357323
169.09858275878855
174.14243185035699
176.59276116000132
176.50814191656798
174.54573348796487
171.33338547752285
167.45467897593622
163.2667564519041
158.89512403167822
154.42700035840866
149.91693274769597
145.3868138972701
140.84372690656087
136.29925874042564
131.75911764168742
127.22797866634451
122.70948368356925
118.2062413757066
113.71982723827949
109.25128599303622
104.80220829961195
100.37394080885497
95.9677107500544
91.58462980471734
87.22569410656166
82.89178424152081
78.58366524774223
74.30198661558686
70.04728228763351
65.8199706586719
61.62038574769353
57.44921869481994
53.30658802963828
49.1929821616536
45.10963348567422
41.058518381816334
37.04235721550278
33.06461433746217
29.129498083732933
25.241960775657347
21.407698719885133
17.633152208372486
13.925876963921073
10.311523848477057
6.843731228105379
3.6417122171922487
1.098028477500174
0.12492151655244219
0.06227305441804195
0.06746975620746104
0.07599870903022422
0.08630164313286187
0.09881756047179648
0.11423177045944549
0.13352334954814465
0.15813006182292597
0.19022434913698166
0.2332330332373066
0.29281284671804536
0.3788564038211484
0.5098584963976848
0.7230787414520404
1.0995585346347674
1.8234524768278186
3.302903599015375
6.280248953583747
11.597058782220534
19.5604515809725
29.491257515222934
40.13004694429248
50.77354786066428
61.31881740763422
71.76716021464769
82.11349122599364
92.34593551336934
102.4555407002569
112.44090368368612
122.27337820152215
131.89566241140997
141.2217988907914
150.13717463689358
158.50204594341957
166.03378503003802
171.95377322928346
175.64803771393193
176.81695086745904
175.63579285641637
172.89731863369968
169.2730653746924
165.20737585633563
160.9188084151591
156.50062006695475
152.01316341059456
147.48769344882942
142.9464184783681
138.4025000898816
133.86074469494605
129.32624837500688
124.80258712729986
120.29223628373339
115.79739549333081
111.31998872222884
106.86166425367664
102.42379468804049
98.00747694279637
93.61390455353104
89.24450038040624
84.89971126868907
80.58000391473459
76.28591010577729
72.01802671993626
67.77701572621368
63.56360418449402
59.37858424554845
55.222813151027886
51.09721323346764
47.002771916286385
42.94054171378476
38.91164178350442
34.91820829511607
30.962936126789447
27.049420779951642
23.18309372463675
19.371222399490755
15.624731943997572
11.960074935456133
8.416568537667626
5.070254269573905
2.1376249941894248
0.3524604297761796
0.06798578130951675
0.0642120725250035
0.07183485776786289
0.08128423188508645
0.09270206254114478
0.10666695517779119
0.124002218565656
0.1459030431216503
0.17415268883627602
0.21151003710263674
0.26244021423212477
0.33454074624441504
0.44157685821505516
0.6103434224928599
0.8970586489281765
1.4274686105204495
2.48792204403726
4.664879487680421
8.819881008157877
15.584288194694444
24.749513831133843
35.2133445157146
45.88437024269453
56.47456264135287
66.9683379358222
77.3625422251429
87.65009398697055
97.8159357581888
107.86175081203058
117.77048472591295
127.49765285931218
136.97134035376658
146.0922021328795
154.73346290230776
162.72993215717727
169.47503564997194
174.24977165473402
176.60901099347265
176.42932541692403
174.3081976362359
171.02448969003177
167.1253788385959
162.92654972975154
158.5557133964558
154.0954236301119
149.5835203307968
145.0471088002953
140.50355204330555
135.96047968219904
131.4218958201767
126.89283057094698
122.37595128459274
117.87362688216898
113.387927855708
108.92062626821159
104.47319575365633
100.04681151699207
95.64252870275384
91.26194407719552
86.90567298510942
82.57421200943729
78.2681092412835
73.98796427991367
69.73442823275978
65.50820371541258
61.31004485162666
57.14075727331924
53.00119812056869
48.8922760416199
44.814951192876116
40.77023529016911
36.75997490909924
32.78661091688968
28.853245341852883
24.96447797219252
21.126406356007898
17.347954187753192
13.64195572595907
10.036830905989792
6.585154394005532
3.4135346470439614
0.9563654014085801
0.10894004749179141
0.06226335231431282
0.06804003272500934
0.07669712605594133
0.08714606836351477
0.09984680965320113
0.1155010641610959
0.13511234872872607
0.16015497985911925
0.1928718496150557
0.23682021598692782
0.29789667517735346
0.38647459780128046
0.5220618515652765
0.7441760527672511
1.138962212661379
1.9030919344676391
3.46726916495596
6.599024735745542
12.119142990486822
20.267897295245263
30.30544077471358
40.95758349800648
51.59211849390921
62.130771363037624
72.57155954642097
82.9086339072954
93.13106546541353
103.24008032653897
113.22027753712425
123.0349042195869
132.6258555722698
141.91367486948604
150.79755346147988
159.15805411906567
166.54787670586978
172.2805810932645
175.8207137817428
176.80143688050984
175.45950571016508
172.6330430181516
168.97201383572033
164.89073590690933
160.58500153260218
156.1610557949695
151.66813778154142
147.13940866752787
142.59743184184762
138.05417290714578
133.51276968184118
128.97896319109466
124.45615593748941
119.94685999608285
115.4532843414608
110.97733484772955
106.52061428850874
102.08442233694852
97.66976982029014
93.27820612030457
88.91070681152641
84.5677526295444
80.2498754235917
75.95765815652604
71.69173490484711
67.45279085868884
63.241562321812594
59.058836711623805
54.90545255915264
50.782299509071024
46.690318319685296
42.63050086292927
38.60405581692846
34.61341134534609
30.661131573535865
26.75110545537496
22.88879187676742
19.081473977695904
15.340088998548898
11.683249885737135
8.152183006907693
4.82519105396474
1.9448498008593247
0.29309116941722474
0.06589148571502082
0.0647005128008979
0.0724992323500709
0.08208354063029871
0.0936738215766127
0.10786357536721752
0.12550103314620079
0.1478166802702302
0.17665153833572952
0.214863740877831
0.267093957529907
0.34127872491715666
0.45186470812688967
0.6271268681056922
0.9267677953517737
1.484822668517427
2.6055048228901048
4.901912084853429
9.242306094458524
16.20948906012766
25.528375134548526
36.03402186489445
46.703694803116804
57.28623152486517
67.77253014049433
78.15829702114254
88.43709326807335
98.60231140030784
108.63769550657071
118.51641097883807
128.20104451229705
137.6413039893301
146.72734983062702
155.3544890963931
163.24904700437145
169.91018452056665
174.5952636043686
176.64510976481532
176.3510695581126
174.22645302810824
170.8745519313777
166.9415748680089
162.71997067712837
158.32979597223886
153.8571774777396
149.34705666975987
144.8126162817705
140.26905545128395
135.7243384111654
131.1846701618915
126.65488819494747
122.13846249281978
117.63749552898777
113.15303743068972
108.6867471163818
104.24014709178671
99.81459232618094
95.411306757406
91.03138329188626
86.6757838046089
82.34533913914149
78.04074910762365
73.7625824907614
69.51127703784256
65.28476414299215
61.07630072684604
56.889054000930834
52.727245042555566
48.59528480136127
44.497774099302106
40.439503630661726
36.42545396204637
32.46079553237765
28.550888652908956
24.701283507207638
20.91772015116904
17.206128513012473
13.572628393272353
10.02352946481389
6.588201827510398
3.4085156662735145
0.9480497389650936
0.10847145635099893
0.0625999388216278
0.06847141972740665
0.07723477136951927
0.08783900593082342
0.10076625706690735
0.11674035028878608
0.13679477560793654
0.16244153917934093
0.19597575949207516
0.24101947405082183
0.30354045285182524
0.39405301478899196
0.5320988180939168
0.7572789222659548
1.1558070410476424
1.9233426578067219
3.490611978807091
6.625911623593911
12.148376256605212
20.310269334077002
30.3657861017349
41.00753556346935
51.63497362391824
62.17152858721199
72.60957960780648
82.94293571234115
93.16624304996267
103.26830467337032
113.22733411368496
123.01095538046566
132.5762029616708
141.8490523189332
150.71866952089857
159.0262551356696
166.39612757891535
172.22700524579517
175.69350634236338
176.5837739889947
175.3632696520522
172.58858821069296
168.89803755823093
164.81711161902993
160.50503493237176
156.0691606786906
151.57661155866543
147.05468882231207
142.5157271022742
137.97181239060484
133.42980079565208
128.8952202428633
124.37227047480279
119.86382305113113
115.37142297379603
110.8962287065775
106.43994180174968
102.00398654006409
97.589657617143
93.19812014349698
88.83040964451737
84.48743206046882
80.16996374650662
75.87865147265705
71.61401242383451
67.3764341998342
63.166124365957415
58.983027381434816
54.827483319926394
50.70043856388761
46.603445878794325
42.538664413136175
38.50885969843243
34.517403649213854
30.568274563038774
26.66605712048571
22.815942385147245
19.023727803645375
15.295817205613899
11.643787765699633
8.112283676840038
4.790045138614772
1.9160010041230533
0.28542590255631645
0.06569204617019166
0.06482590273658757
0.07265825137265067
0.08227738818237795
0.09391550700422471
0.10817576279545466
0.12591542735306493
0.1483761002795044
0.17741478906188227
0.21590731174282876
0.26852375956576435
0.3432349856828531
0.4545570823762465
0.6309283789957056
0.9325801892220522
1.4948425481483905
2.6242237177209002
4.9369836856304445
9.308159096647769
16.305380760203267
25.644535235638227
36.15271393426558
46.82703725513985
57.406562407261966
67.89145061334095
78.27619844520504
88.54965059783761
98.71098580452116
108.7516499583216
118.64338608809565
128.33823435845093
137.7685320697635
146.8469136581931
155.47169565912986
163.36992274820457
169.90766459799914
174.5036226142167
176.67956306120468
176.2708644619547
174.01802810047957
170.67190305687987
166.74664797805153
162.5242990766174
158.1462673564
153.67901263348915
149.16209451003954
144.62367832798296
140.0805351690204
135.5381565620781
131.00038126152538
126.4723522455204
121.95675093302685
117.4559409325463
112.97196804213579
108.5065602493877
104.06112773144767
99.63676285500638
95.2347598692047
90.85650146626435
86.50250212604315
82.17330648085671
77.86950229919398
73.59172048571013
69.34063508124356
65.11696326279659
60.9214653435522
56.75494477286699
52.61824813626359
48.512265155448226
44.43792868829037
40.39627440374429
36.38964979129535
32.41961664641599
28.489106929880105
24.603433685333425
20.770291039309015
16.99975420122078
13.304495263157575
9.710286909181065
6.275839856910343
3.144796116932033
0.8004788410200278
0.09459265352015776
0.06244523952508574
0.0687724346848202
0.07758767952673638
0.08822193519391076
0.10116340370590542
0.11713773255495079
0.13718125096744038
0.16282632179710788
0.19641288575010465
0.24165767171192734
0.3047680968005115
0.3967123531478734
0.5382380863696866
0.7717150583975261
1.1900512576558002
2.0050016403082016
3.676707410061535
7.000500431183431
12.767159567790005
21.146526571371602
31.309203007141992
41.97633628821667
52.590712989762466
63.12029922978371
73.55171563425414
83.87654622129516
94.09252133487593
104.19358602168802
114.15732567617981
123.94496208032875
133.5013534036015
142.75499420299937
151.6197497955642
159.9042448219076
167.11087254045574
172.68555923855334
176.06588390079412
176.77241408983096
175.25447581806426
172.34036881755102
168.63678262050115
164.52476012506733
160.20828232024593
155.77625127264858
151.27583197532388
146.74219904662465
142.1985367301873
137.65603889494983
133.1154784670268
128.58236066600296
124.06058534219129
119.55258930190482
115.0605165723814
110.58621840177616
106.13125325915387
101.69688683450649
97.28418040803297
92.89480733560355
88.52950573705769
84.18875487162403
79.8730891465269
75.58309811696668
71.31942648613702
67.08277410521745
62.87389597336604
58.6936022377364
54.54275819345876
50.42228428365591
46.33315609943695
42.276404379889
38.25315355545199
34.265820182350645
30.317111394600442
26.41092287005006
22.55299093097246
18.75092192197475
15.016517688979878
11.368081995812634
7.850402756603488
4.549919770473149
1.7335302010608615
0.23769516764229937
0.06424587319598024
0.06528714375273328
0.07327003158799995
0.08301220646550866
0.09480369344726419
0.10925706603598674
0.12724834388940476
0.1500493523910492
0.17957120611406324
0.21879388572497152
0.2725585331664864
0.34922507364996647
0.4640793282834655
0.6471494389761412
0.9623851439961195
1.5542792382663777
2.7477979330522317
5.18582312300055
9.745538078627586
16.94527538303465
26.418416006429137
36.96340659851371
47.632807100707964
58.20569473639296
68.68338645424879
79.0607311604542
89.3270281549908
99.47274794291748
109.50181482102434
119.39163043182653
129.09068443759088
138.51855452035403
147.56590638193762
156.0944937439111
163.9340838776508
170.44782746303605
174.84443699510643
176.74200822291533
176.19736692743012
173.85718175136537
170.4371528228365
166.44699333310385
162.20165633000656
157.8225793885468
153.35226729646132
148.8377441959759
144.30020045476456
139.75500682499586
135.2117144433509
130.67446361272104
126.14736075136038
121.63316747067086
117.13386344253935
112.65127099033246
108.1870550888763
103.74272336447414
99.31962609489887
94.91895620938526
90.54174928864752
86.18886398095093
81.86063483436621
77.55724025884881
73.27907105684389
69.02673413228818
64.80105249059058
60.60306523864881
56.43402758484251
52.295410839025664
48.18890241254393
44.116405818214965
40.08004067034532
36.082142684723344
32.12526367861207
28.21217157076582
24.345850381411122
20.52950023226343
16.76664710692697
13.075315011746648
9.489124391568694
6.068271777497317
2.966153042063768
0.7052950648736345
0.08727118925822241
0.06272693286389765
0.06937532669708805
0.07832662906369474
0.08912779907611858
0.10228824127914637
0.11854838925316405
0.1389733429040636
0.1651325604944662
0.19942165608893714
0.24565905257449708
0.3102374681305031
0.40451415748735786
0.5501480465473514
0.7915230929005806
1.2263831018443148
2.078223088583527
3.8278860755980983
7.283870307548443
13.21944349029027
21.73446224568666
31.9469266552514
42.612542748882866
53.2328202492874
63.75599932116553
74.18067559993337
84.50143402955428
94.70303602734481
104.78733763776673
114.74310983425978
124.53255540521862
134.09130895395322
143.32843689873337
152.12643747275052
160.34985106276503
167.57681855117693
173.01655192884377
176.13634516006042
176.71377130014912
175.10008816632214
172.1042039812279
168.3442008192751
164.21389809224436
159.88812935666053
155.45065219439851
150.9523382382892
146.42173374260219
141.8788423455104
137.3351250691082
132.79462739224658
128.26248732646243
123.7418433457506
119.23504278750839
114.74418341971156
110.27111344090666
105.81743148020333
101.38448659729201
96.97337828242419
92.5852956414693
88.22164599626797
83.88280973286015
79.56919498217364
75.28129459726607
71.01968615334195
66.78503194774578
62.57807899995405
58.399659051592955
54.25068856641833
50.13216873033335
46.04518545138069
41.990909359735355
37.97059580772136
33.985978818216786
30.040342601703134
26.1372454712552
22.28261800400882
18.484968457456016
14.756385633949815
11.115685297635165
7.607006070553236
4.330780694056964
1.5705173152253993
0.20152532706372223
0.06336506396077773
0.0657791263467921
0.0738995554102397
0.0837713930756984
0.09572843684019948
0.11040008906231508
0.12868407009592636
0.1518874551856442
0.1819789443366306
0.22203570245151336
0.2770928138587241
0.3558295671299956
0.4742462985836557
0.6639463612932606
0.9926882247760157
1.6132300959298786
2.8695785612832916
5.429668692210293
10.16393131673536
17.55010453981085
27.1416241472919
37.71764896393616
48.38056657610536
58.94711256159337
69.41787626380268
79.78793082188245
90.04615264417184
100.1846754382349
110.20412715657548
120.0791759561562
129.75716238730635
139.15809939373923
148.1746723125678
156.67223887426863
164.4567282338052
170.81320249211518
175.03973354008085
176.77887118992655
176.0745482858843
173.6251813089528
170.15076861042164
166.14963085931817
161.90331499285946
157.50736852445542
153.03315420890627
148.5149343378764
143.9757912837437
139.43112691152382
134.88866257888813
130.3519505664101
125.82570305591481
121.31230028771803
116.81388717928142
112.3323899254643
107.86951599850283
103.4267541480283
99.00537440105913
94.60642806199354
90.23124194765747
85.88093618717629
81.55576115057204
77.25607187653694
72.98233605493498
68.73513402681898
64.51515878441121
60.32321597112026
56.16022388153364
52.027213461411066
47.92532830770036
43.85582466851986
39.820071443173106
35.81955018214375
31.855923493898644
27.93304796523064
24.055144551622224
20.229281456279942
16.466709501151264
12.783121562877449
9.207231356705579
5.803988186639322
2.7411746102150074
0.5940247079705137
0.07986266473098438
0.06297767010010531
0.06993089172141281
0.07898926522494255
0.08992049913900514
0.10324782899472822
0.11973403440353718
0.14047236146611758
0.1670844270834109
0.2020607970902804
0.24938686779052016
0.31576930737901215
0.4131719868127021
0.56447560832838
0.8169124860986949
1.2748304910196888
2.1764989190866033
4.0272138190743245
7.663690268915413
13.813694888506033
22.51144669575595
32.79905134712226
43.47986250484865
54.08804610561373
64.60386701487897
75.02095752506654
85.3314584086679
95.5317250752667
105.61121612149343
115.54577282269372
125.2976191329445
134.8153616850153
144.03377270814067
152.82161806821955
160.9387155137688
167.98894220061797
173.3870719149591
176.36826618183193
176.65989145513166
174.94985880487792
171.91478873048328
168.12082884528536
163.97610013811226
159.63420259561576
155.17919670252704
150.67010634623512
146.14091087362974
141.6010063487093
137.05650440155983
132.51581116805613
127.98328162430857
123.46251789746957
118.9563692657132
114.46693215825303
109.99555015533463
105.54330912590949
101.11173481969864
96.70196865664283
92.31506636209696
87.9520028440323
83.61367219302906
79.3008876822939
75.01438176763988
70.75480608750412
66.52273146293983
62.31864789760963
58.14296457780214
53.99620985881403
49.879514386539775
45.79380863622406
41.740468807046696
37.72138003801891
33.7389364079649
29.796040935537764
25.896411283891034
22.04534485032301
18.24986714756242
14.524995516664957
10.894432628244777
7.397654030110413
4.136605811433158
1.4335388851854267
0.17489334146302554
0.06283383724915054
0.06622461945639069
0.07445986404291137
0.08444416939966552
0.09654701786399918
0.11141219191303552
0.12995835073677503
0.1535264859322701
0.18413733685899764
0.22495696265884788
0.2811805334874849
0.36181476341761465
0.48351308717439223
0.6793832811706797
1.020429973856428
1.6678297164392415
2.981715653276188
5.652057968592586
10.544336043003137
18.090320328833805
27.788541825562003
38.38452302306276
49.042312674426775
59.603371665261314
70.06802077510588
80.43110972001725
90.68115277476205
100.81905370383899
110.83299537415974
120.69080566252289
130.33995745557408
139.7075686498234
148.70040215166085
157.2112234761413
164.89091852855083
171.07203499139095
175.18964317830572
176.80976850381822
175.94503889727577
173.40846211560185
169.90408953638766
165.8999818365481
161.63612476468722
157.23525534819117
152.75511777861948
148.23213012293422
143.69173527244516
139.14840094280208
134.6062320763404
130.0701743746956
125.54445814883742
121.03168178118331
116.53413411836658
112.05379447125422
107.59233261492659
103.15110878869507
98.73117369609479
94.33393158099265
89.96060141174884
85.61167016719176
81.28767220436333
76.98918958594516
72.71685208025141
68.47133716124546
64.25337000852105
60.06372350731859
55.903218248518606
51.772722528633714
47.67315234982634
43.60547141988847
39.57076143072915
35.571269812211646
31.60943887528912
27.688815228839747
23.81445388312797
19.99299600062402
16.234533526119783
12.554549647483196
8.988285971388763
5.600065792975109
2.5702249973976823
0.5171099480659429
0.07548516952820584
0.06327871302363187
0.07044587614298085
0.07960963054806061
0.09067109044585306
0.1041676512393862
0.12087945100643548
0.14192811433953118
0.16897824886876234
0.20459094675096684
0.25288116068801664
0.3207843022772944
0.4207214082477652
0.576580232281
0.8378646590492338
1.3147153556002207
2.2573376265300857
4.1952120327525115
7.968053428385563
14.287633684981275
23.1274387809064
33.47955331722687
44.152944103577525
54.75440135141143
65.26414083896042
75.67466852712151
85.97847717364323
96.17220895985189
106.24343593926515
116.1669156028373
125.90459087897605
135.40559013350335
144.60316815616278
153.3507027649599
161.41659398152
168.39357564960022
173.67138524843855
176.4616505060128
176.60928631713628
174.80613205530156
171.70785929022273
167.8803861619839
163.72014132939864
159.36748157793798
154.90716350618558
150.39704188691624
145.868069667114
141.32675218474498
136.78232687309017
132.24187223369054
127.70983243939743
123.18983217942404
118.68467665932523
114.1963516010151
109.72603457808069
105.27497406394212
100.84461306186839
96.43612002461221
92.05057268964092
87.68895807912895
83.35217249995048
79.04102154369639
74.75622008665503
70.49839228982923
66.26807159892866
62.06570074436316
57.89163332737141
53.74666964724771
49.63176510951671
45.547927660821635
41.496617008004506
37.47974461812227
33.499673718428504
29.55921929638945
25.662431377711737
21.81406664196519
18.022507359064047
14.303204334859078
10.678797840761613
7.19139955900545
3.953001713529219
1.3043173431671091
0.15340915080507633
0.0625006597222539
0.06666747087194355
0.0750117973191136
0.08510963922042176
0.09735893502348009
0.11241747363544063
0.1312240720706713
0.1551510809756046
0.1862739554112107
0.22784868494425214
0.28523872498197483
0.3677744286503727
0.4927743335816751
0.6948548433395789
1.0485680558415347
1.7230170276582233
3.0959903723473956
5.87773933883694
10.925124175556238
18.63156102840857
28.410360832782864
39.0297722650978
49.68000272717928
60.23557605919634
70.69426720543537
81.05160307403493
91.29895222878541
101.42075045148238
111.41609551091688
121.26219816477168
130.90722040218517
140.27027544376983
149.241427741627
157.68538087645115
165.3192059403519
171.4230455097006
175.39001801307603
176.835064953592
175.84785443386266
173.23493453526206
169.68908172919623
165.66441617020183
161.3888748769474
156.98119223406692
152.4967998630009
147.9723127846616
143.43231243557761
138.88934666788563
134.34683867309522
129.81123159784343
125.28599102067854
120.77386168452206
116.27720179019344
111.79798299642805
107.33779041985682
102.8978226350244
98.47915197435134
94.08337561638464
89.71124272718903
85.36341638788646
81.0405671014756
76.74337279282433
72.47251880866267
68.2286979175996
64.0126103101036
59.824963598519886
55.6664728170625
51.53786042180853
47.43985629071313
43.373597952563415
39.34081874124586
35.342974263869415
31.382796906568085
27.46436700919215
23.593112865290326
19.77581072212544
16.021596794989446
12.34797525410275
8.788868310048732
5.413216460964676
2.4162221371793113
0.4535145475204069
0.07229657664045709
0.06358483050975001
0.07092564687032316
0.0801872195976134
0.09136984210492906
0.10502705348176691
0.1219525221573544
0.14329395080291768
0.17075570007094026
0.20697031131509105
0.25616637366206874
0.3255036383138751
0.42785089500458706
0.5880591036360844
0.8578851808961395
1.3525321744323606
2.3345286126507006
4.31820761274818
8.198023722009644
14.718590796698868
23.708451480309616
34.099609497747096
44.77939258832574
55.37739683889554
65.88142591639067
76.28634166217486
86.583485767169
96.76231298546722
106.8271969896571
116.7594974888126
126.51411363526293
136.01948402455275
145.17758669548695
153.863939130093
161.93444629571067
168.88578233226477
173.90828386009858
176.52347576386794
176.62226525669706
174.68723758545568
171.49838811147347
167.62770283621828
163.4392487452503
159.090002286597
154.6364826846142
150.13056569732692
145.59645811418744
141.0517204395312
136.50726689259466
131.96766425805652
127.4371282505206
122.91881626850439
118.4148291747847
113.92708781971824
109.45733304123372
105.0071256648243
100.57784650356538
96.17069635809445
91.78669601662824
87.42721512261755
83.09303962403126
78.78426934604349
74.50117301313017
70.24418830669273
66.01392186505059
61.81114928343438
57.63681511400211
53.49203286582064
49.3780850048821
45.2964229540967
41.24866709328556
37.236606759197784
33.262200245490504
29.327574802747552
25.435026638468553
21.59065317134751
17.80285794331748
14.086566721181281
10.469205131790398
6.994256731867551
3.7759175312599833
1.1847558050069151
0.13608257759985312
0.06232358473228089
0.06711885423492046
0.07557229452071437
0.08579067639326796
0.09819514680107085
0.11345724965835004
0.13253476740686249
0.1568289406721601
0.18846478817620713
0.23078976012170094
0.2893326772977221
0.37374588599366404
0.5020331422622081
0.7103728137787353
1.0768832517072078
1.7790051197544645
3.210588953821348
6.104555867229355
11.3026810224491
19.154230372443163
29.053438858667512
39.67883645960356
50.313846885958846
60.86410805881471
71.31683321658616
81.6658427379881
91.90610841907673
102.03123109314446
112.02151611388315
121.84378697844068
131.4513853273813
140.7841709447027
149.7503824001442
158.14390689440228
165.6273012140863
171.6870776337193
175.63088178336258
176.8284610039441
175.74185196925043
173.10623652366073
169.52821145063274
165.47878880602568
161.19779515504186
156.7767640266425
152.28139022993275
147.75504996189002
143.2188008073562
138.67499534382497
134.13246398517364
129.59674111835255
125.07152493113742
120.5598649190792
116.06416188549659
111.58616794149337
107.12699587240917
102.68797158692155
98.27045482971924
93.87545297422407
89.50391316249363
85.15672230520137
80.83470708165376
76.53863393978321
72.26920909614041
68.02707853591164
63.812828012899196
59.62698304953834
55.470008936889556
51.342505022656766
47.24575264108796
43.180781074300704
39.14917535355197
35.15317240218122
31.1956610356036
27.280181961326097
23.41126016403243
19.595630055962015
15.842576900860566
12.173617076106169
8.623780796528118
5.2703878222388045
2.280804174828541
0.40156681652065324
0.06994031301480319
0.06385075036841201
0.07132816396826591
0.08067161789279712
0.0919574728176022
0.10574920566123035
0.12285602981758313
0.14444623634693274
0.17225711965615015
0.20897568353702928
0.25893218561657627
0.3294788044296857
0.43387622469017256
0.597829555288471
0.8750257595062295
1.3853752740726282
2.4009170653756176
4.487869365419822
8.503929636500118
15.108156666520417
24.17078978685082
34.60227130962348
45.27476444873897
55.869305087481756
66.36880960078527
76.7684726398712
87.06187402078413
97.24341571713325
107.29816717812066
117.20046337659265
126.91390480905717
136.3913574956431
145.53291454306952
154.22705309853288
162.24070336521714
169.10982069146488
174.13742765151312
176.54956741029585
176.5278338796219
174.60685704490845
171.38553388571825
167.5054255234263
163.31590070547753
158.94245571113856
154.4765645074766
149.96985616233843
145.4380413548755
140.89509535208086
136.35015556766214
131.80949245338934
127.27807404878442
122.75956598113872
118.25633146549308
113.76953769975944
109.30064508093166
104.85123599323552
100.42268315031738
96.01622979138472
91.6329896812233
87.27394711018995
82.93995689420524
78.63174437477055
74.34990541894828
70.09490641937963
65.86708208283777
61.66648452773892
57.493111260636184
53.3475185338664
49.23087546987849
45.144964061226446
41.09217917056224
37.07552853065226
33.09863274435862
29.165725284655363
25.281652494621536
21.4518735874344
17.6824606463855
13.980098624862082
10.364567766283873
6.89353518304197
3.686920606621502
1.1266781299517348
0.12864436882070399
0.062319040879971074
0.06738524012488462
0.07589628023111859
0.08618251718262844
0.09867884882653587
0.11406900491681479
0.1333305545939349
0.1578904243640294
0.18991188268925538
0.23279899620888278
0.29216458407481855
0.37780259406287664
0.5080329632293843
0.7196898251894475
1.0927676982849122
1.8093697204928425
3.2703270835405918
6.211740344216954
11.507088219727354
19.426290241803624
29.339512791457334
39.97499057384211
50.61715116642144
61.1645022698995
71.61410917501887
81.96179550693111
92.19968107322215
102.3106136128589
112.28106386551289
122.10452957423679
131.734740938064
141.08375906910064
150.02197599254154
158.37811464663264
165.91762899632465
171.9106373564117
175.64273953345383
176.83032373144317
175.68682860867077
172.9698308424681
169.35012807669182
165.28056027626917
160.99753899547352
156.57943533412885
152.09317499871077
147.56883782780722
143.0279077503756
138.48365824573514
133.9416687317885
129.40698462293767
124.88310223652314
120.37248805770821
115.87733877757744
111.39958129315445
106.94087270738173
102.50260032913789
98.08588167323107
93.69183459844182
89.32194068457159
84.97668446304948
80.65652677082612
76.3619930332281
72.09367326395059
67.8522220650747
63.63835862704755
59.45286672869995
55.29659473723803
51.1704556082374
47.075426885658615
43.01255070182928
38.98295193328127
34.9888501308115
31.032845374148863
27.118585437053746
23.251425775148107
19.43845233336473
15.690523731641873
12.024287137715481
8.478603656984436
5.126798009271324
2.1830961120177377
0.36767105611910944
0.06857402748901209
0.06410306362232789
0.07168207557111156
0.08109971177097187
0.09247842110086624
0.10639129551982321
0.12365806755673275
0.1454643663003324
0.1735809031971124
0.21074499059926266
0.2613783577104642
0.3330279597616047
0.4392591664755144
0.6065417657063864
0.8902546218723195
1.4147933540812783
2.4615101315418753
4.574435059983061
8.670452958899835
15.42905222043429
24.597244534254028
35.04825629955087
45.725603228964026
56.315487832770266
66.81084846739145
77.20670328002976
87.4932526172872
97.66299985407893
107.71745308501134
117.6344837434059
127.36684923059576
136.84219291588698
145.96304413660158
154.606818198041
162.6200213377952
169.40682979610744
174.22266618086255
176.62740348501288
176.51251741552355
174.43004130849948
171.15912234236876
167.25593948641648
163.05673097753225
158.69074759858256
154.23175668389445
149.72159404227693
145.18541944483965
140.64065399990048
136.09698015300316
131.5579187097837
127.02843287344189
122.51123650434566
118.00851853366613
113.5222523305875
109.05419570229914
104.60589089398812
100.17866458885702
95.77362790810334
91.39191537494166
87.03496264335722
82.70307892732852
78.39657569191803
74.11588102298896
69.86153962722248
65.6342128321102
61.43467858594722
57.263831457848575
53.12268263773079
49.01235993632752
44.934107785183635
40.889287236646695
36.879375963884875
32.905968260867404
28.971826577261755
25.081551311822526
21.240859599496982
17.45994636733692
13.753581439301623
10.14493349239316
6.685763677830145
3.5026284797171785
1.0102682360584008
0.11469738799733052
0.06224264116461001
0.06780808117469972
0.0764152767345934
0.0868065861404638
0.09943368161922855
0.11498969007576075
0.13446605143166962
0.15931759837328385
0.19175860477873466
0.23528962729478772
0.2957214531033004
0.3832396085115183
0.5169696949720156
0.7355740846101604
1.1231637253084785
1.8711066556036124
3.4015221066955204
6.472678556377569
11.913034347334955
19.99751551154938
29.98114452871868
40.63254793630147
51.269202965174046
61.81056089181145
72.25434082432362
82.59590739373077
92.82722448787591
102.93031342875908
112.89796476049413
122.7126302731992
132.3224880405889
141.6414249053889
150.54903647935188
158.89564441955164
166.34925926941816
172.17428852957335
175.7848023393908
176.8312998976496
175.54551276365575
172.75598864372924
169.11783784578432
165.04542544928492
160.7439761960191
156.32130911644273
151.82783285356894
147.2995935945505
142.7592593954568
138.21612453532614
133.67421246018654
129.13985124270172
124.61626464341299
120.10622976310987
115.61207704282305
111.13569026384165
106.67850654769317
102.24153097011718
97.82595698304367
93.433098730258
89.06402932577183
84.71966986860953
