0.5
10.851106148447796
20.623674967742165
30.254822170010662
39.79677773727359
49.2676863759115
58.67620134846814
68.02709679519619
77.32351049200234
86.5675025716357
95.76053994947931
104.90377434028952
113.99816391178491
123.04447328464583
132.04331908976812
140.99526534340743
149.9007789613495
158.76029848531223
167.57423630921608
176.34297867918363
185.0668856935399
193.7462913028129
202.38150330973153
210.97280969818812
219.52051497931905
228.02489235541418
236.48620506608103
244.90471240557528
253.2806697228005
261.6143284213082
269.90593595929835
278.15573584961845
286.36396765976417
294.5308670118792
302.65666558275603
310.74159110383357
318.78586736119985
326.7897141955918
334.75334750239136
342.6769792316329
350.56082012845684
358.4050921235494
366.2100039069471
373.97576046642354
381.7025655745225
389.3906217885575
397.04013045061225
404.65129168754015
412.22430441096463
419.75936631727905
427.25667388764646
434.7164223880002
442.1388058690434
449.5240171662487
456.87224789985953
464.18368847488784
471.45852808111766
478.6969546931007
485.89915507016
493.06531475638786
500.19561808064697
507.29024815656925
514.3493868825569
521.3732149417833
528.3619118021892
535.3156557164873
542.2346237221592
549.1189916414562
555.9689340814028
562.7846244337874
569.5662348751722
576.3139363668907
583.0279014550795
589.708309750708
596.3553300837335
602.9691294030098
609.5498739036262
616.0977290269076
622.6128594604139
629.0954291379405
635.5456012395179
641.963538191412
648.3494016661241
654.7033525823908
661.0255511051838
667.3161566457104
673.5753278614129
679.8032226559689
685.9999981792922
692.1658108275304
698.3008162430674
704.4051693145223
710.4790241767494
716.5225342108384
722.5358520441138
728.5191295501363
734.4725178487013
740.3961673058394
746.2902275338172
752.1548473911358
757.9901749825319
763.796357658978
769.573542017681
775.3218739020842
781.0414984018648
786.7325598529362
792.3952018374471
798.0295671837824
803.6357979665603
809.2140355066347
814.7644203710976
820.2870923732721
825.782190572719
831.2498532752354
836.6902180328509
842.1034216438318
847.4896001526811
852.8488888501349
858.1814222731651
863.4873342049798
868.7667576750225
874.0198249589707
879.2466675787375
884.4474163024734
889.6222011445615
894.7711513656196
899.8943954725053
904.9920612183091
910.0642756023502
915.1111648701965
920.1328545136422
925.129469270716
930.1011403582561
935.0479987395299
939.9701673176066
944.8677684653086
949.7409240261449
954.589755314311
959.4143831146895
964.2149276828493
968.991508745046
973.7442454982222
978.4732566100068
983.1786602187159
987.8605739333515
992.5191148336029
997.1543994698458
1001.7665438631428
1006.3556635052431
1010.9218733585824
1015.4652878562831
1019.9860209021546
1024.4841858706927
1028.9598956070802
1033.4132624271858
1037.8443981175656
1042.2534139354627
1046.6404206088055
1051.0055283362108
1055.3488467869809
1059.6704851011045
1063.9705518892586
1068.2491552328054
1072.5064026837942
1076.7424012649608
1080.9572574697288
1085.1510772622066
1089.3239660771906
1093.4760288201642
1097.6073698672956
1101.7180930654415
1105.8083017321455
1109.8780986556362
1113.9275860948294
1117.9568657793284
1121.9660389094227
1125.955206156089
1129.9244676609894
1133.8739230364736
1137.8036713655786
1141.713811202026
1145.604440570226
1149.4756569652748
1153.327557352956
1157.1602381697394
1160.973795322779
1164.7683241899201
1168.5439196196924
1172.3006759313107
1176.0386869146782
1179.758045830386
1183.4588454097106
1187.141177854614
1190.8051348377453
1194.4508075024414
1198.0782864627263
1201.6876618033102
1205.2790230795881
1208.852459317645
1212.408059014248
1215.9459101368561
1219.8650765476166
1224.396002702706
1229.2998399342143
1234.35642266598
1239.3642684135907
1244.1405777843822
1248.5212344774393
1252.3608052835955
1255.5325400854329
1257.9283718572826
1259.458916665224
1260.0534736670857
1259.6600251124446
1258.2452363426266
1255.794455790706
1252.3117149815066
1247.8197285316003
1242.3598941493067
1235.9922926346972
1228.7956878795876
1220.8675268675468
1212.3239396738895
1203.29973946568
1193.9484225017304
1184.4421681326041
1174.9195981690932
1165.3693475338591
1155.8036973395597
1146.2358354174926
1136.6772589623804
1127.1377745323744
1117.6254980490519
1108.1468547974168
1098.7065794259008
1089.3077159463608
1079.9516177340827
1070.6379475277784
1061.364677429586
1052.1303177043876
1042.9381919778011
1033.7886032229874
1024.6816251704802
1015.6173166244191
1006.5957214625515
997.6168686362304
988.6807721704166
979.7874311636775
970.9368297881865
962.128937289725
953.3637079876794
944.6410812750446
935.9609816184219
927.3233185580183
918.727986707649
910.1748657547342
901.6638204603026
893.1947006589895
884.7673412590344
876.3815622422893
868.0371686642047
859.7339506538455
851.47168341388
843.2501422059185
835.0692312286649
826.9287927833757
818.8286422774341
810.7685955759371
802.7484690016939
794.7680793352284
786.827243814777
778.9257801362902
771.0635064534321
763.240241377579
755.4558039778223
747.7100137809653
740.002690771526
732.3336553917352
724.7027285415372
717.1097315785901
709.5544863182645
702.0368150336458
694.5565404555318
687.1134857724343
679.7074746305782
672.3383311339015
665.0058798440568
657.7099457804097
650.4503544200377
643.2269316977342
636.0395040060039
628.8878981950672
621.7719415728561
614.6914619050158
607.6462874149081
600.6362467836026
593.6611691498871
586.7208841102632
579.815221718941
572.9440124878495
566.1070873866286
559.3042778426297
552.5354157409223
545.8003334242864
539.0988636932141
532.4308398131313
525.7961004945306
519.1944849735579
512.6258294356617
506.089971062264
499.58674803075877
493.1159995145138
486.6775656828694
480.27128770113825
473.8970077306068
467.5545689285335
461.24381544815026
454.96459243866207
448.71674604524577
442.50012340905226
436.3145726672043
430.15994295279825
424.03608439490307
417.9428481185611
411.8800862447862
405.8476518905663
399.84539916886206
393.87318318860673
387.930860054707
382.01828686804106
376.1353217254613
370.2818237197927
364.4576529398329
358.662670470353
352.89673839209564
347.1597197817773
341.4514787120875
335.7718802516882
330.12079046521495
324.4980764132746
318.9036061524485
313.3372487352899
307.7988742103257
302.2883536220552
296.8055590109502
291.3503634134558
285.92264086199077
280.5222663849441
275.1491160066822
269.8030667475393
264.48399662382616
259.19178464782505
253.92631082779056
248.6874561679506
243.47510266850807
238.28913332563366
233.12943213147696
227.99588407415595
222.8883751377637
217.80679230236535
212.75102354399903
207.72095783467427
202.71648514237836
197.73749643106734
192.78388366066764
187.85553978708558
182.95235876219533
178.074235533844
173.22106604585477
168.39274723802083
163.58917704610965
158.8102544018606
154.05587923298384
149.32595246316933
144.62037601207575
139.93905279532768
135.28188672453535
130.64878270727607
126.03964664709801
121.45440561698933
116.89321544244264
112.35598510755547
107.84257638251074
103.35290790104702
98.88695516045726
94.44475052159062
90.02638320885148
85.63199931019942
81.26180177714949
76.91605042477148
72.59506193169119
68.29920984008969
64.02892455570323
59.78469334782338
55.56706034929693
51.37662655652624
47.214049829468955
43.08004489163793
38.975383330101934
34.900893595483126
30.857461001961536
26.84892449272852
22.88011470115312
18.958340963286883
15.097447535514126
11.317813594553643
7.657049524416063
4.2201294783587935
1.3458052086872472
0.0865735583421313
0.001980283541194921
0.00029485768299058535
0.0002623844238604211
0.0002602285403468533
0.00025863112489546853
0.00025708443578239924
0.0002555470362042389
0.0002540395032593846
0.0002525451431254185
0.0002510694657544955
0.0002495497068011833
0.00024794090427486136
0.0002462046281337523
0.00024435645065735626
0.00024243065595093622
0.00024053049741598202
0.0002387140737211569
0.0002370517377699541
0.00023558657719456558
0.0002343680080664126
0.00023342733754517665
0.0002328057409303122
0.00023251229822565452
0.00023257452324938757
0.00023300552001699664
0.00023381280277870865
0.0002350091884497941
0.0002365864879985189
0.00023854572475030396
0.0002408883030342024
0.00024358515824408314
0.00024663350327983703
0.000249996364576339
0.0002536309336156987
0.0002575184149382575
0.0002615675351639049
0.0002657639103417769
0.00027010069002312545
0.00027452757336157544
0.0002790747892836078
0.0002837398136686673
0.0002885065549058852
0.0002933893855008882
0.00029838339047620936
0.00030347665228177065
0.00030867963181301945
0.00031400378339989447
0.00031943543688449247
0.00032498954463794117
0.0003306444877588739
0.0003364474395624732
0.0003423693542502072
0.0003484194972241721
0.0003545994126825557
0.00036091365285441097
0.0003673762676720452
0.0003739694292436486
0.0003807171494466498
0.0003876227607540084
0.0003946703499831077
0.00040187836431749977
0.00040923181409155564
0.0004167869609163245
0.00042450602481055346
0.00043239072121646274
0.0004404578876048253
0.00044872036439767994
0.00045716726127202135
0.00046581256143388416
0.00047466059161430915
0.00048371904927721037
0.0004929980074213927
0.0005024841909112978
0.0005122114341836613
0.0005221830328570848
0.0005323681454888747
0.000542828901127228
0.0005535309257629724
0.00056449820255967
0.0005757405634051246
0.0005872669343224056
0.0005990862582580365
0.0006111934139952858
0.0006236123615795675
0.000636361937296195
0.0006494219785243973
0.0006628347821087898
0.0006765844121071007
0.000690713549738466
0.0007051958014615833
0.000720075023253141
0.0007353464219213489
0.000751038145772627
0.0007671486229513285
0.0007837048911814136
0.0008007098501353192
0.0008181943635201847
0.0008361562509392218
0.0008546320416615399
0.0008736142964267837
0.0008931396351808381
0.0009132408659384127
0.0009339208749276788
0.0009551940779443954
0.0009770967462896687
0.0009996468340793842
0.0010228673174954132
0.0010467839277023333
0.0010714240603231801
0.0010968108445263433
0.001122981712029681
0.0011499657291051358
0.0011777948532852162
0.001206496279593352
0.0012360894564617982
0.0012666536439400404
0.0012982034910225745
0.0013307849355655502
0.0013644240572940893
0.0013991799594659815
0.0014350905645104293
0.0014722453861096474
0.0015106354314034422
0.001550349445629614
0.0015914445707048792
0.001633971087308805
0.0016780080542871138
0.0017236202386317846
0.0017708788696880454
0.0018198397980124055
0.0018706227947852985
0.0019232623784278713
0.0019779044570255333
0.0020346124137669663
0.0020934944269901464
0.0021546524160547436
0.0022182314650679505
0.002284288055306378
0.0023530177362218437
0.002424510180179638
0.0024989280243174383
0.0025764527694945873
0.0026572428538828683
0.002741409037480897
0.0028292299012985514
0.002920850746783992
0.003016515650739404
0.0031164445956924046
0.0032209169540478857
0.003330107341809062
0.0034444369041644854
0.0035640781735127016
0.0036894485246949348
0.003820851888898754
0.003958746290686899
0.004103454980171064
0.004255490416277937
0.0044153243891997575
0.004583461907269106
0.004760483477843116
0.00494698732878454
0.005143679602173542
0.005351246126091853
0.005570550396296328
0.005802393602684258
0.006047769940082267
0.006307742006842477
0.006583405313822588
0.006876031790355767
0.0071870316732430654
0.007518033918614688
0.007870390180745286
0.008246341549372895
0.008647789882261796
0.009077124216763694
0.009536919563295937
0.01002997116365608
0.010559604173399946
0.0111294398944554
0.011743590897824544
0.01240660920582235
0.013123792552994036
0.013901196556061934
0.014745441555709539
0.01566443905826382
0.01666706802562131
0.017763803064318767
0.018966292465298334
0.020289108807675756
0.02174838720134973
0.023362699007439532
0.025155121355759556
0.027152968824313665
0.029387833930476545
0.031899548397181336
0.0347344679168087
0.03795103887688958
0.04162030653625075
0.04583093458403201
0.05069504388224871
0.05635480845636001
0.06299387881133887
0.07085275501949645
0.08025086197391607
0.09162130724891264
0.10556286542599137
0.1229241577819706
0.14494268054548307
0.17347985932198226
0.2114570852872374
0.2636522119290235
0.3383451457215346
0.4508281076527264
0.6315778875350027
0.9465021023655881
1.547739221849598
2.7889928782150424
5.377741704411425
10.23590251790945
17.863113063126068
27.753144681314183
38.563442096949956
49.431186181533825
60.22783389298315
70.95924725073917
81.62883469755081
92.2390320262717
102.79134639393234
113.28701473244296
123.72709781633841
134.11248026277406
144.4438705315282
154.72180107470808
164.94676745653683
175.1192688469185
185.23972071003007
195.30852228391484
205.3260565804781
215.2926903854832
225.20877425856105
235.07464253319904
244.89061331675055
254.65698849043196
264.3740540629435
274.04210914258806
283.6614424041502
293.23232479592036
302.755024688602
312.2298078753075
321.6569375715674
331.03667441532
340.36927646692067
349.65499920913766
358.89409554714786
368.08681580854676
377.2334077433375
386.33411652394017
395.38918474518744
404.398852424322
413.36335700100267
422.28293333729835
431.1578137176936
439.9882278490859
448.7744028607824
457.51656448023994
466.21494824624784
474.8697799263328
483.4812807336752
492.0496707415243
500.57516888320697
509.0579929521173
517.4983596017258
525.8964843455753
534.2525815572778
542.566864470522
550.8395451790649
559.0708346367392
567.2609426574502
575.4100779151722
583.5184479439565
591.5862591379224
599.613716751265
607.6010248982526
615.5483865532209
623.4560035505843
631.324076584824
639.1528052104984
646.9423878422369
654.6930217547394
662.4049030827811
670.0782268212064
677.7131868249357
685.3099758089623
692.868785348346
700.3898058782258
707.8732266938096
715.3192359503781
722.7280206632877
730.0997667079605
737.4346588198988
744.7328805946732
751.9946144879254
759.2200418153752
766.4093427528071
773.5626978972107
780.6802917558227
787.7623031698079
794.8089095027267
801.8202872018039
808.7966117979357
815.7380579056814
822.6447992232705
829.5170085326001
836.3548576992312
843.1585176723962
849.9281584849907
856.6639492535809
863.3660581784
870.0346525433451
876.6698987159853
883.2719621475526
889.8410073729492
896.3771980107446
902.8806967631726
909.3516654161385
915.7902648392106
922.1966549856273
928.570994892295
934.9134426797833
941.2241555523337
947.5032897978513
953.7510007879107
959.9674429777538
966.1527699062881
972.30713419609
978.430687553402
984.5235807681349
990.5859637138667
996.6179853478408
1002.6197937109707
1008.5915359278346
1014.5333582066792
1020.4454058394206
1026.3278232016364
1032.180753752579
1038.0043400351603
1043.7987236759654
1049.5640453852445
1055.3004449569141
1061.0080612685604
1066.687032281434
1072.337495040455
1077.9595856742105
1083.5534393949529
1089.1191904986051
1094.6569723647538
1100.166917456654
1105.6491573212334
1111.1038225890752
1116.5310429744436
1121.930947275258
1127.3036633731124
1132.6493182332667
1137.968037904646
1143.2599475198458
1148.525171295126
1153.763832530415
1158.9760536093095
1164.1619559990706
1169.3216602506307
1174.4552859985852
1179.5629519611964
1184.6447759404055
1189.700874821798
1194.7313645746535
1199.7363602518974
1204.7159759901347
1209.6703055298235
1214.599416699817
1219.5034115093856
1224.3823898816083
1229.2364483836827
1234.0656802269234
1238.8701752667598
1243.6500200027408
1248.4052975785294
1253.1360877819072
1257.8424670447735
1262.5245084431413
1267.1822816971433
1271.815853171028
1276.4262624799437
1281.0145375328336
1285.5806914657007
1290.1246931433275
1294.6464671592696
1299.1458938358614
1303.6228092242136
1308.0770051042111
1312.508228984518
1316.9161841025718
1321.3005294245884
1325.6608796455603
1329.9968051892542
1334.3078322082156
1338.5934425837638
1342.8530739259968
1347.0861195737887
1351.2919285947874
1355.4698057854207
1359.6190116708897
1363.7387625051736
1367.8282302710284
1371.8865426799841
1375.9127831723497
1379.9059909172079
1383.8651608124205
1387.7892434846237
1391.6771452892312
1395.527728310432
1399.339810361192
1403.112164983253
1406.8435214471347
1410.5325647521308
1414.177935626314
1417.7782305265293
1421.349776327737
1425.4828654666753
1430.1688039198314
1435.0331004447169
1439.7402785448946
1443.993876469982
1447.5364472156493
1450.1495585236182
1451.6537928816654
1451.9087475236195
1450.8130344293616
1448.3042803248275
1444.3591266820047
1438.993229718933
1432.2612603997081
1424.2569044344764
1415.1128622794347
1405.0008491368408
1394.1315949549971
1382.7548444282638
1371.1593569970537
1359.6729068478285
1348.6622820961084
1338.0403360416956
1327.4592509904826
1316.9204557297933
1306.4252376450372
1295.9747427197144
1285.5699755354049
1275.2117992717801
1264.9009357065936
1254.6379652156843
1244.4233267729815
1234.2573179504948
1224.1400949183248
1214.0716724446543
1204.051923895752
1194.080581235976
1184.1572350277659
1174.281700153956
1164.454556653875
1154.675654052769
1144.9447905577192
1135.2617643474257
1125.6263735722198
1116.0384163540532
1106.4976907865032
1097.0039949347754
1087.557126835696
1078.1568844977212
1068.803065900928
1059.495468997019
1050.2338917093255
1041.0181319327985
1031.8479875340192
1022.7232563511907
1013.6437361941403
1004.6092248443248
995.6195200548203
986.6744195503336
977.7737210271929
968.9172221533511
960.1047205683897
951.3360138835106
942.6108996815454
933.9291755169489
925.2906389157969
916.6950873757983
908.1423183662782
899.6321293281976
891.1643176741318
882.7386807882845
874.3550160264881
866.0131207161966
857.7127921564919
849.4538276180757
841.2360243432792
833.0591795460604
824.9230904119948
816.8275540982904
808.7723677337783
800.7573284189119
792.7822332257732
784.8468723677494
776.9510416373354
769.0945486328038
761.2772017918712
753.4988103837171
745.7591845089767
738.0581350997496
730.3954739195923
722.771013563521
715.1845674580156
707.635949861011
700.124975861907
692.6514613815602
685.2152231722866
677.8160788178658
670.4538467335335
663.1283461659889
655.8393971933885
648.5868207253486
641.3704385029492
634.1900730987253
627.0455479166764
619.936687192259
612.8633159923899
605.8252602154479
598.8223465912687
591.8544026811519
584.9212568778538
578.0227384055911
571.1586773200434
564.3289045083457
557.5332516890973
550.7715514123556
544.043637059636
537.3493428439186
530.6885038096391
524.0609558326963
517.4665356204468
510.9050807117078
504.37642947675766
497.8804211173329
491.416895666632
484.9856939893119
478.5866577814895
472.2196295707439
465.8844527161108
459.5809714080887
453.3090306686349
447.06847635116657
440.8591551405613
434.68091455315675
428.5336029367503
422.4170694705995
416.33116416542185
410.2757378633955
404.25064223815656
398.2557297948028
392.2908538698922
386.3558686314429
380.450629078931
374.5749910432945
368.7288111869314
362.9119470036979
357.1242568189134
351.36559978935435
345.63583590325635
339.9348259803201
334.26243167170315
328.61851471149413
323.0029326510027
317.4155511206455
311.85623832892236
306.32486318889903
300.8212953182098
295.34540503906
289.8970633782198
284.4761420670314
279.08251354140305
273.71605094181183
268.3766281133045
263.06411960549406
257.77840067256545
252.51936759949197
247.28690834921096
242.0808887407488
236.90117792292233
231.74764837434492
226.62017590342128
221.51863964834962
216.44292207712385
211.39290898752867
206.36848950714494
201.36955609334493
196.39600453329487
191.447733943956
186.52464677208096
181.62664879421803
176.75364911670735
171.90556017568258
167.08229773707268
162.2837808965979
157.50993207977447
152.76067704190996
148.0359448681056
143.3356679732585
138.65978210205571
134.00822632898237
129.3809430583122
124.77787802411483
120.19898029025597
115.64420225038803
111.11349962796643
106.60683147623034
102.12416017821863
97.66545144676397
93.2306743244875
88.81990290257465
84.43334848723507
80.07102035459377
75.73300133738721
71.41946056613095
67.13065346912497
62.866921772448805
58.62869349996387
54.416482973315205
50.23089081192703
46.07260393300798
41.94241812874182
37.84185061849871
33.77225884729505
29.73605528669166
25.737280024311914
21.781600763837968
17.876428092660984
14.034433822760567
10.278597366871837
6.667881859282997
3.3408559398644346
0.7725238990095332
0.029765628306120385
0.0007353372945328911
0.00018872992642713637
0.0001777354336364947
0.00017667455861522806
0.00017601013250993685
0.00017560039489340222
0.00017548400184629062
0.0001756808641921314
0.00017620338082921698
0.0001770715843084228
0.000178288917527264
0.0001798550668318723
0.00018177711160743826
0.00018401247317732008
0.00018655601319315406
0.00018936533563090026
0.00019238120121032026
0.0001955488711119351
0.00019879034841080562
0.000202054225088229
0.00020531202180177062
0.0002085763609554128
0.00021192197751823528
0.00021530166568666022
0.00021876137199648588
0.00022228501093522272
0.00022587895904610357
0.00022954602434940074
0.00023328023914574053
0.00023709443667018854
0.00024098458223396012
0.000244954011500394
0.0002489861280011555
0.00025311997124401983
0.00025732078727349673
0.00026162040397143427
0.0002659943569631061
0.0002704584875755175
0.00027501753367080645
0.0002796727425702115
0.0002844141220126114
0.00028926255767572345
0.0002942005809732178
0.0002992554214134773
0.000304400161430923
0.00030965652591598633
0.00031503389455140196
0.00032052097814389815
0.0003261096406656416
0.0003318308714431269
0.0003376783756402184
0.00034364324341652666
0.00034972041962842004
0.0003559623713291017
0.0003623267769511105
0.00036883352855450095
0.00037547826859800376
0.0003822725432003613
0.00038921120649195975
0.00039631346371613057
0.00040357274103886785
0.00041098955108709475
0.00041857931439138606
0.00042634323301597764
0.00043428149401394034
0.00044241028643702066
0.0004507194735296421
0.0004592222614240972
0.0004679271068465298
0.00047684380341743026
0.0004859571619111255
0.0004952875276505245
0.0005048452985074971
0.0005146392989009557
0.0005246615482699974
0.0005349311028928196
0.0005454560681631726
0.0005562252772285749
0.0005672751629195825
0.000578593353806307
0.0005901995738147366
0.0006020911350026299
0.0006142849682226804
0.0006267926578288672
0.0006396174353409231
0.0006527831082424002
0.000666274742689159
0.000680130994118463
0.0006943486620332206
0.000708946498783739
0.0007239099449124918
0.0007393116061905165
0.0007551065554519118
0.0007713398282750905
0.0007880081310687759
0.0008051523253957695
0.0008227495644745645
0.0008408507923991471
0.0008594622250800806
0.0008785948053941321
0.0008982841612097774
0.0009185296315110936
0.0009393609777323393
0.0009608088745583609
0.000982877393906778
0.0010056117069086497
0.0010290041533705446
0.0010531162691527014
0.001077966404405766
0.001103549809298665
0.0011299462307708188
0.001157147305290786
0.0011852051544037543
0.0012141482072687967
0.001244013159472806
0.001274826614554504
0.0013066481005845792
0.0013395043511385293
0.001373449852641012
0.0014085075377133073
0.0014447537237787754
0.0014822225952089846
0.001520960588849168
0.001561035113015817
0.0016025307657083815
0.001645453309486156
0.0016899117700869778
0.0017359560962359611
0.0017836674128078182
0.0018331135534835465
0.0018843905329732325
0.0019375509239782152
0.0019927376413373787
0.0020500226287623086
0.002109508633563608
0.002171290552038308
0.0022355136057840477
0.0023022899370311383
0.0023717405401780904
0.002444014839252759
0.002519246931875491
0.002597637747283421
0.002679301265695641
0.0027644429693486883
0.002853256540937962
0.0029459406384987853
0.0030427219559073203
0.00314383840753401
0.00324954931368377
0.003360085852052536
0.003475793177089385
0.003596956832310635
0.0037239513249782267
0.0038570267423483754
0.003996739871280475
0.0041433532241833115
0.0042974516061432795
0.004459443755773735
0.004629905325373794
0.0048094254237968795
0.004998641653008425
0.0051981581681914526
0.005408861357425729
0.005631450806925181
0.005866882977122922
0.006116120519221211
0.006380184416027175
0.00666033943721955
0.006957825900026782
0.007274097114117295
0.007610666588741497
0.007969402566107956
0.008352083332372104
0.008761001840447384
0.00919835333281374
0.009667011235926719
0.010169847750845968
0.010710188054149972
0.01129185390430339
0.011919019288206116
0.012596486959442266
0.013329739477914056
0.014124847701814894
0.014988997999040927
0.015930315500178396
0.01695790334672768
0.01808253783310563
0.01931706186712367
0.020675558063957603
0.022175289683984346
0.023836376573914315
0.02568226917601087
0.027741724979815755
0.030048312870008496
0.032643116208215875
0.03557589270314292
0.038908223873267984
0.04271486137276137
0.04709129854836058
0.052155756269353946
0.058062113939884315
0.06500730861980995
0.07325186727705443
0.08314247108228438
0.09515378246321252
0.1099441521070503
0.1284555739040132
0.15207110276390667
0.1828967961859875
0.22426388558648297
0.2817081801086789
0.36497441641959594
0.4924346086874146
0.7016365915713727
1.0752595657290756
1.8068627124635004
3.3320552652114626
6.453351071116896
12.095283504701644
20.449760313337624
30.7471114295448
41.61068461777535
52.4560534186273
63.23479520730588
73.94896883435584
84.60191507395962
95.19597149980977
105.73253783653347
116.21281944154521
126.63780946229622
137.00828883626218
147.32486204488643
157.5881237840704
167.79855475486903
177.9566026774825
188.0626943086412
198.1172354416234
208.12061090624385
218.073184568856
227.97529933235523
237.82727713616782
247.62941895626733
257.38202611238887
267.08541017403024
276.73985254453527
286.3456310824992
295.9030205250314
305.4122924877441
314.8737154647553
324.28755482869144
333.65407283067697
342.9735286003494
352.2461781458502
361.4722743538258
370.6520669894314
379.7858026963204
388.87372499665884
397.91607429111724
406.9130878588714
415.8649998576024
424.77204132349647
433.634447649359
442.4524577620751
451.2262986199554
459.956195825473
468.6423737694487
477.285055631066
485.8844633778608
494.4408177657249
502.95433833890667
511.42524343000326
519.8537501599737
528.2400744381301
536.5844309621398
544.8870332180272
553.1480934801655
561.3678228112892
569.5464310624867
577.6841268732012
585.7811176712326
593.8376096727297
601.8538078822039
609.829916092519
617.7661368848936
625.6626716289035
633.5197204824749
641.3374823918929
649.1161550917981
656.8559351051863
664.5570177434073
672.2195971061642
679.8438660815167
687.4300163458837
694.978238364033
702.4887213890937
709.9616534625435
717.3972214142186
724.7956132254808
732.1570220389715
739.4816326258709
746.7696281221116
754.0211907684649
761.2365019105334
768.4157419987527
775.5590905883932
782.6667263395526
789.7388270171678
796.7755694910061
803.7771297356683
810.7436828305905
817.6754029600352
824.5724634131044
831.4350365837308
838.2632939706808
845.0574061775548
851.817542912781
858.5438729896267
865.2365643261896
871.8957839454011
878.521697975027
885.114471647661
891.6742693007349
898.2012543765123
904.6955894220893
911.1574360893972
917.5869551351946
923.9843064210787
930.3496489134787
936.6831406836546
942.9849389077041
949.2551998665507
955.4940789459571
961.7017306365163
967.8783085336552
974.0239653376358
980.1388528535473
986.2231219913167
992.2769227657027
998.3004042962983
1004.2937148075295
1010.2570016286503
1016.1904111937545
1022.0940890417647
1027.9681798164397
1033.8128272663707
1039.6281742449762
1045.4143627105161
1051.1715337260773
1056.8998274595847
1062.599383183793
1068.2703392762894
1073.9128332194941
1079.5270016006648
1085.112980111887
1090.6709035500828
1096.2009058170017
1101.7031199192352
1107.1776779682004
1112.62471118015
1118.0443498761717
1123.4367234821814
1128.8019605289319
1134.1401886520068
1139.4515345918262
1144.7361241936424
1149.9940495897138
1155.225410683371
1160.4303648011194
1165.6090639936506
1170.7616546053453
1175.8882772742681
1180.9890669321765
1186.064152804514
1191.1136584104133
1196.137701562696
1201.136394367868
1206.1098432261276
1211.0581488313596
1215.9814061711377
1220.8797045267245
1225.7531274730668
1230.601752878804
1235.4256529062623
1240.224894011456
1244.9995369440887
1249.749636747549
1254.4752427589167
1259.1763986089586
1263.8531422221313
1268.505505816579
1273.1335159041305
1277.7371932903072
1282.316553074318
1286.8716046490586
1291.4023517011153
1295.908792210758
1300.39091845195
1304.848716992339
1309.2821686932639
1313.6912487097509
1318.0759264905112
1322.4361657779486
1326.7719246081538
1331.0831553109047
1335.3698045096687
1339.6318131215996
1343.8691163575404
1348.0816437220242
1352.2693190132695
1356.4320603231845
1360.5697800373641
1364.6823848350928
1368.7697756893433
1372.833246325741
1376.88207254961
1380.9162695610469
1384.932897889713
1388.9280229544197
1392.89671506313
1396.8330494129589
1400.7301060901698
1404.5799700701807
1408.3737312175601
1412.101484286028
1415.7523289184558
1419.3143696468644
1422.7747158924283
1426.1194819654734
1429.3337870654755
1432.4017552810635
1435.3065155900156
1438.030201859263
1440.2907383921481
1440.9908100609841
1440.0899701111525
1437.6842386185908
1433.8760265161814
1428.7741355937524
1422.4937584980778
1415.1564787328757
1406.8902706588149
1397.8294994935054
1388.1149213115038
1377.8936830443129
1367.319322480379
1356.5517682651011
1345.7573399008163
1335.10532291461
1324.5634160385785
1314.0594735629393
1303.5953615131066
1293.172763703741
1282.793181738762
1272.4579350113456
1262.1681607039195
1251.9248137881768
1241.728667025057
1231.5803109647588
1221.4801539467364
1211.428422099698
1201.4251593416143
1191.4702273797038
1181.563305710446
1171.7038916195713
1161.8920133686104
1152.1280521128697
1142.4118293803622
1132.7431654101451
1123.1218793607645
1113.5477893102527
1104.0207122561385
1094.5404641154316
1085.1068597246326
1075.7197128397318
1066.3788361362047
1057.0840412090236
1047.8351385726419
1038.6319376610043
1029.4742468275438
1020.3618733451799
1011.2946234063287
1002.2723021228868
993.2947135262432
984.3616605672739
975.4729451163423
966.6283679633079
957.8277288175113
949.0708263077836
940.3574579824459
931.6874203093051
923.060508675665
914.4765173883072
905.9352396735092
897.4364676770352
888.9799924641342
880.5656040195531
872.1930912475196
863.8622419717547
855.5728429354623
847.3246949252149
839.1176098657239
830.9513883230877
822.8258316902148
814.7407422026615
806.6959229386297
798.6911778189756
790.7263116071965
782.80112990944
774.9154391745009
767.0690466938203
759.2617606014929
751.4933898742553
743.7637443314937
736.0726346352421
728.4198722901799
720.8052696436414
713.2286398856015
705.6897970486854
698.1885560081663
690.724732481962
683.298143030646
675.9086050574319
668.5559368081842
661.2399573714141
653.9604866782796
646.7173455025918
639.5103554608036
632.339339012019
625.2041194579873
618.1045209431054
611.040368454424
604.0114878216341
597.0177057170781
590.0588496557457
583.1347479952719
576.2452299359466
569.3901255206983
562.5692656351104
555.7824820074111
549.0296072084723
542.3104746518236
535.6249185936349
528.972774132725
522.3538772105609
515.7680646112585
509.21517396158026
502.69504373093736
496.20751323138836
489.7524226176386
483.3296128870403
476.93892587960124
470.58020427796504
464.25329160743075
457.9580322359435
451.69427137409417
445.46185507512786
439.26063023492816
433.09050445187995
426.95264484551075
420.84735811607976
414.7743857609166
408.73347162900245
402.7243619209779
396.74680518914033
390.80055233744275
384.8853566215004
379.00097364858067
373.14716137760956
367.32368011917055
361.5302925355025
355.7667636405063
350.0328607997353
344.3283537304014
338.6530145013737
333.0066175331771
327.3889395979982
321.79975981967624
316.238859673709
310.7060229872514
305.2010359391141
299.7236870597697
294.2737672313429
288.85106968761767
283.4553900140346
278.08652614769045
272.7442783773432
267.4284493434038
262.13884403794196
256.87526980468397
251.63753633901263
246.42545568797146
241.2388422502575
236.07751277622592
230.94128636788957
225.82998447891612
220.74343091463587
215.68145183203106
210.64387573974307
205.63053349807026
200.64125831896652
195.67588576604734
190.73425375458177
185.81620255149625
180.92157477537495
176.0502153964583
171.20197173664718
166.37669346949605
161.57423262021763
156.7944435656823
152.03718303441545
147.3023101066047
142.5896862140894
137.89917514036918
133.23064302059927
128.58395834159154
123.95899194181928
119.35561701140733
114.77370909214186
110.21314607746314
105.67380821246935
101.15557809391959
96.65834067022425
92.18198324145595
87.7263954593402
83.29146932726167
78.87709920026366
74.48318178504506
70.10961613996173
65.7563036750269
61.42314815190983
57.11005568394048
52.816934736102844
48.543696125038544
44.290253019047725
40.05652093808469
35.842417753765055
31.647863689359742
27.47278131979497
23.31709557165805
19.18073372318699
15.06362540428625
10.965702596509539
6.886899633070641
2.8271531988412915
-1.2135976696529778
-5.235411584222634
-9.238344805027747
-13.222451240569045
-17.187782447689216
-21.134387631575336
-25.06231364575486
-28.971604992099618
-32.86230382082603
-36.73444993048966
-40.588080767992246
-44.4232314285759
-48.23993465582544
-52.03822084167219
-55.81811802638697
-59.57965189858522
-63.32284579522063
-67.04772070159585
-70.7542952513552
-74.44258572648096
-78.11260605730715
-81.76436782249745
-85.39788024907124
-89.01315021238514
-92.61018223614029
-96.18897849237727
-99.74953880148159
-103.29186063218344
-106.81593910155226
-110.3217669750045
-113.80933466629267
-117.27863023752217
-120.72963939913141
-124.16234550990694
-127.57672957698055
-130.97277025581818
-134.35044385023795
-137.70972431239082
-141.05058324278198
-144.3729898902517
-147.67691115198915
-150.9623115735141
-154.22915334870368
-157.47739631976975
-160.70701238782686
-163.91924855220213
-167.11499524000644
-170.29434559509278
-173.4573921514118
-176.60422683301246
-179.7349409540431
-182.84962521874786
-185.94836972147192
-189.03126394665807
-192.09839676884752
-195.14985645268075
-198.18573065289405
-201.20610641432492
-204.21107017190823
-207.20070775067737
-210.175104365765
-213.13434462239974
-216.07851251591114
-219.0076914317262
-221.92196414537068
-224.8214128224693
-227.70611901874287
-230.5761636800132
-233.43162714219952
-236.2725891313196
-239.09912876349043
-241.91132454492518
-244.70925437193762
-247.49299553093906
-250.26262469843977
-253.01821794104893
-255.75985071547137
-258.48759786851355
-261.20153363707936
-263.9017316481703
-266.588264918888
-269.26120585643
-271.9206262580948
-274.56659731127775
-277.19918959347314
-279.81847307227514
-282.4245171053729
-285.01739044055716
-287.5971612157159
-290.16389695883515
-292.7176645880011
-295.2585304113955
-297.7865601273011
-300.3018188240978
-302.80437098026465
-305.2942804643798
-307.77161053511605
-310.2364238412495
-312.68878242165266
-315.12874770529544
-317.55638051124794
-319.97174104867725
-322.37488891685024
-324.7658831051306
-327.1447819929825
-329.51164334996787
-331.8665243357449
-334.2094815000719
-336.5405707828073
-338.85984751390555
-341.16736641342214
-343.46318159150644
-345.7473526271996
-348.01999516218285
-350.2811871455423
-352.5309911550948
-354.76946848706484
-356.9966791560878
-359.21268189520777
-361.4175341558781
-363.6112921079619
-365.7940106397297
-367.96574335786306
-370.12654258745226
-372.2764593719966
-374.4155434734055
-376.5438433719955
-378.6614062664944
-380.7682780740385
-382.86450343017344
-384.9501256888545
-387.02518692244456
-389.08972792171744
-391.1437881958557
-393.1874059724509
-395.2206181975046
-397.2434605354259
-399.2559673690347
-401.25817179955953
-403.2501056466383
-405.23179944831855
-407.2032824610555
-409.1645826597152
-411.1157267375726
-413.05674010631134
-414.9876468960253
-416.9084699552159
-418.8192308507952
-420.71994986808426
-422.6106460108129
-424.4913370011211
-426.3620392795565
-428.2227680050773
-430.0735370550504
-431.91435902525217
-433.7452452298688
-435.56620570149346
-437.37724919113066
-439.17838316819416
-440.96961382050563
-442.7509460542974
-444.5223834942094
-446.28392848329213
-448.035582083005
-449.7773440732158
-451.50921295220377
-453.2311859366541
-454.9432589616642
-456.64542668073864
-458.3376824657929
-460.020018407151
-461.6924253135443
-463.3548927121165
-465.0074088484192
-466.6499606864127
-468.28253390846794
-469.9051129153628
-471.5176808262862
-473.1202194788362
-474.7127094290192
-476.2951299512519
-477.8674590383598
-479.4296734015762
-480.9817484705456
-482.52365839332214
-484.055376036367
-485.576872984551
-487.08811954115646
-488.58908472787135
-490.0792574270337
-491.5544740859496
-493.01286392776416
-494.45336502792895
-495.8749938011192
-497.2768450012339
-498.65809172139626
-500.01798539395236
-501.35585579047313
-502.6711110217532
-503.9632375378109
-505.23180012788896
-506.47644192045277
-507.6968843831928
-508.89292732302295
-510.0644488860811
-511.2114055577292
-512.3338321625523
-513.4318418643601
-514.505626166186
-515.5554549102872
-516.581676278145
-517.584716790464
-518.5650813071733
-519.5233530274256
-520.4601934895976
-521.37634257129
-522.272618489327
-523.1499177997567
-524.0092153978516
-524.8515645181076
-525.6780967342448
-526.4900219592068
-527.2886284451613
-528.0752827834999
-528.8514299048383
-529.6185930790157
-530.378373915095
-531.1324523613637
-531.8825867053328
-532.6306135737368
-533.378447932535
-534.1280830869097
-534.8815906812672
-535.6411206992383
-536.408901463677
-537.1872396366621
-537.9785202194943
-538.7852065527007
-539.6098403160311
-540.4550415284584
-541.3235085481813
-542.2180180726197
-543.1414251384201
-544.0966631214519
-545.0867437368071
-546.1147570388041
-547.1833798181693
-548.2708808430633
-549.3637404248202
-550.4613554010592
-551.5631415379687
-552.6685335303049
-553.7769850013939
-554.88796850313
-556.0009755159767
-557.1155164489667
-558.2311206397001
-559.3473363543471
-560.4637307876466
-561.5798900629059
-562.6954192320017
-563.8099422753786
-564.9231021020508
-566.0345605496013
-567.1439983841817
-568.2511153005129
-569.3556299218833
-570.4572798001517
-571.5558214157448
-572.6510301776586
-573.7427004234581
-574.8306454192762
-575.9146973598151
-576.9947073683464
-578.07054549671
-579.1421007253148
-580.209280963138
-581.2720130477263
-582.3302427451949
-583.3839347502279
-584.433072686079
-585.4776591045689
-586.5177154860885
-587.5532822395978
-588.5844187026244
-589.6112031412661
-590.6337327501881
-591.6521236526253
-592.6665109003817
-593.6770484738296
-594.6838540592984
-595.6864192557415
-596.6845809635115
-597.6783463287579
-598.6677226670897
-599.6527174635755
-600.6333383727424
-601.6095932185774
-602.5814899945271
-603.5490368634971
-604.5122421578527
-605.4711143794178
-606.4256621994763
-607.3758944587713
-608.3218201675053
-609.2634485053404
-610.2007888213972
-611.1338506342564
-612.0626436319578
-612.9871776720008
-613.9074627813441
-614.8235091564051
-615.7353271630612
-616.6429273366493
-617.5463203819652
-618.4455171732644
-619.3405287542612
-620.2313663381299
-621.1180413075036
-622.0005652144753
-622.8789497805972
-623.7532068968803
-624.6233486237957
-625.4893871912733
-626.3513349987028
-627.2092046149331
-628.0630087782722
-628.9127603964877
-629.7584725468065
-630.6001584759148
-631.4378315999584
-632.2715055045419
-633.1011939447299
-633.926910845046
-634.748670299473
-635.566486571454
-636.3803740938897
-637.1903474691417
-637.9964214690302
-638.7986110348353
-639.596931277296
-640.3913974766105
-641.1820250824369
-641.9688297138923
-642.7518271595532
-643.5310333774557
-644.3064644950948
-645.078136809425
-645.8460667868604
-646.6102710632744
-647.3707664439997
-648.127569903828
-648.8806985870107
-649.6301698072584
-650.3760010477415
-651.1182099610895
-651.8568143693906
-652.5918322641932
-653.3232818065046
-654.051181326792
-654.7755493249812
-655.496404470458
-656.2137656020669
-656.9276517281126
-657.6380820263582
-658.3450758440275
-659.0486500927387
-659.7488010930865
-660.4455394916167
-661.1388805813338
-661.8288396086257
-662.5154317732628
-663.1986722283989
-663.8785760805711
-664.5551583896993
-665.2284341690864
-665.8984183854184
-666.5651259587644
-667.2285717625766
-667.8887706236903
-668.545737322324
-669.1994865920785
-669.8500331199386
-670.4973915462717
-671.1415764648284
-671.7826024227423
-672.4204839205299
-673.055235412091
-673.6868713047085
-674.315405959048
-674.9408536891589
-675.5632287624726
-676.1825453998044
-676.7988177753524
-677.4120600166978
-678.0222862048049
-678.6295103740207
-679.2337465120756
-679.8350085600832
-680.4333104125399
-681.0286659173253
-681.6210888757016
-682.2105930423149
-682.7971921251938
-683.38089978575
-683.9617296387785
-684.5396952524569
-685.1148101483465
-685.6870878013909
-686.2565416399177
-686.8231850456369
-687.3870313536414
-687.9480938524077
-688.5063857837952
-689.0619203430462
-689.6147106787863
-690.1647698930238
-690.7121110411504
-691.2567471319406
-691.7986911275524
-692.3379559435265
-692.8745544487864
-693.4084994656392
-693.939803769775
-694.4684800902667
-694.9945411095705
-695.5179994635251
-696.0388677413531
-696.5571584856598
-697.0728841924333
-697.5860573110452
-698.0966902442498
-698.6047953481846
-699.1103849323702
-699.6134712597103
-700.1140665464916
-700.6121829623837
-701.1078326304396
-701.601027627095
-702.0917799821691
-702.5801016788638
-703.066004653764
-703.5495007968378
-704.0306019514368
-704.5093199142949
-704.9856664355297
-705.459653218641
-705.931291920513
-706.4005941514117
-706.8675714749867
-707.3322354082709
-707.7945974216798
-708.254668939012
-708.7124613374494
-709.1679859475571
-709.621254053283
-710.0722768919577
-710.5210656542956
-710.9676314843938
-711.4119854797323
-711.8541386911747
-712.2941021229668
-712.7318867327385
-713.1675034315018
-713.6009630836525
-714.0322765069689
-714.4614544726128
-714.8885077051286
-715.3134468824445
-715.7362826358708
-716.1570255501018
-716.5756861632142
-716.992274966668
-717.4068024053062
-717.819278877355
-718.2297147344236
-718.6381202815043
-719.0445057769718
-719.4488814325856
-719.8512574134861
-720.2516438381981
-720.650050778629
-721.0464882600697
-721.4409662611939
-721.8334947140582
-722.2240835041022
-722.612742470149
-722.9994814044045
-723.3843100524574
-723.7672381132802
-724.1482752392276
-724.527431036038
-724.9047150628322
-725.2801368321153
-725.6537058097737
-726.0254321465728
-726.3953271554582
-726.763399487073
-727.1296575709824
-727.4941098091142
-727.8567645757587
-728.2176302175687
-728.5767150535601
-728.934027375111
-729.2895754459624
-729.6433675022178
-729.9954117523432
-730.3457163771674
-730.694289529882
-731.0411393360408
-731.3862738935607
-731.7297012727208
-732.0714295161631
-732.4114666388922
-732.7498206282752
-733.086499444042
-733.4215110182851
-733.7548632554594
-734.0865640323829
-734.4166211982356
-734.7450425745608
-735.0718359552639
-735.3970091066132
-735.7205697672395
-736.0425256481363
-736.36288443266
-736.6816537765291
-736.9988413078249
-737.3144546269917
-737.6285013068359
-737.9409888925271
-738.2519249015969
-738.5613168239399
-738.8691721218133
-739.175498229837
-739.4803025549935
-739.7835924766276
-740.0853753464471
-740.3856584885225
-740.6844491992865
-740.981754747535
-741.277582374426
-741.5719392934802
-741.8648326905814
-742.1562697239756
-742.4462575242716
-742.7348031944406
-743.0219138098167
-743.3075964180965
-743.5918580393395
-743.8747056659673
-744.1561462627647
-744.4361867668784
-744.7148340878188
-744.9920951074578
-745.2679766800309
-745.5424856321354
-745.8156287627316
-746.0874128431428
-746.3578446170544
-746.6269308005146
-746.8946780819341
-747.1610931220865
-747.426182554108
-747.6899529834972
-747.9524109881154
-748.2135631181867
-748.4734158962976
-748.7319758173976
-748.9892493487982
-749.2452429301744
-749.4999629735629
-749.7534158633637
-750.0056079563391
-750.2565455816142
-750.5062350406768
-750.7546826073768
-751.0018945279276
-751.2478770209044
-751.4926362772455
-751.736178460252
-751.9785097055868
-752.2196361212765
-752.4595637877094
-752.6982987576372
-752.9358470561737
-753.1722146807955
-753.4074076013418
-753.6414317600145
-753.8742930713781
-754.1059974223599
-754.3365506722494
-754.565958652699
-754.7942271677239
-755.0213619937016
-755.2473688793726
-755.4722535458395
-755.6960216865681
-755.9186789673863
-756.1402310264853
-756.3606834744182
-756.5800418941012
-756.798311840813
-757.0154988421947
-757.2316083982506
-757.4466459813472
-757.6606170362136
-757.8735269799417
-758.085381201986
-758.2961850641636
-758.5059439006544
-758.7146630180005
-758.922347695107
-759.1290031832416
-759.3346347060345
-759.5392474594787
-759.7428466119296
-759.9454373041054
-760.1470246490869
-760.3476137323175
-760.5472096116034
-760.745817317113
-760.9434418513778
-761.1400881892916
-761.3357612781112
-761.5304660374558
-761.7242073593069
-761.9169901080091
-762.1088191202698
-762.2996992051584
-762.4896351441074
-762.6786316909117
-762.8666935717289
-763.0538254850794
-763.240032101846
-763.4253180652743
-763.6096879909721
-763.7931464669106
-763.9756980534229
-764.1573472832052
-764.3380986613163
-764.5179566651772
-764.6969257445718
-764.8750103216469
-765.0522147909115
-765.2285435192377
-765.4040008458596
-765.5785910823745
-765.752318512742
-765.9251873932845
-766.0972019526871
-766.2683663919971
-766.4386848846249
-766.6081615763435
-766.7768005852881
-766.9446060019571
-767.111581889211
-767.2777322822734
-767.4430611887302
-767.6075725885302
-767.7712704339846
-767.9341586497671
-768.0962411329145
-768.2575217528259
-768.4180043512631
-768.5776927423506
-768.7365907125752
-768.894702020787
-769.052030398198
-769.2085795483833
-769.3643531472804
-769.5193548431897
-769.6735882567739
-769.8270569810586
-769.9797645814316
-770.1317145956439
-770.2829105338088
-770.4333558784027
-770.5830540842635
-770.7320085785929
-770.8802227609548
-771.0277000032754
-771.1744436498443
-771.3204570173131
-771.4657433946961
-771.6103060433705
-771.754148197076
-771.8972730619147
-772.0396838163518
-772.1813836112148
-772.3223755696937
-772.4626627873415
-772.6022483320739
-772.7411352441685
-772.8793265362664
-773.0168251933707
-773.1536341728477
-773.2897564044257
-773.4251947901961
-773.5599522046127
-773.6940334285483
-773.8274519689111
-773.9602124453941
-774.0923178656053
-774.2237712277471
-774.3545755206165
-774.4847337236049
-774.6142488066984
-774.7431237304777
-774.8713614461179
-774.9989648953889
-775.125937010655
-775.2522807148749
-775.3779989216022
-775.5030945349849
-775.6275704497656
-775.7514295512813
-775.8746747154637
-775.9973088088392
-776.1193346885285
-776.2407552022469
-776.3615731883044
-776.4817914756055
-776.6014128836493
-776.7204402225293
-776.8388762929337
-776.9567238861453
-777.0739857840413
-777.1906647590935
-777.3067635743685
-777.4222849835271
-777.5372317308248
-777.651606551112
-777.7654121698331
-777.8786513030273
-777.9913266573285
-778.1034409299649
-778.2149968087595
-778.3259969721297
-778.4364440890876
-778.5463408192397
-778.6556898127872
-778.7644937105257
-778.8727551438456
-778.9804767347315
-779.087661095763
-779.194310830114
-779.3004285315529
-779.4060167844428
-779.5110781637414
-779.6156152350009
-779.7196305543679
-779.8231266685838
-779.9261061149845
-780.0285714215003
-780.1305251066563
-780.231969679572
-780.3329076399615
-780.4333414781335
-780.5332736749912
-780.6327067020324
-780.7316430213493
-780.8300850856292
-780.9280353381532
-781.0254962127975
-781.1224701340327
-781.2189595169239
-781.3149667671307
-781.4104942809076
-781.5055444451034
-781.6001196371614
-781.6942222251195
-781.7878545676103
-781.8810190138609
-781.9737179036929
-782.0659535675226
-782.1577283263605
-782.2490444918122
-782.3399043660775
-782.4303102419507
-782.520264402821
-782.6097691226718
-782.6988266660812
-782.7874392882221
-782.8756092348616
-782.9633387423615
-783.0506300376783
-783.1374853383627
-783.2239068525603
-783.3098967790111
-783.3954573070498
-783.4805906166055
-783.5652988782019
-783.6495842529573
-783.7334488925846
-783.8168949393913
-783.8999245262792
-783.9825397767448
-784.0647428048793
-784.1465357153684
-784.2279206034922
-784.3088995551254
-784.3894746467377
-784.4696479453925
-784.5494215087485
-784.6287973850589
-784.707777613171
-784.7863642225269
-784.8645592331635
-784.9423646557119
-785.0197824913981
-785.0968147320423
-785.1734633600595
-785.2497303484593
-785.3256176608455
-785.4011272514169
-785.4762610649668
-785.5510210368827
-785.6254090931471
-785.6994271503368
-785.7730771156231
-785.8463608867721
-785.9192803521443
-785.9918373906949
-786.0640338719734
-786.1358716561242
-786.207352593886
-786.278478526592
-786.3492512861704
-786.4196726951436
-786.4897445666285
-786.5594687043367
-786.6288469025744
-786.6978809462423
-786.7665726108357
-786.8349236624446
-786.9029358577529
-786.97061094404
-787.0379506591793
-787.1049567316388
-787.1716308804812
-787.2379748153636
-787.303990236538
-787.3696788348503
-787.4350422917418
-787.5000822792477
-787.5648004599981
-787.6291984872175
-787.693278004725
-787.7570406469343
-787.8204880388538
-787.883621796086
-787.9464435248285
-788.0089548218731
-788.0711572746063
-788.1330524610092
-788.1946419496575
-788.2559272997211
-788.3169100609648
-788.377591773748
-788.4379739690245
-788.4980581683427
-788.5578458838455
-788.6173386182705
-788.6765378649499
-788.7354451078102
-788.7940618213725
-788.8523894707528
-788.9104295116613
-788.9681833904029
-789.0256525438772
-789.082838399578
-789.139742375594
-789.1963658806083
-789.2527103138985
-789.308777065337
-789.3645675153906
-789.4200830351206
-789.475324986183
-789.5302947208282
-789.5849935819014
-789.639422902842
-789.6935840076845
-789.7474782110575
-789.801106818184
-789.8544711248824
-789.9075724175647
-789.960411973238
-790.0129910595039
-790.0653109345584
-790.1173728471923
-790.1691780367908
-790.2207277333335
-790.272023157395
-790.323065520144
-790.3738560233442
-790.4243958593532
-790.4746862111242
-790.5247282522038
-790.5745231467339
-790.6240720494509
-790.6733761056854
-790.722436451363
-790.7712542130035
-790.8198305077215
-790.8681664432261
-790.9162631178207
-790.9641216204037
-791.011743030468
-791.0591284181005
-791.1062788439834
-791.1531953593931
-791.1998790062005
-791.2463308168711
-791.2925518144652
-791.3385430126374
-791.3843054156367
-791.4298400183073
-791.4751478060875
-791.5202297550098
-791.5650868317022
-791.6097199933864
-791.6541301878792
-791.6983183535916
-791.7422854195295
-791.786032305293
-791.829559921077
-791.8728691676711
-791.915960936459
-791.9588361094193
-792.001495559125
-792.043940148744
-792.0861707320382
-792.1281881533647
-792.1699932476746
-792.2115868405137
-792.2529711432393
-792.2941520965423
-792.3351310507422
-792.3759088870789
-792.4164864843643
-792.4568647189825
-792.4970444648899
-792.5370265936148
-792.5768119742577
-792.6164014734914
-792.6557959555606
-792.6949962822824
-792.734003313046
-792.7728179048123
-792.8114409121149
-792.8498731870594
-792.8881155793234
-792.9261689361567
-792.9640341023812
-793.001711920391
-793.0392032301525
-793.0765088692038
-793.1136296726556
-793.1505664731905
-793.1873201010633
-793.2238913841009
-793.2602811477024
-793.2964902148389
-793.3325194060538
-793.3683695394628
-793.4040414307534
-793.4395358931853
-793.4748537375904
-793.5099957723728
-793.5449628035087
-793.5797556345465
-793.6143750666066
-793.6488218983816
-793.6830969261363
-793.7172009437076
-793.7511347425044
-793.784899111508
-793.8184948372717
-793.851922703921
-793.8851834931535
-793.9182779842387
-793.9512069540187
-793.9839711769076
-794.0165714248914
-794.0490084675284
-794.0812830719491
-794.113396002856
-794.1453480225239
-794.1771398907995
-794.208772365102
-794.2402462004225
-794.2715621493242
-794.3027209619424
-794.3337233859851
-794.3645701667315
-794.3952620470337
-794.4257997673157
-794.4561840655734
-794.4864156773754
-794.5164953358617
-794.5464237717451
-794.5762017133104
-794.6058298864142
-794.6353090144854
-794.6646398185253
-794.6938230171071
-794.722859326376
-794.7517494600498
-794.780494129418
-794.8090940433424
-794.837549908257
-794.8658624281679
-794.8940323046533
-794.9220602368634
-794.949946921521
-794.9776930529205
-795.0052993229289
-795.0327664209849
-795.0600950340997
-795.0872858468565
-795.1143395414106
-795.1412567974895
-795.1680382923929
-795.1946847009925
-795.2211966957321
-795.247574946628
-795.2738201212683
-795.2999328848132
-795.3259138999952
-795.3517638271189
-795.3774833240612
-795.403073046271
-795.428533646769
-795.4538657761487
-795.4790700825753
-795.5041472117863
-795.5290978070911
-795.5539225093717
-795.5786219570817
-795.6031967862474
-795.6276476304668
-795.6519751209102
-795.6761798863199
-795.7002625530107
-795.7242237448692
-795.7480640833542
-795.7717841874968
-795.7953846739001
-795.8188661567394
-795.842229247762
-795.8654745562876
-795.8886026892078
-795.9116142509865
-795.9345098436596
-795.9572900668353
-795.9799555176937
-796.0025067909874
-796.0249444790408
-796.0472691717506
-796.0694814565857
-796.0915819185868
-796.1135711403674
-796.1354497021124
-796.1572181815793
-796.1788771540977
-796.2004271925691
-796.2218688674674
-796.2432027468385
-796.2644293963004
-796.2855493790436
-796.30656325583
-796.3274715849946
-796.3482749224437
-796.3689738216563
-796.389568833683
-796.4100605071473
-796.4304493882439
-796.4507360207406
-796.4709209459767
-796.4910047028637
-796.5109878278855
-796.530870855098
-796.5506543161292
-796.5703387401793
-796.5899246540206
-796.6094125819976
-796.6288030460269
-796.6480965655973
-796.6672936577694
-796.6863948371766
-796.7054006160239
-796.7243115040885
-796.7431280087201
-796.76185063484
-796.7804798849422
-796.7990162590924
-796.8174602549285
-796.8358123676609
-796.8540730900717
-796.8722429125154
-796.8903223229186
-796.9083118067799
-796.9262118471703
-796.9440229247327
-796.9617455176822
-796.9793801018061
-796.9969271504638
-797.0143871345869
-797.031760522679
-797.0490477808158
-797.0662493726456
-797.0833657593885
-797.1003973998364
-797.1173447503539
-797.1342082648777
-797.1509883949161
-797.1676855895502
-797.1843002954328
-797.2008329567891
-797.2172840154162
-797.2336539106836
-797.2499430795328
-797.2661519564774
-797.2822809736032
-797.298330560568
-797.3143011446023
-797.3301931505079
-797.3460070006591
-797.3617431150028
-797.3774019110574
-797.3929838039136
-797.4084892062344
-797.423918528255
-797.4392721777822
-797.4545505601958
-797.469754078447
-797.4848831330594
-797.4999381221289
-797.5149194413233
-797.5298274838827
-797.5446626406193
-797.5594252999173
-797.5741158477332
-797.5887346675956
-797.6032821406054
-797.6177586454352
-797.6321645583303
-797.6465002531075
-797.6607661011565
-797.6749624714384
-797.689089730487
-797.703148242408
-797.7171383688792
-797.7310604691506
-797.7449149000444
-797.7587020159547
-797.7724221688482
-797.7860757082632
-797.7996629813106
-797.8131843326731
-797.8266401046058
-797.8400306369357
-797.8533562670622
-797.8666173299566
-797.8798141581625
-797.8929470817956
-797.9060164285436
-797.9190225236666
-797.9319656899967
-797.9448462479379
-797.957664515467
-797.9704208081322
-797.9831154390542
-797.995748718926
-798.0083209560125
-798.0208324561506
-798.0332835227497
-798.0456744567911
-798.0580055568282
-798.0702771189868
-798.0824894369647
-798.0946428020318
-798.10673750303
-798.1187738263737
-798.1307520560493
-798.1426724736151
-798.1545353582019
-798.1663409865124
-798.1780896328214
-798.1897815689761
-798.2014170643956
-798.2129963860713
-798.2245197985666
-798.2359875640173
-798.2473999421308
-798.2587571901872
-798.2700595630387
-798.2813073131091
-798.2925006903951
-798.3036399424648
-798.314725314459
-798.3257570490904
-798.3367353866438
-798.3476605649763
-798.3585328195171
-798.3693523832674
-798.3801194868006
-798.3908343582623
-798.4014972233704
-798.4121083054144
-798.4226678252567
-798.433176001331
-798.443633049644
-798.4540391837738
-798.4643946148711
-798.4746995516587
-798.4849542004312
-798.4951587650556
-798.5053134469713
-798.5154184451892
-798.525473956293
-798.535480174438
-798.5454372913521
-798.5553454963348
-798.5652049762584
-798.5750159155668
-798.5847784962764
-798.5944928979753
-798.6041592978244
-798.613777870556
-798.623348788475
-798.6328722214586
-798.6423483369556
-798.6517772999872
-798.661159273147
-798.6704944166003
-798.6797828880847
-798.6890248429102
-798.6982204339586
-798.707369811684
-798.7164731241126
-798.7255305168426
-798.7345421330446
-798.7435081134613
-798.7524285964073
-798.7613037177697
-798.7701336110074
-798.7789184071517
-798.7876582348057
-798.7963532201451
-798.8050034869174
-798.8136091564423
-798.822170347612
-798.83068717689
-798.8391597583129
-798.8475882034888
-798.8559726215982
-798.8643131193937
-798.8726098011999
-798.880862768914
-798.8890721220047
-798.8972379575132
-798.9053603700528
-798.913439630345
-798.9214785733712
-798.9294782787867
-798.9374389095868
-798.9453606283645
-798.9532435973107
-798.9610879782138
-798.9688939324603
-798.9766616210344
-798.9843912045181
-798.9920828430912
-798.9997366965313
-799.0073529242137
-799.0149316851116
-799.022473137796
-799.0299774404357
-799.0374447507971
-799.0448752262448
-799.0522690237408
-799.0596262998451
-799.0669472107154
-799.0742319121073
-799.0814805593741
-799.0886933074669
-799.0958703109346
-799.1030117239242
-799.1101177001799
-799.1171883930441
-799.124223955457
-799.1312245399565
-799.1381902986782
-799.1451213833557
-799.1520179453203
-799.158880135501
-799.1657081044248
-799.1725020022163
-799.179261978598
-799.1859881828902
-799.192680764011
-799.1993398704763
-799.2059656503995
-799.2125582514925
-799.2191178210642
-799.2256445060218
-799.23213845287
-799.2385998077117
-799.2450287162471
-799.2514253237747
-799.2577897751903
-799.2641222149878
-799.2704227872588
-799.2766916356927
-799.2829289035768
-799.2891347337961
-799.2953092688334
-799.3014526507693
-799.3075650212821
-799.3136465216483
-799.3196972927415
-799.3257174750336
-799.3317072085944
-799.337666633091
-799.3435958877888
-799.3494951115506
-799.3553644428373
-799.3612040197073
-799.3670139798171
-799.3727944604209
-799.3785455983705
-799.3842675301157
-799.3899603917041
-799.3956243187811
-799.4012594465895
-799.4068659099706
-799.412443843363
-799.4179933808032
-799.4235146559255
-799.4290078019621
-799.4344729517428
-799.4399102376954
-799.4453197918453
-799.450701745816
-799.4560562308283
-799.4613833777013
-799.4666833168517
-799.4719561782938
-799.47720209164
-799.4824211861005
-799.487613590483
-799.4927794331932
-799.4979188422344
-799.5030319452081
-799.5081188693134
-799.5131797413469
-799.5182146877034
-799.5232238343754
-799.5282073069528
-799.5331652306241
-799.5380977301749
-799.5430049299888
-799.5478869540472
-799.5527439259293
-799.5575759688123
-799.562383205471
-799.5671657582777
-799.5719237492032
-799.5766572998153
-799.5813665312802
-799.5860515643618
-799.5907125194215
-799.5953495164187
-799.5999626749107
-799.6045521140522
-799.6091179525964
-799.6136603088935
-799.6181793008919
-799.6226750461379
-799.6271476617754
-799.6315972645463
-799.6360239707898
-799.6404278964434
-799.6448091570422
-799.6491678677194
-799.6535041432054
-799.6578180978288
-799.6621098455159
-799.666379499791
-799.6706271737758
-799.67485298019
-799.6790570313514
-799.6832394391749
-799.6874003151739
-799.6915397704591
-799.6956579157394
-799.699754861321
-799.7038307171084
-799.7078855926036
-799.7119195969063
-799.7159328387145
-799.7199254263235
-799.7238974676264
-799.7278490701145
-799.7317803408766
-799.7356913865993
-799.739582313567
-799.743453227662
-799.7473042343643
-799.7511354387517
-799.7549469455
-799.7587388588823
-799.7625112827702
-799.7662643206324
-799.7699980755359
-799.7737126501452
-799.7774081467228
-799.7810846671288
-799.7847423128212
-799.7883811848558
-799.7920013838863
-799.7956030101639
-799.7991861635378
-799.8027509434551
-799.8062974489605
-799.8098257786966
-799.8133360309037
-799.8168283034199
-799.8203026936814
-799.8237592987216
-799.8271982151724
-799.8306195392629
-799.8340233668202
-799.8374097932694
-799.8407789136332
-799.8441308225321
-799.8474656141844
-799.8507833824062
-799.8540842206114
-799.8573682218118
-799.8606354786168
-799.8638860832338
-799.8671201274677
-799.8703377027217
-799.8735388999962
-799.8767238098899
-799.8798925225989
-799.8830451279174
-799.8861817152372
-799.8893023735479
-799.8924071914372
-799.8954962570903
-799.89856965829
-799.9016274824173
-799.9046698164509
-799.9076967469672
-799.9107083601405
-799.9137047417428
-799.9166859771439
-799.9196521513113
-799.9226033488106
-799.9255396538051
-799.9284611500556
-799.931367920921
-799.9342600493579
-799.9371376179208
-799.9400007087618
-799.9428494036308
-799.9456837838758
-799.9485039304421
-799.9513099238734
-799.9541018443107
-799.956879771493
-799.9596437847571
-799.9623939630375
-799.9651303848666
-799.9678531283746
-799.9705622712894
-799.9732578909368
-799.9759400642403
-799.9786088677212
-799.9812643774986
-799.9839066692896
-799.9865358184088
-799.9891518997689
-799.99175498788
-799.9943451568503
-799.9969224803857
-799.99948703179
-800.0020388839645
-800.0045781094087
-800.0071047802196
-800.0096189680922
-800.0121207443191
-800.0146101797907
-800.0170873449954
-800.0195523100192
-800.0220051445461
-800.0244459178576
-800.0268746988334
-800.0292915559504
-800.031696557284
-800.0340897705069
-800.0364712628897
-800.0388411013009
-800.0411993522068
-800.0435460816714
-800.0458813553564
-800.0482052385216
-800.0505177960243
-800.0528190923199
-800.0551091914612
-800.057388157099
-800.0596560524822
-800.0619129404569
-800.0641588834674
-800.0663939435558
-800.0686181823617
-800.0708316611227
-800.0730344406744
-800.0752265814498
-800.0774081434799
-800.0795791863935
-800.0817397694171
-800.0838899513752
-800.0860297906897
-800.0881593453809
-800.0902786730663
-800.0923878309615
-800.0944868758799
-800.0965758642325
-800.0986548520284
-800.1007238948742
-800.1027830479745
-800.1048323661316
-800.1068719037456
-800.1089017148146
-800.110921852934
-800.1129323712973
-800.1149333226962
-800.1169247595194
-800.118906733754
-800.1208792969845
-800.1228425003936
-800.1247963947615
-800.1267410304663
-800.1286764574837
-800.1306027253876
-800.1325198833493
-800.1344279801382
-800.1363270641212
-800.1382171832634
-800.1400983851271
-800.1419707168731
-800.1438342252593
-800.145688956642
-800.1475349569748
-800.1493722718096
-800.1512009462956
-800.1530210251802
-800.1548325528082
-800.1566355731227
-800.158430129664
-800.1602162655706
-800.1619940235788
-800.1637634460226
-800.1655245748336
-800.1672774515415
-800.1690221172738
-800.1707586127555
-800.1724869783097
-800.174207253857
-800.1759194789163
-800.1776236926036
-800.1793199336332
-800.181008240317
-800.182688650565
-800.1843612018844
-800.1860259313808
-800.1876828757571
-800.1893320713144
-800.1909735539514
-800.1926073591646
-800.1942335220484
-800.1958520772948
-800.1974630591939
-800.1990665016332
-800.2006624380983
-800.2022509016724
-800.2038319250369
-800.2054055404703
-800.2069717798495
-800.208530674649
-800.210082255941
-800.2116265543956
-800.2131636002807
-800.214693423462
-800.2162160534028
-800.2177315191645
-800.2192398494062
-800.2207410723847
-800.2222352159547
-800.2237223075684
-800.2252023742764
-800.2266754427264
-800.2281415391644
-800.2296006894342
-800.2310529189768
-800.2324982528319
-800.2339367156361
-800.2353683316244
-800.2367931246295
-800.2382111180816
-800.239622335009
-800.2410267980378
-800.2424245293915
-800.243815550892
-800.2451998839585
-800.2465775496083
-800.2479485684563
-800.2493129607152
-800.2506707461957
-800.2520219443062
-800.2533665740526
-800.2547046540391
-800.2560362024674
-800.257361237137
-800.2586797754453
-800.2599918343874
-800.2612974305562
-800.2625965801425
-800.2638892989347
-800.2651756023192
-800.2664555052803
-800.2677290223996
-800.268996167857
-800.2702569554301
-800.2715113984939
-800.2727595100217
-800.2740013025845
-800.2752367883506
-800.2764659790869
-800.2776888861574
-800.2789055205244
-800.2801158927476
-800.2813200129848
-800.2825178909914
-800.2837095361206
-800.2848949573234
-800.2860741631489
-800.2872471617436
-800.288413960852
-800.2895745678163
-800.2907289895766
-800.2918772326706
-800.2930193032339
-800.2941552070001
-800.2952849493005
-800.2964085350637
-800.297525968817
-800.2986372546846
-800.2997423963893
-800.300841397251
-800.3019342601877
-800.3030209877154
-800.3041015819475
-800.3051760445954
-800.3062443769684
-800.3073065799734
-800.3083626541152
-800.3094125994962
-800.310456415817
-800.3114941023757
-800.3125256580682
-800.3135510813884
-800.3145703704275
-800.3155835228752
-800.3165905360185
-800.3175914067423
-800.3185861315293
-800.3195747064601
-800.3205571272132
-800.3215333890644
-800.3225034868877
-800.3234674151549
-800.3244251679355
-800.3253767388968
-800.3263221213039
-800.3272613080195
-800.3281942915046
-800.3291219691334
-800.3300454393816
-800.3309647222469
-800.3318798353698
-800.3327907963236
-800.3336976226145
-800.3346003316819
-800.335498940898
-800.3363934675681
-800.3372839289303
-800.3381703421561
-800.3390527243496
-800.339931092548
-800.3408054637217
-800.3416758547737
-800.3425422825404
-800.3434047637909
-800.3442633152275
-800.3451179534853
-800.3459686951326
-800.3468155566704
-800.347658554533
-800.3484977050875
-800.3493330246342
-800.3501645294062
-800.3509922355696
-800.3518161592235
-800.3526363164001
-800.3534527230645
-800.3542653951148
-800.3550743483821
-800.3558795986306
-800.3566811615573
-800.3574790527924
-800.3582732878988
-800.3590638823728
-800.3598508516433
-800.3606342110725
-800.3614139759552
-800.3621901615198
-800.3629627829271
-800.3637318552712
-800.3644973935791
-800.3652594128109
-800.3660179278595
-800.366772953551
-800.3675245046444
-800.3682725958316
-800.3690172417378
-800.3697584569206
-800.3704962558713
-800.3712306530138
-800.371961662705
-800.3726892992348
-800.3734135768262
-800.3741345096353
-800.3748521117508
-800.3755663971947
-800.3762773799219
-800.3769850738204
-800.3776894927109
-800.3783906503476
-800.379088560417
-800.3797832365393
-800.3804746922673
-800.3811629410868
-800.3818479964167
-800.3825298716089
-800.3832085799481
-800.3838841346522
-800.3845565488722
-800.3852258356917
-800.3858920081277
-800.3865550791298
-800.387215061581
-800.387871968297
-800.3885258120265
-800.3891766054516
-800.3898243611867
-800.3904690917798
-800.3911108097116
-800.3917495273957
-800.3923852571792
-800.3930180113416
-800.3936478020956
-800.3942746415871
-800.3948985418947
-800.3955195150302
-800.3961375729381
-800.3967527274963
-800.3973649905155
-800.3979743737392
-800.3985808888443
-800.3991845474403
-800.3997853610699
-800.4003833412089
-800.4009784992659
-800.4015708465823
-800.402160394433
-800.4027471540255
-800.4033311365006
-800.4039123529317
-800.4044908143255
-800.4050665316216
-800.4056395156927
-800.4062097773441
-800.4067773273147
-800.4073421762758
-800.4079043348322
-800.4084638135214
-800.4090206228138
-800.4095747731131
-800.4101262747558
-800.4106751380115
-800.4112213730825
-800.4117649901045
-800.412305999146
-800.4128444102085
-800.4133802332266
-800.4139134780676
-800.414444154532
-800.4149722723533
-800.4154978411981
-800.4160208706656
-800.4165413702885
-800.4170593495322
-800.4175748177952
-800.4180877844086
-800.4185982586372
-800.4191062496783
-800.4196117666622
-800.4201148186525
-800.4206154146455
-800.4211135635704
-800.42160927429
-800.4221025555994
-800.422593416227
-800.4230818648341
-800.4235679100152
-800.4240515602977
-800.4245328241417
-800.4250117099408
-800.4254882260211
-800.4259623806421
-800.426434181996
-800.4269036382082
-800.4273707573368
-800.4278355473733
-800.428298016242
-800.4287581718002
-800.4292160218379
-800.4296715740786
-800.4301248361785
-800.4305758157269
-800.431024520246
-800.431470957191
-800.4319151339502
-800.4323570578448
-800.4327967361289
-800.43323417599
-800.4336693845481
-800.4341023688563
-800.4345331359011
-800.4349616926014
-800.4353880458094
-800.4358122023104
-800.4362341688226
-800.436653951997
-800.4370715584176
-800.437486994602
-800.437900267
-800.4383113819948
-800.4387203459025
-800.4391271649722
-800.4395318453861
-800.4399343932593
-800.4403348146396
-800.4407331155086
-800.4411293017799
-800.4415233793009
-800.4419153538514
-800.4423052311446
-800.4426930168265
-800.4430787164763
-800.4434623356058
-800.4438438796601
-800.4442233540174
-800.4446007639884
-800.4449761148175
-800.4453494116814
-800.4457206596901
-800.4460898638866
-800.4464570292471
-800.4468221606803
-800.4471852630284
-800.4475463410662
-800.4479053995016
-800.4482624429756
-800.4486174760624
-800.4489705032685
-800.4493215290341
-800.449670557732
-800.4500175936682
-800.4503626410816
-800.450705704144
-800.4510467869603
-800.4513858935685
-800.4517230279394
-800.4520581939768
-800.4523913955176
-800.4527226363317
-800.4530519201219
-800.4533792505241
-800.4537046311071
-800.4540280653728
-800.4543495567558
-800.4546691086242
-800.4549867242786
-800.4553024069528
-800.4556161598136
-800.455927985961
-800.4562378884276
-800.4565458701791
-800.4568519341143
-800.4571560830651
-800.4574583197962
-800.4577586470051
-800.4580570673228
-800.458353583313
-800.4586481974724
-800.4589409122306
-800.4592317299505
-800.4595206529276
-800.4598076833906
-800.4600928235014
-800.4603760753546
-800.4606574409778
-800.4609369223317
-800.4612145213099
-800.4614902397391
-800.4617640793789
-800.4620360419221
-800.4623061289941
-800.4625743421537
-800.4628406828925
-800.463105152635
-800.4633677527388
-800.4636284844947
-800.463887349126
-800.4641443477896
-800.4643994815748
-800.4646527515042
-800.4649041585335
-800.4651537035512
-800.4654013873788
-800.465647210771
-800.4658911744151
-800.4661332789317
-800.4663735248744
-800.4666119127296
-800.4668484429169
-800.4670831157887
-800.4673159316307
-800.4675468906611
-800.4677759930315
-800.4680032388264
-800.4682286280633
-800.4684521606926
-800.4686738365978
-800.4688936555951
-800.4691116174342
-800.4693277217975
-800.4695419683004
-800.4697543564912
-800.4699648858515
-800.4701735557956
-800.4703803656707
-800.4705853147575
-800.4707884022692
-800.4709896273523
-800.471188989086
-800.4713864864827
-800.471582118488
-800.4717758839798
-800.4719677817699
-800.4721578106022
-800.4723459691544
-800.4725322560365
-800.472716669792
-800.4728992088973
-800.4730798717613
-800.4732586567267
-800.4734355620686
-800.4736105859953
-800.473783726648
-800.473954982101
-800.4741243503616
-800.47429182937
-800.4744574169996
-800.4746211110563
-800.4747829092796
-800.4749428093417
-800.4751008088476
-800.4752579765499
-800.4754154820859
-800.4755733158421
-800.4757314676078
-800.4758899272227
-800.4760486845774
-800.4762077296132
-800.4763670523221
-800.4765266427469
-800.4766864909811
-800.4768465871692
-800.4770069215062
-800.477167484238
-800.4773282656608
-800.4774892561223
-800.4776504460203
-800.4778118258039
-800.4779733859724
-800.4781351170762
-800.4782970097165
-800.4784590545449
-800.4786212422642
-800.4787835636276
-800.4789460094391
-800.4791085705538
-800.4792712378769
-800.479434002365
-800.4795968550251
-800.479759786915
-800.4799227891433
-800.4800858528694
-800.4802489693033
-800.4804121297059
-800.4805753253887
-800.480738547714
-800.4809017880951
-800.4810650379957
-800.4812282889304
-800.4813915324645
-800.4815547602142
-800.4817179638462
-800.4818811350783
-800.4820442656787
-800.4822073474664
-800.4823703723115
-800.4825333321345
-800.4826962189065
-800.4828590246501
-800.4830217414377
-800.4831843613931
-800.4833468766907
-800.4835092795555
-800.4836715622635
-800.4838337171411
-800.4839957365658
-800.4841576129656
-800.4843193388197
-800.4844809066572
-800.4846423090588
-800.4848035386556
-800.4849645881293
-800.4851254502126
-800.485286117689
-800.4854465833924
-800.485606840208
-800.485766881071
-800.485926698968
-800.4860862869363
-800.4862456380633
-800.486404745488
-800.4865636023998
-800.4867222020387
-800.4868805376955
-800.4870386027119
-800.4871963904803
-800.4873538944439
-800.4875111080966
-800.4876680249829
-800.4878246386983
-800.4879809428888
-800.4881369312515
-800.4882925975338
-800.4884479355342
-800.488602939102
-800.4887576021367
-800.4889119185895
-800.4890658824613
-800.4892194878045
-800.4893727287218
-800.4895255993672
-800.4896780939448
-800.4898302067098
-800.4899819319681
-800.4901332640766
-800.4902841974423
-800.4904347265236
-800.4905848458295
-800.4907345499194
-800.4908838334039
-800.491032690944
-800.4911811172518
-800.4913291070899
-800.4914766552715
-800.4916237566612
-800.4917704061735
-800.4919165987743
-800.49206232948
-800.4922075933576
-800.4923523855252
-800.4924967011515
-800.4926405354557
-800.4927838837083
-800.4929267412299
-800.4930691033924
-800.4932109656181
-800.4933523233802
-800.4934931722028
-800.4936335076603
-800.4937733253784
-800.493912621033
-800.4940513903514
-800.4941896291109
-800.4943273331402
-800.4944644983184
-800.4946011205753
-800.494737195892
-800.4948727202994
-800.4950076898801
-800.495142100767
-800.4952759491437
-800.4954092312445
-800.4955419433549
-800.4956740818106
-800.4958056429984
-800.4959366233559
-800.496067019371
-800.4961968275828
-800.4963260445811
-800.4964546670062
-800.4965826915494
-800.4967101149527
-800.4968369340087
-800.4969631455608
-800.4970887465034
-800.4972137337815
-800.4973381043905
-800.4974618553771
-800.4975849838385
-800.4977074869225
-800.4978293618282
-800.4979506058046
-800.4980712161522
-800.498191190222
-800.4983105254155
-800.4984292191854
-800.4985472690348
-800.4986646725177
-800.4987814272389
-800.4988975308538
-800.4990129810686
-800.4991277756403
-800.4992419123768
-800.4993553891363
-800.4994682038282
-800.4995803544124
-800.4996918388998
-800.4998026553517
-800.4999128018806
-800.500022276649
-800.5001310778712
-800.5002392038114
-800.5003466527847
-800.5004534231575
-800.5005595133463
-800.5006649218185
-800.5007696470925
-800.5008736877373
-800.5009770423727
-800.5010797096689
-800.5011816883476
-800.5012829771805
-800.5013835749903
-800.5014834806508
-800.501582693086
-800.501681211271
-800.5017790342316
-800.5018761610442
-800.5019725908361
-800.5020683227855
-800.5021633561208
-800.5022576901218
-800.5023513241188
-800.5024442574925
-800.502536489675
-800.5026280201486
-800.5027188484466
-800.5028089741533
-800.5028983969031
-800.5029871163816
-800.5030751323253
-800.5031624445211
-800.5032490528066
-800.5033349570706
-800.5034201572521
-800.5035046533415
-800.5035884453791
-800.5036715334569
-800.503753917717
-800.5038355983523
-800.5039165756068
-800.5039968497749
-800.504076421202
-800.5041552902841
-800.5042334574678
-800.5043109232508
-800.5043876881816
-800.5044637528589
-800.5045391179327
-800.5046137841034
-800.5046877521224
-800.5047610227919
-800.5048335969643
-800.5049054755435
-800.5049766594836
-800.5050471497898
-800.5051169475179
-800.5051860537743
-800.5052544697164
-800.5053221965522
-800.5053892355407
-800.5054555879913
-800.5055212552643
-800.5055862387709
-800.5056505399726
-800.5057141603824
-800.5057771015632
-800.5058393651294
-800.5059009527457
-800.5059618661276
-800.5060221070414
-800.5060816773043
-800.5061405787841
-800.5061988133994
-800.5062563831193
-800.506313289964
-800.5063695360045
-800.5064251233622
-800.5064800542095
-800.5065343307695
-800.5065879553158
-800.5066409301733
-800.5066932577172
-800.5067449403736
-800.5067959806192
-800.5068463809818
-800.5068961440396
-800.5069452724218
-800.5069937688081
-800.5070416359292
-800.5070888765665
-800.5071354935519
-800.5071814897684
-800.5072268681495
-800.5072716316796
-800.5073157833938
-800.5073593263779
-800.5074022637687
-800.5074445987532
-800.5074863345698
-800.5075274745072
-800.5075680219052
-800.5076079801538
-800.5076473526944
-800.5076861430189
-800.5077243546697
-800.5077619912403
-800.5077990563747
-800.5078355537678
-800.5078714871653
-800.5079068603635
-800.5079416772095
-800.5079759416012
-800.5080096574873
-800.5080428288669
-800.5080754597905
-800.5081075543586
-800.5081391167231
-800.5081701510862
-800.5082006617012
-800.5082306528718
-800.5082601289528
-800.5082890943494
-800.5083175535177
-800.5083455109649
-800.5083729712484
-800.5083999389765
-800.5084264188085
-800.5084524154543
-800.5084779336744
-800.5085029782803
-800.508527554134
-800.5085516661485
-800.5085753192875
