0.5
95.76053994947931
185.0668856935399
269.90593595929835
350.56082012845684
427.25667388764646
500.19561808064697
569.5662348751722
635.5456012395179
698.3008162430674
757.9901749825319
814.7644203710976
868.7667576750225
920.1328545136422
968.9913275008353
1015.4649093099733
1059.670243254239
1101.7181756982466
1141.7140788099205
1179.7581937178481
1209.7100533514993
1121.7595754746467
1028.7726168826048
939.8885286066527
855.2207251488222
774.6353155815074
697.9578478002339
625.0098336339208
555.6165431692916
489.60909780976743
426.82597236586906
367.1139443201121
310.3283970856152
256.3333200060993
205.0014157963031
156.21784839224668
109.89035320349294
65.97757535997246
24.66914394383865
0.00026857941968044086
0.00025257541898584895
0.00029126030232461657
0.00034568549812907177
0.00041335047380026204
0.0004981447760223772
0.0006056525296655411
0.0007438483614245395
0.0009244297621711829
0.001164966079626412
0.0014929684215855053
0.0019527421721003057
0.002619921932304838
0.0036313750554854813
0.005254831591270789
0.008071381111320351
0.01353925157562363
0.026217791824860413
0.06709223862234165
0.39382759268418477
44.530047222058705
150.0832462193048
250.24827710359284
345.46080491186154
435.99654986350396
522.0960275820755
603.9815843422139
681.8613488690137
755.9316200039005
826.3783720493301
893.3773546787207
957.0938435596879
1017.6844383618674
1075.2952525925004
1130.0553769638082
1182.0765492913415
1231.4473346201255
1278.1867615698623
1321.8881501194044
1364.8770657002854
1300.382833796944
1199.4348139688698
1102.3062202149633
1009.722683268567
921.5946714630219
837.7369417055144
757.9571567890644
682.063480142686
609.8704352298826
541.2008363711391
475.88575887256906
413.7645952778165
354.68505536804753
298.503318900876
245.0840099782358
194.30285354647566
146.05070451821118
100.23900032869312
56.848863282009646
16.247783590799827
0.0002173020053728353
0.00025505811950659295
0.0003015066712945404
0.0003587093597401923
0.00042973101595600923
0.0005188915952536711
0.0006322209918330629
0.0007783792698170806
0.0009701054075469905
0.0012266980352195992
0.0015784506039215745
0.002074892392761415
0.002801550301067863
0.003915256685262275
0.00572930445086879
0.008942144040011884
0.015375987042477446
0.031105634540696786
0.08791758969930324
0.8315910005738576
67.7678948275744
172.0937828103493
271.16534841075025
365.3489189451961
454.909481852633
540.0831775383406
621.088539087914
698.1313635858229
771.4059701207849
841.0960661692224
907.3772061762486
970.4131172597934
1030.3545075187249
1087.33906600254
1141.4914627113628
1192.923348595949
1247.8421705839435
1306.6951673867175
1323.1329693253354
1278.5728357630912
1188.8977254019974
1092.9066356234111
1000.8610005254613
913.2120896020332
829.7888316448947
750.4102722189003
674.89179012459
603.0533350588245
534.7205915435748
469.72510687524
407.9074616994381
349.1161392978439
293.20846870086757
240.0515419084379
189.52221389000417
141.68908880518944
96.44866305318938
53.20619360932835
11.603467564357908
-28.465769591555624
-66.85581396882674
-103.18250612259382
-137.48360697162326
-170.03370727491208
-200.95035866033524
-230.32693522833546
-258.2441582600896
-284.777204200174
-309.9949672482764
-333.96029186472583
-356.72997277049257
-378.3547549471879
-398.8793336370646
-418.3420417869714
-436.7720191973968
-454.1341494448215
-470.12357996052737
-483.4809216331874
-488.1932009751547
-488.0705314646009
-492.66521912402254
-504.9332745471114
-518.2262700394036
-531.3094273198906
-544.0055821444683
-556.2191524328923
-567.9111654129496
-579.0795278828348
-589.7406805575881
-599.9099700304286
-609.6038890482617
-618.8397670956982
-627.6357703950529
-636.0109019063452
-643.9853050895512
-651.5784128661275
-658.8058002533728
-665.682934871249
-672.2254613771869
-678.4492014660854
-684.3701538703122
-690.0044943597043
