0.5
113.99816391178491
219.52051497931905
318.78586736119985
412.22430441096463
500.19561808064697
583.0279014550795
661.0255511051838
734.4725178487013
803.6357979665603
868.7667576750225
930.1011369283283
987.8602847521416
1042.253076201393
1093.4760487943893
1141.7140788099205
1187.1412733102204
1178.552421489334
1065.5070968556427
957.3251993278203
855.2207251488222
758.9929393586877
668.3409868278951
582.9582825241079
502.5475867034841
426.82597236586906
355.5271926747137
288.4028372726948
225.22234106018536
165.7757113194412
109.89035320349294
57.489922320896795
9.291108464298162
0.00025553695980172817
0.00028175380775033655
0.00034568549812907177
0.0004287863163954618
0.0005380456369187064
0.0006842351070915515
0.0008841915930634095
0.001164966079626412
0.0015725199763183659
0.0021889117646396892
0.0031725836840551694
0.004860413541313364
0.008071381111320351
0.015236523868172027
0.036435169627796166
0.15955508134955868
23.078328383190872
150.0832462193048
269.6773504122796
382.2223810117662
488.17399332294804
587.9314066773236
681.8613488690137
770.3050807159359
853.5821989968357
931.9910467677194
1005.8091381609275
1075.2952525925004
1140.6754573937014
1202.1394987098593
1259.8186799068567
1313.4317369139767
1364.8770657002854
1280.0139433102113
1160.0448277284456
1046.2110742287443
938.872503995255
837.7369417055144
742.4736125209618
652.7522914735871
568.2568598746789
488.6882415895948
413.7645952778165
343.2213262225579
276.811393623257
214.3060667111325
155.50353728788073
100.23900032869312
48.47380771925012
2.0906916538353197
0.00023897619493342662
0.0002914371032732654
0.0003587093597401923
0.00044595302477463917
0.000560906079008596
0.0007152759086470748
0.0009273055161648231
0.0012266980352195992
0.0016640957937421133
0.00233134621827573
0.0034083954282119727
0.005285788772700111
0.008942144040011884
0.017419591270859326
0.04448642663204704
0.2461174168513415
46.201664932829665
172.0937828103493
290.384033708062
401.7141887921213
506.5258100028857
605.210889933796
698.1313635858229
785.625002135136
868.0081365536325
945.5782433521592
1018.6069945842216
1087.33906600254
1151.9921370590628
1212.756890904962
1286.0451110758697
1324.626902147784
1278.5728357630912
1169.3663067660261
1055.5759646637787
947.7462840943772
846.1440009682585
750.4102722189003
660.2353576259322
575.3091212433089
495.3333188583316
420.02414761337076
349.1161392978439
282.3611050657571
219.53106693411954
160.47289944318908
105.32101441801217
53.20619360932835
3.465906698536036
-44.039915695938284
-88.92888201863585
-130.76766638912753
-170.03370727491208
-206.94626804429504
-241.664586589975
-274.32554233219884
-305.0535336196722
-333.96029186472583
-361.1450037401582
-386.69431117923267
-410.68231137567807
-433.1671425333401
-454.1341494448215
-473.1081297610665
-486.402302376902
-488.17184115332367
-490.7873351976047
-504.9332745471114
-520.864105616562
-536.4417487037462
-551.3949667985326
-565.6151009757991
-579.0795278828348
-591.813371789431
-603.8436303839492
-615.1992368978676
-625.9108596219706
-636.0109019063452
-645.533920773312
-654.5123920466668
-662.9731140639865
-670.9429678329388
-678.4492014660854
-685.5194301808831
-690.0044943597043
