0.5
185.0668856935399
350.56082012845684
500.19561808064697
635.5456012395179
757.9901749825319
868.7667576750225
968.9913275008353
1059.670243254239
1141.7140788099205
1209.7100533514993
1028.7726168826048
855.2207251488222
697.9578478002339
555.6165431692916
426.82597236586906
310.3283970856152
205.0014157963031
109.89035320349294
24.66914394383865
0.00025257541898584895
0.00034568549812907177
0.0004981447760223772
0.0007438483614245395
0.001164966079626412
0.0019527421721003057
0.0036313750554854813
0.008071381111320351
0.026217791824860413
0.39382759268418477
150.0832462193048
345.46080491186154
522.0960275820755
681.8613488690137
826.3783720493301
957.0938435596879
1075.2952525925004
1182.0765492913415
1278.1867615698623
1364.8770657002854
1199.4348139688698
1009.722683268567
837.7369417055144
682.063480142686
541.2008363711391
413.7645952778165
298.503318900876
194.30285354647566
100.23900032869312
16.247783590799827
0.00025505811950659295
0.0003587093597401923
0.0005188915952536711
0.0007783792698170806
0.0012266980352195992
0.002074892392761415
0.003915256685262275
0.008942144040011884
0.031105634540696786
0.8315910005738576
172.0937828103493
365.3489189451961
540.0831775383406
698.1313635858229
841.0960661692224
970.4131172597934
1087.33906600254
1192.923348595949
1306.6951673867175
1278.5728357630912
1092.9066356234111
913.2120896020332
750.4102722189003
603.0533350588245
469.72510687524
349.1161392978439
240.0515419084379
141.68908880518944
53.20619360932835
-28.465769591555624
-103.18250612259382
-170.03370727491208
-230.32693522833546
-284.777204200174
-333.96029186472583
-378.3547549471879
-418.3420417869714
-454.1341494448215
-483.4809216331874
-488.0705314646009
-504.9332745471114
-531.3094273198906
-556.2191524328923
-579.0795278828348
-599.9099700304286
-618.8397670956982
-636.0109019063452
-651.5784128661275
-665.682934871249
-678.4492014660854
-690.0044943597043
