0.5
77.32351049200234
149.9007789613495
219.52051497931905
286.36396765976417
350.56082012845684
412.22430441096463
471.45852808111766
528.3619118021892
583.0279014550795
635.5456012395179
685.9999981792922
734.4725178487013
781.0414984018648
825.782190572719
868.7667576750225
910.0642756023502
949.7408533132854
987.8602847521416
1024.483805724397
1059.670243254239
1093.4760487943893
1125.9554325428107
1157.1604946606715
1187.1412733102204
1209.7100533514993
1140.7394361534864
1065.5070968556427
992.7084376310407
922.6208783870477
855.2207251488222
790.4340110460221
728.1713758094456
668.3409868278951
610.8523124557291
555.6165431692916
502.5475867034841
451.5623031675177
402.5809207615001
355.5271926747137
310.3283970856152
266.9153371618363
225.22234106018536
185.18820126014464
146.758063675707
109.89035320349294
74.56564961288487
40.834935232774036
9.291108464298162
0.00026181412172787417
0.00025257541898584895
0.00028175380775033655
0.0003224913653009221
0.0003709764466998504
0.0004287863163954618
0.0004981447760223772
0.0005819922442559927
0.0006842351070915515
0.0008101665618022743
0.0009670424637968415
0.001164966079626412
0.0014186215307521776
0.0017491177605089526
0.0021889117646396892
0.002788655141372575
0.0036313750554854813
0.004860413541313364
0.006739966878271271
0.009800504971741274
0.015236523868172027
0.026217791824860413
0.05366103497614871
0.15955508134955868
2.112483106009919
66.1170434786531
150.0832462193048
230.62136308225715
307.9512952931649
382.2223810117662
453.56399403076165
522.0960275820755
587.9314066773236
651.1773403737961
711.9359529373701
770.3050807159359
826.3783720493301
880.2452872693377
931.9910467677194
981.6966388352292
1029.4406028692147
1075.2952525925004
1119.3257939814343
1161.5903252658877
1202.1394987098593
1241.009726807805
1278.1867615698623
1313.4317369139767
1354.0426302185613
1353.4037086411204
1280.0139433102113
1199.4348139688698
1121.370556614071
1046.2110742287443
973.9467648126039
904.4876529547117
837.7369417055144
773.5961178694779
711.9666857364006
652.7522914735871
595.8601651322335
541.2008363711391
488.6882415895948
438.2397239273853
389.77603326478385
343.2213262225579
298.503318900876
255.55305694513163
214.3060667111325
174.7041097637459
136.69526663012465
100.23900032869312
65.32827679117142
32.063582543333666
2.0906916538353197
0.00022423304282258763
0.00025505811950659295
0.0002914371032732654
0.00033436735242897545
0.0003852484631280053
0.00044595302477463917
0.0005188915952536711
0.0006072527696447836
0.0007152759086470748
0.000848701444814701
0.0010154603352831926
0.0012266980352195992
0.0014984780544460925
0.0018545966003032798
0.00233134621827573
0.0029863650303627747
0.003915256685262275
0.005285788772700111
0.0074137870342290135
0.01095049831282121
0.017419591270859326
0.031105634540696786
0.06831082654463622
0.2461174168513415
8.501297186836569
89.08352384116412
172.0937828103493
251.75136652741222
328.24425861951454
401.7141887921213
472.28795279849385
540.0831775383406
605.210889933796
667.7770447446763
727.882896086151
785.625002135136
841.0960661692224
894.3856482831553
945.5782433521592
994.7530136488419
1041.9837888431812
1087.33906600254
1130.882009591651
1172.6704514726284
1212.756890904962
1260.9559664852873
1306.6951673867175
1324.626902147784
1303.4721637563507
1246.0690956494204
1169.3663067660261
1092.9066356234111
1018.9230801005996
947.7462840943772
879.3458524643253
813.5954784684877
750.4102722189003
689.6954053529486
631.3583984923816
575.3091212433089
521.4597921962086
469.72510687524
420.02414761337076
372.278859158148
326.41469438102007
282.3611050657571
240.0515419084379
199.4234545174625
160.47289944318908
123.3197566518049
87.65542367381414
53.20619360932835
19.80156171886387
-12.625774576663419
-44.039915695938284
-74.3017598972429
-103.18250612259382
-130.76766638912753
-157.2157065983721
-182.59063478285796
-206.94626804429504
-230.32693522833546
-252.7737589108754
-274.32554233219884
-295.01848856251286
-314.88632269878036
-333.96029186472583
-352.26916521082984
-369.8392339143323
-386.69431117923267
-402.85573223628876
-418.3420417869714
-433.1671425333401
-447.33001788066235
-460.72211489647924
-473.1081297610665
-483.4809216331874
-487.8776247261382
-488.17184115332367
-488.68275584805536
-494.90086866143986
-504.9332745471114
-515.5755990384783
-526.1116952945354
-536.4417487037462
-546.4886888589882
-556.2191524328923
-565.6151009757991
-574.67382091576
-583.4040332644792
-591.813371789431
-599.9099700304286
-607.7023151148575
-615.1992368978676
-622.4099079623735
-629.3438436190519
-636.0109019063452
-642.4214484003974
-648.5859164404756
-654.5123920466668
-660.2087493187993
-665.682934871249
-670.9429678329388
-675.9969398473384
-680.8530150724652
-685.5194301808831
-690.0044943597043
