0.5
18.683472384640027
35.98923029251236
53.03826271367001
69.89066098716876
86.5675025716357
103.07906292196233
119.43167827517094
135.62969866192583
151.67634882052664
167.57423630921608
183.3256747129643
198.93270312762067
214.3971081707063
229.72059171655258
244.90471240557528
259.95096863629743
274.860817390515
289.6356742332974
304.2769133129871
318.78586736119985
333.16382769282427
347.412044322504
361.53176855577544
375.52423110482016
389.3906217885575
403.1321176689074
416.74988305079086
430.24506948212917
443.61881575384416
456.87224789985953
470.0064791970979
483.022610165484
495.92172856794326
508.70490941040094
521.3732149417833
533.927694654017
546.3693852820318
558.6993108037548
570.918482440116
583.0279014550795
595.0285890297374
606.9215320764897
618.7076989659063
630.3880501558372
641.963538191412
653.4351077050402
664.8036954164111
676.0702301324935
687.2356327475359
698.3008162430674
709.2666856878958
720.1341382381089
730.9040631370752
741.5773417154417
752.1548473911358
762.6374456693646
773.0259941426154
783.3213424906538
793.5243324805266
803.6357979665603
813.6565648903603
823.5874512808125
833.4292672540821
843.1828150136141
852.8488888501349
862.4282751416476
871.9217523534355
881.3300910380674
890.6540538353825
899.8943954725053
909.0518627638414
918.1271946110735
927.1211225724395
936.0343879018851
944.8677207095714
953.6218381761838
962.2974513825945
970.8952653098628
979.4159788392342
987.8602847521416
996.2288697302043
1004.5224143552285
1012.7415931092073
1020.8870743743208
1028.9595204329353
1036.959587467604
1044.8879255610677
1052.745178696253
1060.531984756274
1068.2489755244314
1075.8967766842118
1083.4760078245524
1090.9872848691002
1098.4312187552655
1105.8084136348803
1113.1194683820781
1120.3649765932942
1127.5455265872647
1134.661701405027
1141.7140788099205
1148.7032312875854
1155.629726045964
1162.4941250152988
1169.296985230471
1176.0388589390298
1182.7202932453545
1189.341830389418
1195.9040077469226
1202.4073578293
1209.1327705209549
1210.4084462899204
1199.6966253418432
1184.075638431916
1167.3059955943506
1150.2398685450494
1133.140062177286
1116.0812865106902
1099.109225947963
1082.2472071656607
1065.5070968556427
1048.8953929654456
1032.4163018355189
1016.0728330738962
999.8667995561966
983.7988174256241
967.8686709840148
952.0764010213743
936.4215045304542
920.9033753737463
905.5213390024467
890.2746524564556
875.1625043643775
860.1840149435205
845.3382359998985
830.6241509282277
816.0406902954004
801.5868842155452
787.2616968911688
773.0640674675947
758.9929393586877
745.0472602468549
731.2259820830445
717.5280610867462
703.9524577459919
690.4981368173552
677.1640673259512
663.9492225654368
650.8525800980095
637.8731217544108
625.0098336339208
612.261706104363
599.6277338021048
587.1069156320506
574.6982547682383
562.4007811469811
550.2135359094824
538.1355496754413
526.1658620987193
514.3035218673389
502.5475867034841
490.89712336350135
479.35120763789837
467.9089243513445
456.5693673626713
445.3316395648712
434.19485288509935
423.15812828467176
412.22059575906616
401.3813943379231
390.6396720850437
379.9945860983914
369.4453025100903
358.9909964864275
348.63085222785105
338.364062968972
328.1898309785605
318.10736755955173
308.11589304903987
298.21463681828084
288.4028372726948
278.67974185186114
269.0446070295212
259.49669831357994
250.03529024610364
240.6596664033183
231.36911939561082
222.16295086753448
213.0404729698189
204.0011320532959
195.04429884827485
186.16929026877355
177.3754772514136
168.66228475542047
160.0291917626236
151.4757312774562
143.0014903269555
134.60610996076167
126.28928525112048
118.05076529288023
109.89035320349294
101.807906123016
93.80333521410809
85.87661129478465
78.02840165481139
70.2592529268802
62.570266477271524
54.96379915690584
47.4434633013442
40.01412673078733
32.68293319547213
25.4633837608697
18.385359987659054
11.512125101426436
5.055785580308957
0.38987631289036884
0.0006949500619700752
0.0002644066141236574
0.000261167018995872
0.00025832938629811135
0.00025553695980172817
0.0002529745843750391
0.00025226783579151166
0.00025516694248577874
0.0002611166252261482
0.0002683984375836217
0.0002762682716092204
0.0002845585184119533
0.00029321497915315615
0.000302241647162557
0.00031162548198790006
0.0003213867870586574
0.00033153004110583626
0.00034207569808576867
0.00035303316161331013
0.0003644477851441423
0.00037630591644993337
0.0003886504018516727
0.00040149250519386237
0.0004148640594569177
0.0004287863163954618
0.0004433064934138542
0.0004584171424223222
0.0004741780454255679
0.000490616636361889
0.0005077649295782694
0.0005256685364581615
0.0005443591139438484
0.0005639000349408589
0.0005843062691705596
0.0006056525296655411
0.0006279733796846076
0.0006513542282286602
0.0006758251978446234
0.0007014663356853656
0.0007283437657290096
0.000756540503517498
0.0007861256360138765
0.0008172058460547936
0.0008498587549175591
0.0008841915930634095
0.0009203005995956584
0.0009583169886259066
0.00099836386199474
0.0010405992502125678
0.0010851460048960542
0.0011321805218139315
0.0011818609854488652
0.0012344182394226192
0.0012900428864475897
0.0013489442526377119
0.0014114316019194948
0.0014776994187730606
0.001548054942027964
0.0016229433853200597
0.0017026205281871032
0.0017875247643423643
0.0018780582618564703
0.0019747927069877075
0.002078192087737421
0.0021889117646396892
0.002307574662098
0.002435010905448303
0.0025719740566838515
0.0027194687164291765
0.002878502371394276
0.003050307849620283
0.0032362140613154916
0.003437728878603165
0.0036566086127764485
0.003894863196526592
0.00415467520745153
0.004438740518869104
0.0047500191268292
0.005091968665989564
0.005468683296341901
0.005884821619629705
0.006346004599647887
0.006858708860412104
0.007430744758073266
0.008071381111320351
0.008791798564343527
0.009605426788652624
0.01052870621689371
0.011581899975363907
0.012789992927070356
0.014184245708476288
0.01580441837289331
0.017701271971483808
0.019940442811175536
0.02260851612226698
0.025820930001775183
0.029735012880049105
0.03456915486877232
0.04063468510866136
0.04838586184166524
0.058512158040205826
0.07209399125954075
0.09091639722906024
0.1181019225318864
0.15955508134955868
0.22763645889900633
0.35207019162923514
0.6195881447504925
1.3546492485743036
3.9791747194200973
12.574488968443319
29.326705139522346
48.868274755021986
68.26142846407969
87.45110395929673
106.45068325238444
125.2680202103102
143.90847414118736
162.37546166790133
180.67199610192114
198.8005930214375
216.76349130788702
234.5626899864747
252.20004750869037
269.6773504122796
286.99631332124056
304.1585789458259
321.16571808254025
338.01925125132925
354.72069501836086
371.2714973320088
387.67308464815375
403.9268653355513
420.03422967583276
435.99654986350396
451.8151800059461
467.4914561234155
483.02669614904386
498.4221999288375
513.6792492216784
528.7991076993236
543.7830209464055
558.6322183082945
573.3479425835906
587.9314066773236
602.3838019293935
616.7063089462887
630.9000976010955
644.9663270334894
658.9061456497438
672.7206911227208
686.4110903918805
699.9784596632719
713.4239044095423
726.7485193699272
739.9533885502607
753.039585222965
766.0081719270618
778.8602004681594
791.5967119184666
804.2187366167797
816.72729416849
829.1233934455862
841.4080325866432
853.5821989968357
865.646869347931
877.6030095782846
889.4515748928501
901.1935097631779
912.8297479274007
924.3612016614917
935.7887353763415
947.1132834628685
958.3357758817681
969.4571243773624
980.478222477593
991.3999454940284
1002.2231505218567
1012.9486764398924
1023.5773439105707
1034.109955379952
1044.5472950777175
1054.8901290171748
1065.1392049952515
1075.2952525925004
1085.3589831730974
1095.331089884839
1105.2122476591499
1115.0031132110723
1124.7043250392767
1134.3165034260521
1143.8402504373155
1153.2761499226033
1162.624767515077
1171.8866506315203
1181.0623284723392
1190.1523120215656
1199.15701727024
1208.0759245731344
1216.9100104174079
1225.6602482697228
1234.3269399057206
1242.909715410017
1251.4075331762062
1259.8186799068567
1268.1407706135153
1276.3707486167034
1284.5048855459206
1292.5387813396412
1300.4673642453174
1308.2848908193766
1315.9849459272227
1323.5604427432374
1332.4900926871587
1343.0729362122008
1353.0530773779922
1360.6464729945046
1364.5509739490592
1363.9463252063294
1358.4941658083403
1348.3380288744672
1334.1033416014398
1316.8974252633357
1298.3094952115882
1280.0139433102113
1261.7624204791205
1243.5353006929859
1225.401451394575
1207.3953047550763
1189.5212871604954
1171.7875127052625
1154.1976360447006
1136.7533378701307
1119.4559029670186
1102.3062202149633
1085.3047825877075
1068.451687153133
1051.7466350732557
1035.1889316042377
1018.7774860963742
1002.5108176544942
986.3879064798416
970.4079645671977
954.5698708205001
938.872503995255
923.3147426985272
907.8954653889504
892.6135503767166
877.4678758235865
862.45731974288
847.580759999485
832.8370743098491
818.2251402419865
803.7438352154722
789.3920365014478
775.1686212226172
761.0724663532475
747.1024487191712
733.2574449977807
719.5363580808363
705.938123957153
692.4616649534541
679.1059119853189
665.8698046994346
652.7522914735871
639.75232941667
626.8688843686758
614.1009309007046
601.447452314956
588.9074406447359
576.4798966544502
564.163829839612
551.9582584268339
539.862209373835
527.8747183694345
515.9948298335587
504.22159691723215
492.55408150258813
480.9913542028588
469.5324943623823
458.1765900565983
446.9227380920518
435.7700440063872
424.71762206835837
413.7645952778165
402.9100953657187
392.15326279412443
381.49324675619675
370.92920517620695
360.4603047095159
350.0857207426079
339.8046373930476
329.61624786540153
319.5197795922196
309.5144436542625
299.5994433838264
289.7739982160262
280.03734368878895
270.3887314428599
260.82742922179693
251.35272087197615
241.96390634258586
232.66030168563256
223.44123905593574
214.3060667111325
205.25414901167284
196.28486642082441
187.39761550466758
178.59180893210151
169.86687547483803
161.22226000740383
152.65742350714393
144.17184305421532
135.76507115353476
127.43691611903941
119.18687076759805
111.01458398640494
102.91994381893433
94.90307746493514
86.96435128043613
79.10437077774135
71.32398062543376
63.62426464837179
56.006545827694175
48.47380771925012
41.02956877403214
33.6818565319835
26.44653310811409
19.347606200352082
12.437969394803448
5.904609019597969
0.7337158391082359
0.0013371223195935728
0.0002122956234958123
0.0002173020053728353
0.000223525410588333
0.00022996520764156906
0.00023667984555822874
0.00024367797132622237
0.0002509109222665652
0.0002584292514924826
0.00026623538227622476
0.0002743294869044637
0.00028271714990035605
0.0002914371032732654
0.0003004821799851816
0.00030987224382598354
0.00031961260857730215
0.0003297375058906849
0.000340256620709976
0.00035117468709397893
0.00036254886900209514
0.0003743562378560261
0.000386640312869426
0.00039941687394487213
0.0004127221725110836
0.000426574346682196
0.0004410109622433178
0.0004560392947868078
0.000471718924613072
0.0004880603423426717
0.0005051142721357477
0.0005229170417722497
0.000541495147495566
0.000560906079008596
0.0005811931234861961
0.0006024066320024624
0.00062459472739198
0.0006478214155657923
0.0006721357108498033
0.000697613189775133
0.0007243172301482045
0.0007523197491524837
0.0007817137943257904
0.000812574204276334
0.0008449968041587874
0.0008790797946794249
0.0009149406712660109
0.0009526948273344316
0.0009924495212976067
0.001034358185411669
0.001078579391129873
0.001125247144714006
0.0011745637387319452
0.0012266980352195992
0.0012818580679006082
0.0013403037057126044
0.0014022538133862945
0.0014679746834036838
0.001537793523764721
0.0016119831142378184
0.0016909750776842947
0.0017751148650436673
0.0018648529296896497
0.001960680459446497
0.0020630820766573553
0.0021727662881449606
0.0022902851348003098
0.0024164370610030173
0.0025520124638805522
0.0026979615487607096
0.0028553532701382236
0.0030252840957238716
0.003209115459103498
0.0034083954282119727
0.0036247224656219858
0.0038601536474761906
0.00411681899933066
0.004397354623948566
0.004704619943128999
0.005042145957365625
0.005413737392929708
0.005824095598777375
0.006278731573590709
0.006783845705656445
0.007347213900592403
0.007977726581585357
0.008686390246179837
0.009486191991457567
0.010393230611268041
0.011426965279850229
0.012611991316967754
0.013978390591658764
0.01556455601097811
0.017419591270859326
0.019606806590627773
0.02220966417862608
0.025338725769365515
0.029145077696742027
0.03383712341295791
0.03971038207088284
0.04719558253192669
0.05694288073775565
0.06996330158111742
0.08791758969930324
0.11368842301906243
0.1526599283883822
0.2159288938096912
0.3295660767436737
0.5673987144938374
1.1960596467299607
3.38304626040517
10.879978712080472
26.71763589914481
46.201664932829665
65.62290391877555
84.83947293018608
103.86482402183438
122.70685606196196
141.371221509462
159.86181037894883
178.18154387412352
196.33297050625805
214.3183444338697
232.13975704292778
249.79913694686408
267.29825052317597
284.6388004151977
301.8224245124462
318.850682974599
335.7251087105382
352.44720737835434
369.0184573853505
385.4403098880326
401.7141887921213
417.84149075253924
433.82358517342266
449.6618142081129
465.35749763183014
480.91197245198157
496.3265346119795
511.6024586011493
526.7410068615828
541.7434297881289
556.6109657284035
571.3448409827793
585.9462698043958
600.4164543991496
614.7565849257039
628.9678394954793
643.0513841726629
657.0083729741988
670.8399478697971
684.5472387819271
698.1313635858229
711.5934281094773
724.9345261336456
738.1557393918472
751.2581375703609
764.2427783082301
777.1107072980035
789.8629695564637
802.5006185627067
815.0246964896231
827.4362318432228
839.7362394626421
851.9257205201359
864.005662521086
875.977039303994
887.8408110404832
899.5979242353056
911.2493117263297
922.795892684549
934.2385726140782
945.5782433521592
956.8157830691525
967.9520562685423
978.9879137869336
989.9241927940603
1000.7617167927727
1011.5012956190459
1022.143725441979
1032.68978876379
1043.140254419826
1053.495877578552
1063.7573997415568
1073.9255487435505
1084.00103875237
1093.9845702689715
1103.876830127436
1113.678491494962
1123.3902138718793
1133.0126430916346
1142.546411320799
1151.9921370590628
1161.3504251392476
1170.6218667272913
1179.8070393222501
1188.9065067563147
1197.9208191947907
1206.850513136108
1215.705353382968
1225.4257457663693
1236.2927353500334
1247.8421705839435
1259.6460806306222
1271.3126753651302
1282.486345375064
1292.847661960563
1302.1133771343
1310.0364236214862
1316.4059148598708
1321.0471449997426
1323.821588903926
1324.626902147784
1323.3969210192172
1320.1016625186646
1314.7473243591032
1307.3762849660454
1298.0671034775485
1286.9345197441958
1274.129454329117
1259.839008507978
1244.286464268988
1227.7312843128768
1210.4691120529296
1192.8317716149652
1175.1872678373354
1157.7629156685455
1140.4402353150085
1123.2243779410567
1106.1233974839233
1089.1443950593782
1072.2935189617172
1055.5759646637787
1038.9959748169322
1022.5568392510845
1006.2608949746675
990.1095261746574
974.1031642165605
958.2412876444182
942.5224221808012
926.9441407268209
911.5030633621225
896.1955897805617
881.0233135063907
865.9859335581773
851.0823319881888
836.3113968688845
821.6720222929067
807.1631083730948
792.783561242476
778.5322930542694
764.4082219818777
750.4102722189003
736.537373979124
722.7884634965261
709.1624830252762
695.6583808397259
682.2751112344257
669.0116345241121
655.8669170437147
642.8399311483463
629.9296552133158
617.1350736341199
604.455176826449
591.888961226176
579.4354292893679
567.0935894922853
554.8624563313749
542.7410503232717
530.7283980048034
518.8235319329856
507.02549068503305
495.3333188583316
483.7460701793495
472.262883080624
460.88286632730416
449.60510530271625
438.4286956389669
427.3527432169357
416.3763641662773
405.4986848654229
394.7188419415733
384.0359822707094
373.4492629775853
362.95785143573175
352.56092526744925
342.2576723438177
332.04729078469154
321.9289889587003
311.901985483245
301.96550922450416
292.1187992974321
282.3611050657571
272.69168614198054
263.1098123873804
253.61476391201083
244.2058310746999
234.88231448304606
225.64352499343025
216.48878371100267
207.41742198969385
198.4287814322009
189.52221389000417
180.69708146335373
171.9628080722061
163.32924664555247
154.79136558773763
146.34432798308544
137.98356141176788
129.70475794980757
121.5038741690726
113.37713113728431
105.32101441801217
97.33227407067616
89.40792465054207
81.54524520872856
73.74177929220265
65.99533494378166
58.30398470212889
50.66606560176079
43.08017917304158
35.54519144218656
28.060232931255687
20.624698658163194
13.238248136671105
5.900805376391651
-1.3874411172167782
-8.626038342843685
-15.814268803328707
-22.951150505663175
-30.035436960988868
-37.0656171846003
-44.039915695938284
-50.956292518598154
-57.812443180322276
-64.6057987130077
-71.33352565269975
-77.992526039594
-84.57943741803771
-91.09063283652894
-97.5226695140207
-103.8865681580872
-110.18928478899012
-116.43170665868668
-122.61469490089
-128.73908453107322
-134.8056844464675
-140.81527742606568
-146.76862013061674
-152.6664431026297
-158.50945076637143
-164.2983214278705
-170.03370727491208
-175.71623437704037
-181.34650268555956
-186.92508603353096
-192.45253213577791
-197.92936258888022
-203.35607287117773
-208.73313234276722
-214.06098424550797
-219.3400650590337
-224.5709007797612
-229.7539676260461
-234.88972419301132
-239.97862272500294
-245.02110911559342
-250.01762290758015
-254.96859729298836
-259.8744591130667
-264.73562885829
-269.55252066835817
-274.32554233219884
-279.05509528796296
-283.741574623028
-288.38536907399634
-292.98686102669785
-297.54642651618605
-302.0644352267411
-306.5412504918679
-310.9772292942972
-315.372722265987
-319.72807368811874
-324.04362149110034
-328.31969725456474
-332.5566262073723
-336.7547272276072
-340.91431284257976
-345.0356892288249
-349.11915621210596
-353.1650072674091
-357.1735295189473
-361.1450037401582
-365.0797043537072
-368.9778994314831
-372.839850694601
-376.66581351340153
-380.456036907452
-384.2107635455444
-387.9302297456955
-391.6146654751486
-395.2642943503735
-398.8793336370646
-402.4599942501409
-406.0064807537496
-409.5189913612596
-412.99771793527145
-416.4428160493001
-419.8538772361985
-423.2313805319028
-426.5759483068929
-429.8878780829862
-433.1671425333401
-436.41338948245067
-439.62594190615494
-442.80379793162774
-445.94563083738365
-449.0497890532761
-452.1142961604994
-455.1368508915855
-458.1148271304065
-461.0452739121731
-463.92491542343697
-466.75015100208714
-469.51705513735294
-472.22137746980246
-474.8585427913443
-477.42365104522594
-479.8971884439813
-482.058233811422
-483.8474591553902
-485.2868478941708
-486.402302376902
-487.22364388357596
-487.78461262503885
-488.1228677429908
-488.2799873099858
-488.30146832943166
-488.2367267355902
-488.13909739357706
-488.06583409936184
-488.07810957976795
-488.24101549247285
-488.6235624260079
-489.298679899758
-490.34321636396265
-491.8379391997143
-493.7634637194688
-495.83602899907163
-498.0105677269604
-500.2645461962441
-502.577948103168
-504.9332745471114
-507.3155440305892
-509.7122924592515
-512.113573141883
-514.511956790405
-516.9025315198725
-519.2829028484762
-521.6531936975418
-524.0160443915308
-526.3730379338165
-528.718349777948
-531.0510435317483
-533.3705406041411
-535.6763016800342
-537.9678267203215
-540.2446549618816
-542.50636491758
-544.7525743762662
-546.9829404027756
-549.1971593379287
-551.3949667985326
-553.5761376773783
-555.7404861432431
-557.8878656408889
-560.0181688910645
-562.1313278905027
-564.2273139119221
-566.3061375040272
-568.3678484915068
-570.4125359750371
-572.4403283312778
-574.4513932128742
-576.4459048878708
-578.4238713142257
-580.3853623589723
-582.3304670344246
-584.2592752312703
-586.1718777185716
-588.0683661437638
-589.9488330326561
-591.813371789431
-593.6620766966463
-595.4950429152318
-597.3123664844921
-599.114144322105
-600.9004742241228
-602.671454864971
-604.4271857974489
-606.1677674527294
-607.8933011403602
-609.6038890482617
-611.2996342427283
-612.9806406684284
-614.6470131484036
-616.2988573840705
-617.9362799552182
-619.5593883200103
-621.1682908149836
-622.7630966550494
-624.3439159334922
-625.9108596219706
-627.4640395705163
-629.0035685075362
-630.5295600398098
-632.04212865249
-633.5413897091048
-635.0274594515554
-636.5004550001158
-637.9604943534356
-639.407696887126
-640.8422292309705
-642.2642197969487
-643.673756923427
-645.0709291346182
-646.4558251405828
-647.8285338372272
-649.1891443063053
-650.5377458154175
-651.874427818011
-653.1992799533805
-654.5123920466668
-655.8138541088579
-657.1037563367884
-658.3821891131402
-659.6492430064418
-660.9050087710684
-662.1495773472421
-663.3830398610324
-664.605487624355
-665.8170121349724
-667.0177050764944
-668.2076583183776
-669.3869639159253
-670.5557141102875
-671.7140013284611
-672.8619181832905
-673.9995574734661
-675.1270121835255
-676.2443754838531
-677.3517407306804
-678.4492014660854
-679.536851417993
-680.6147845001752
-681.6830948122506
-682.741876639685
-683.7912244537908
-684.8312329117267
-685.8619968564994
-686.8836113169616
-687.8961715078137
-688.8997728296015
-689.8945108687187
-690.0044943597043
