0.5
58.67620134846814
113.99816391178491
167.57423630921608
219.52051497931905
269.90593595929835
318.78586736119985
366.2100039069471
412.22430441096463
456.87224789985953
500.19561808064697
542.2346237221592
583.0279014550795
622.6128594604139
661.0255511051838
698.3008162430674
734.4725178487013
769.573542017681
803.6357979665603
836.6902180328509
868.7667576750225
899.8943954725053
930.1011369283283
959.4142593665091
987.8602847521416
1015.4649093099733
1042.253076201393
1068.2489755244314
1093.4760487943893
1117.9570537134318
1141.7140788099205
1164.7685553376532
1187.1412733102204
1209.1327705209549
1178.552421489334
1121.7595754746467
1065.5070968556427
1010.6554962677228
957.3251993278203
905.5213390024467
855.2207251488222
806.3904760918184
758.9929393586877
712.9893203335077
668.3409868278951
625.0098336339208
582.9582825241079
542.1494646640293
502.5475867034841
464.1177024761578
426.82597236586906
390.6396720850437
355.5271926747137
321.45804050451585
288.4028372726948
256.3333200060993
225.22234106018536
195.04429884827485
165.7757113194412
137.39582772995846
109.89035320349294
83.25177318854931
57.489922320896795
32.68293319547213
9.291108464298162
0.00026857941968044086
0.00025553695980172817
0.00025691145078777134
0.00028175380775033655
0.00031162548198790006
0.00034568549812907177
0.000384481331880387
0.0004287863163954618
0.0004795789730169999
0.0005380456369187064
0.0006056525296655411
0.0006842351070915515
0.0007761112356312995
0.0008841915930634095
0.0010122052536842027
0.001164966079626412
0.0013489442526377119
0.0015725199763183659
0.0018472229802259774
0.0021889117646396892
0.002619921932304838
0.0031725836840551694
0.003894863196526592
0.004860413541313364
0.006186915049077576
0.008071381111320351
0.010864174536538285
0.015236523868172027
0.02260851612226698
0.036435169627796166
0.06709223862234165
0.15955508134955868
0.7806252087057167
23.078328383190872
87.45110395929673
150.0832462193048
210.7941412380274
269.6773504122796
326.80055310007225
382.2223810117662
435.99654986350396
488.17399332294804
538.8034120793818
587.9314066773236
635.602957059889
681.8613488690137
726.7485193699272
770.3050807159359
812.5703199484186
853.5821989968357
893.3773546787207
931.9910467677194
969.4571243773624
1005.8091381609275
1041.078719937937
1075.2952525925004
1108.4858700733237
1140.6754573937014
1171.8866506315203
1202.1394987098593
1231.4473346201255
1259.8186799068567
1287.1942253505513
1313.4317369139767
1343.0729362122008
1364.8770657002854
1339.24297196995
1280.0139433102113
1219.384504938841
1160.0448277284456
1102.3062202149633
1046.2110742287443
991.7462693726769
938.872503995255
887.5499097672456
837.7369417055144
789.3920365014478
742.4736125209618
696.9403535583181
652.7522914735871
609.8704352298826
568.2568598746789
527.8747183694345
488.6882415895948
450.6627383245846
413.7645952778165
377.9612770666818
343.2213262225579
309.5144436542625
276.811393623257
245.0840099782358
214.3060667111325
184.45332581577335
155.50353728788073
127.43691611903941
100.23900032869312
73.90853865541321
48.47380771925012
24.063604010335474
2.0906916538353197
0.0002173020053728353
0.00023897619493342662
0.00026360241684168865
0.0002914371032732654
0.00032294297743072273
0.0003587093597401923
0.00039941687394487213
0.00044595302477463917
0.0004993485272209525
0.000560906079008596
0.0006322209918330629
0.0007152759086470748
0.000812574204276334
0.0009273055161648231
0.0010635693023821734
0.0012266980352195992
0.0014237199178534262
0.0016640957937421133
0.001960680459446497
0.00233134621827573
0.002801550301067863
0.0034083954282119727
0.00420756247273495
0.005285788772700111
0.006783845705656445
0.008942144040011884
0.012198525246859182
0.017419591270859326
0.026523369313885298
0.04448642663204704
0.08791758969930324
0.2461174168513415
2.315682543232627
46.201664932829665
110.16555442154532
172.0937828103493
232.13975704292778
290.384033708062
346.89000789844744
401.7141887921213
454.909481852633
506.5258100028857
556.6109657284035
605.210889933796
652.3700343978055
698.1313635858229
742.5363546498993
785.625002135136
827.4362318432228
868.0081365536325
907.3772061762486
945.5782433521592
982.6443634536531
1018.6069945842216
1053.495877578552
1087.33906600254
1120.162926153278
1151.9921370590628
1182.8496904793924
1212.756890904962
1247.8421705839435
1286.0451110758697
1314.4668971344254
1324.626902147784
1312.5112541384158
1278.5728357630912
1227.7312843128768
1169.3663067660261
1111.8105022552397
1055.5759646637787
1000.8610005254613
947.7462840943772
896.1955897805617
846.1440009682585
797.5624368065689
750.4102722189003
704.6476253619957
660.2353576259322
617.1350736341199
575.3091212433089
534.7205915435748
495.3333188583316
457.11229577582753
420.02414761337076
384.0359822707094
349.1161392978439
315.2342235256263
282.3611050657571
250.46891931078773
219.53106693411954
189.52221389000417
160.47289944318908
132.4555071282745
105.32101441801217
78.93762430973298
53.20619360932835
28.060232931255687
3.465906698536036
-20.577966857246093
-44.039915695938284
-66.85581396882674
-88.92888201863585
-110.18928478899012
-130.76766638912753
-150.70662695073773
-170.03370727491208
-188.77322368853672
-206.94626804429504
-224.5709007797612
-241.664586589975
-258.2441582600896
-274.32554233219884
-289.9238813021754
-305.0535336196722
-319.72807368811874
-333.96029186472583
-347.7621944604829
-361.1450037401582
-374.11915792229973
-386.69431117923267
-398.8793336370646
-410.68231137567807
-422.10922965251865
-433.1671425333401
-443.8551530106279
-454.1341494448215
-463.92491542343697
-473.1081297610665
-481.3801714014405
-486.402302376902
-488.1932009751547
-488.17184115332367
-488.24101549247285
-490.7873351976047
-497.2758338691675
-504.9332745471114
-512.9136506113737
-520.864105616562
-528.718349777948
-536.4417487037462
-544.0055821444683
-551.3949667985326
-558.5998682514447
-565.6151009757991
-572.4403283312778
-579.0795278828348
-585.5361385513561
-591.813371789431
-597.9146815891851
-603.8436303839492
-609.6038890482617
-615.1992368978676
-620.6335616897179
-625.9108596219706
-631.0352353339894
-636.0109019063452
-640.8422292309705
-645.533920773312
-650.0895407899382
-654.5123920466668
-658.8058002533728
-662.9731140639865
-667.0177050764944
-670.9429678329388
-674.7523198194177
-678.4492014660854
-682.0370761471519
-685.5194301808831
-688.8997728296015
-690.0044943597043
