0.5
10.851106148447796
20.623674967742165
30.254822170010662
39.79677773727359
49.2676863759115
58.67620134846814
68.02709679519619
77.32351049200234
86.5675025716357
95.76053994947931
104.90377434028952
113.99816391178491
123.04447328464583
132.04331908976812
140.99526534340743
149.9007789613495
158.76029848531223
167.57423630921608
176.34297867918363
185.0668856935399
193.7462913028129
202.38150330973153
210.97280969818812
219.52051497931905
228.02489235541418
236.48620506608103
244.90471240557528
253.2806697228005
261.6143284213082
269.90593595929835
278.15573584961845
286.36396765976417
294.5308670118792
302.65666558275603
310.74159110383357
318.78586736119985
326.7897141955918
334.75334750239136
342.6769792316329
350.56082012845684
358.4050921235494
366.2100039069471
373.97576046642354
381.7025655745225
389.3906217885575
397.04013045061225
404.65129168754015
412.22430441096463
419.75936631727905
427.25667388764646
434.7164223880002
442.1388058690434
449.5240171662487
456.87224789985953
464.18368847488784
471.45852808111766
478.6969546931007
485.89915507016
493.06531475638786
500.19561808064697
507.29024815656925
514.3493868825569
521.3732149417833
528.3619118021892
535.3156557164873
542.2346237221592
549.1189916414562
555.9689340814028
562.7846244337874
569.5662348751722
576.3139363668907
583.0279014550795
589.708309750708
596.3553300837335
602.9691294030098
609.5498739036262
616.0977290269076
622.6128594604139
629.0954291379405
635.5456012395179
641.963538191412
648.3494016661241
654.7033525823908
661.0255511051838
667.3161566457104
673.5753278614129
679.8032226559689
685.9999981792922
692.1658108275304
698.3008162430674
704.4051693145223
710.4790241767494
716.5225342108384
722.5358520441138
728.5191295501363
734.4725178487013
740.3961673058394
746.2902275338172
752.1548473911358
757.9901749825319
763.796357658978
769.573542017681
775.3218739020842
781.0414984018648
786.7325598529362
792.3952018374471
798.0295671837824
803.6357979665603
809.2140355066347
814.7644203710976
820.2870923732721
825.782190572719
831.2498532752354
836.6902180328509
842.1034216438318
847.4896001526811
852.8488888501349
858.1814222731651
863.4873342049798
868.7667576750225
874.0198249589707
879.2466675787375
884.4474163024734
889.6222011445615
894.7711513656196
899.8943954725053
904.9920612183091
910.0642756023502
915.1111648701965
920.1328545136422
925.129469270716
930.1011403582561
935.0479987395299
939.9701673176066
944.8677684653086
949.7409240261449
954.589755314311
959.4143831146895
964.2149276828493
968.991508745046
973.7442454982222
978.4732566100068
983.1786602187159
987.8605739333515
992.5191148336029
997.1543994698458
1001.7665438631428
1006.3556635052431
1010.9218733585824
1015.4652878562831
1019.9860209021546
1024.4841858706927
1028.9598956070802
1033.4132624271858
1037.8443981175656
1042.2534139354627
1046.6404206088055
1051.0055283362108
1055.3488467869809
1059.6704851011045
1063.9705518892586
1068.2491552328054
1072.5064026837942
1076.7424012649608
1080.9572574697288
1085.1510772622066
1089.3239660771906
1093.4760288201642
1097.6073698672956
1101.7180930654415
1105.8083017321455
1109.8780986556362
1113.9275860948294
1117.9568657793284
1121.9660389094227
1125.955206156089
1129.9244676609894
1133.8739230364736
1137.8036713655786
1141.713811202026
1145.604440570226
1149.4756569652748
1153.327557352956
1157.1602381697394
1160.973795322779
1164.7683241899201
1168.5439196196924
1172.3006759313107
1176.0386869146782
1179.758045830386
1183.4588454097106
1187.141177854614
1190.8051348377453
1194.4508075024414
1198.0782864627263
1201.6876618033102
1205.2790230795881
1208.852459317645
1212.408059014248
1215.9459101368561
1219.4660972362365
1222.9687180719147
1226.453860266477
1229.9216110254627
1233.3720571373633
1236.8052849736239
1240.2213804886414
1243.6204292197667
1247.0025162873021
1250.367726394504
1253.716143827581
1257.047852455694
1260.3629357309578
1263.6614766884386
1266.9435579461572
1270.209261705085
1273.4586697491482
1276.6918634452247
1279.9089237431451
1283.1099311756936
1286.294965858606
1289.4641074905728
1292.6174353532344
1295.755028311187
1298.6202852227198
1300.9235751340796
1302.6757362445917
1303.8881296890022
1304.5722524870775
1304.7397375436028
1304.402353648384
1303.5720054762467
1302.2607335870357
1300.480714425617
1298.2442603218747
1295.5638194907146
1292.4519760320607
1288.921449930858
1284.9850970570706
1280.6559091656832
1275.9470138966997
1270.8716747751441
1265.4432912110603
1259.675398499512
1253.5816678205829
1247.1759062393764
1240.472056706015
1233.484198055643
1226.2265450084228
1218.7134481695368
1210.9593940291884
1202.9790049625994
1194.7870392300122
1186.3983909766903
1177.8280902329147
1169.091302913987
1160.2033308202288
1151.1796116369824
1142.0357189346103
1132.787362168493
1123.4503866790305
1114.0407736916443
1104.5746403167757
1095.068239549887
1085.5379602714575
1076.0003272469828
1066.472001126992
1056.9697784470204
1047.5105916276293
1038.1115089743957
1028.7897346779246
1019.5626088138292
1010.4476073427559
1001.4356266171894
992.4704160055901
983.5491074581266
974.671545924834
965.8375737200632
957.047030522483
948.2997533750777
939.5955766851489
930.934332224315
922.3158491285099
913.7399538979859
905.2064703973099
896.7152198553672
888.266020865359
879.8586893848026
871.4930387355336
863.1688796037017
854.8860200397752
846.6442654585397
838.4434186390943
830.283279724858
822.1636462235632
814.0843130072639
806.045072312324
798.04571406945
790.0861073430857
782.1661159371071
774.2855474294878
766.4442102294867
758.6419135776464
750.8784675457956
743.1536830370469
735.4673717857985
727.8193463577335
720.209420149819
712.6374073903085
705.1031231387387
697.6063832859326
690.1470045539975
682.724804496325
675.3396014975931
667.9912147737633
660.6794643720826
653.4041711710829
646.1651568805809
638.962244041678
631.7952560267607
624.6640170395004
617.5683521148537
610.508087119062
603.4830487496502
596.4930645354302
589.5379628364975
582.6175728442331
575.731724581303
568.8802489016566
562.0629774905302
555.2797428644443
548.5303783712034
541.8147181898985
535.1325973309035
528.4838516358795
521.8683177777701
515.2858332608058
508.7362364205024
502.2193664236565
495.7350632683543
489.28316778396476
482.8635216311425
476.4759673018269
470.12034811923996
463.79650823789154
457.5042926435765
451.2435471533727
445.01411841564465
438.81585391003784
432.6486019474887
426.51221167021396
420.4065330517163
414.3314168967856
408.28671484149396
402.27227935319894
396.28796373054234
390.33362210345365
384.40910943314447
378.51428151211167
372.64899496413705
366.8131072442893
361.0064766389192
355.2289622656674
349.48042407345116
343.7607228424778
338.0697201842404
332.4072785415143
326.773261188363
321.1675322301325
315.5899566034527
310.04040007624076
304.5187292476974
299.0248115483065
293.5585152398431
288.1197094153581
282.70826399919264
277.32404974697675
271.96693824562004
266.63681297776463
261.33355986454444
256.0570528476374
250.8071676205643
245.58378165465336
240.38677419903885
235.21602628066321
230.0714207042757
224.95284205243266
219.86017668549775
214.79331274164068
209.75214013683947
204.7365505648791
199.74643749735074
194.78169618365422
189.842223650995
184.92791870438586
180.0386819266479
175.17441567840694
170.3350240980992
165.52041310196552
160.7304903840536
155.96520108082876
151.22447210714913
146.5081945654901
141.8162722786734
137.14862178986897
132.50517236259378
127.88586598071205
123.2906573484356
118.71951389032265
114.17241575127962
109.64935579655999
105.1503396117644
100.67538550284098
96.22452449608478
91.79780033813834
87.39526949599164
83.0170011569818
78.6630772287941
74.33359233945879
70.02865383735565
65.74853712981626
61.49370861366839
57.26422120882932
53.06043147045616
48.88304435387185
44.73311321456399
40.612039808185024
36.52157429055272
32.46381521764892
28.44120954562085
24.456650298405858
20.516238716672024
16.628528331681565
12.811814527773022
9.09691725417318
5.550439423586932
2.3757177236720692
0.33264400066368327
0.008648453642984952
0.00040432369797885646
0.00025102481986889177
0.0002468330272076327
0.000245387108236886
0.00024401260278897506
0.00024267829465830757
0.00024132383829875723
0.00024000531202416766
0.00023870174477558912
0.00023741481016686968
0.00023615075537638267
0.00023489364872775526
0.00023366349481595473
0.00023243478183554978
0.0002312375170977642
0.00023004556834940986
0.0002288687484996117
0.00022771287359341332
0.00022656425533441947
0.00022543523046746468
0.00022431383024578113
0.00022321582223366768
0.0002221217471225296
0.00022104802321815348
0.00022001943535118637
0.0002190901703416963
0.00021828826921512206
0.00021765250147365216
0.000217206850468181
0.00021693848935771452
0.00021683828432241738
0.00021690701912581287
0.0002171317190467435
0.00021753006272498952
0.00021807893566650442
0.00021878613497552541
0.00021964272290638103
0.0002206561365848217
0.00022181604703628744
0.0002231290164020553
0.00022459105034854508
0.00022620013098488686
0.00022796317906659543
0.00022986903113748355
0.00023193125003292584
0.00023413740582281227
0.00023649641699200906
0.00023900733272163387
0.00024166685145665968
0.00024447882951964434
0.0002474443207089843
0.0002505640635882695
0.00025384208187458854
0.0002572651430278534
0.00026087162148362534
0.00026461574543419056
0.0002685321926106997
0.0002725822589706141
0.000276809252943944
0.00028119337633654976
0.0002857472636452531
0.00029044671875855184
0.00029530610902334456
0.0003003186192194771
0.00030548703448976197
0.0003108099999386843
0.00031627381390325886
0.0003218827255074573
0.0003276234685717819
0.0003335026660726146
0.00033950510792850444
0.0003456218151772164
0.00035184715143101955
0.0003581634468277557
0.00036459427044308794
0.00037115268426690575
0.0003778423254254687
0.0003846835918940791
0.00039167463901770985
0.00039882171458990607
0.00040613382491017455
0.0004136071397282247
0.0004212519133218524
0.00042906809820252495
0.0004370655212477099
0.00044524709303613556
0.0004536190813128651
0.00046219215033798934
0.0004709629470608369
0.00047993031335211134
0.00048912438820407
0.0004985291294264724
0.000508163421050016
0.000518022994747737
0.0005281377601483413
0.0005384764737236828
0.0005490899359770335
0.0005599499533965761
0.0005710909446209546
0.0005824939549996066
0.0005941932501515433
0.0006061831131773483
0.0006184816249367795
0.0006310968140075113
0.0006440366836768705
0.0006572938735776095
0.0006709193262976841
0.000684884156513923
0.0006992263352706638
0.0007139491371889851
0.0007290677614497376
0.0007445659561942269
0.000760518509826823
0.0007768942161133479
0.0007937202296838264
0.0008109963506288572
0.0008287664030531854
0.0008470301434552412
0.0008658163193056471
0.0008851266109636051
0.0009049937890166164
0.0009254259555696988
0.0009464700863783483
0.0009681195929630941
0.000990397168653835
0.0010133366720326555
0.001036962118802306
0.0010613177362129862
0.0010864009219034745
0.0011122599895469903
0.0011389095330004537
0.001166378325929526
0.0011947385063643067
0.001223965813152482
0.0012541421988448503
0.0012852828776351557
0.0013174460986169994
0.0013506453848592549
0.0013849505495971924
0.0014203923664848589
0.001457032098208186
0.0014949120274329961
0.0015340882964820098
0.0015746090793886409
0.001616566151204586
0.0016599787170009533
0.0017049505326299735
0.0017515226621324606
0.0017997882516890774
0.001849826142275808
0.0019017158784506382
0.0019555345385932135
0.0020113954507869664
0.0020693965197228284
0.0021296132403678027
0.0021921741018616028
0.002257218315581545
0.0023248650101552084
0.0023952178544412385
0.002468441097930277
0.0025446788017667696
0.0026241218683117963
0.002706883375633975
0.002793200695045472
0.0028832622206724466
0.0029772811510307908
0.0030754496532318498
0.003178020676513952
0.0032852677381985745
0.003397462282557484
0.003514897877506092
0.0036379169059911646
0.0037668578510186637
0.003902057895567668
0.0040439537850136915
0.004192963892521483
0.0043495583376737534
0.004514245951655716
0.004687611995478281
0.004870200932357972
0.005062688042848517
0.005265762776520856
0.0054802546194875484
0.005706862585682195
0.005946676449847893
0.006200653111818018
0.006469788655516904
0.0067555194990714905
0.007058905746350248
0.007381530935373934
0.00772511040542351
0.008091348049562597
0.008482322313480345
0.008900193120308071
0.009347435428412196
0.009826785421055815
0.010341344316975228
0.010894572796915677
0.011490555836028139
0.012133440035505778
0.012828317997416808
0.01358079521924291
0.014397415461163772
0.015285579738631674
0.016253622520856187
0.01731139544904989
0.01847021593558287
0.019743133033872158
0.0211454075986589
0.022695132614490278
0.024413286084006815
0.026325274739868232
0.028460896236394445
0.03085588942320374
0.0335544994853525
0.036609324826852786
0.040086108596298305
0.04406564411982629
0.04864997154574805
0.053967891063190526
0.06018536847889252
0.06751815470030767
0.07625035808305744
0.08676695190004041
0.09959313427690723
0.11546786665059096
0.13545280568482473
0.16112606790201528
0.19491513156449716
0.2407147892749909
0.3051307392656897
0.4000097412045765
0.5482955669754592
0.7980332477651307
1.2576073442588749
2.1813260754228776
4.1216264690696045
7.981422870157396
14.49868041134478
23.619798003252896
34.22391627396586
45.11345922333254
55.935509049519055
66.69250724992531
77.38640907042894
88.02006355063807
98.59532903513785
109.11348318802594
119.57563699994938
129.98273951584855
140.3355778349453
150.63477711075342
160.8808111401281
171.07418689046636
181.21535443475403
191.30471504682956
201.34265515085042
211.3295463212886
221.265745282927
231.1515939108683
240.98741923052475
250.7735334176275
260.5102337982222
270.19780330893525
279.8365386117122
289.42672501837586
298.9686314807135
308.4625244409816
317.90866783190205
327.3073230766717
336.6587490889512
345.96320227287475
355.220936523046
364.43220322453385
373.5972512528827
382.71632697409973
391.78967424466623
400.81753441153336
409.80014631211725
418.7377462743079
427.6305681164616
436.4788431474058
445.282800166438
454.04266546332383
462.7586628182976
471.4310200583673
480.0599691219177
488.64573017350455
497.1885220595959
505.68856252335144
514.1460682046129
522.5612546399124
530.9343362624693
539.2655264021857
547.5550372856559
555.8030800361561
564.0098646736526
572.1756001147994
580.3004941729331
588.3847535580823
596.4285838769572
604.4321896329595
612.3957742261765
620.3195399533797
628.2036880080328
636.0484184802792
643.853930356956
651.6204215215848
659.3480887543709
667.037127732212
674.6877330286882
682.3000981140683
689.8744153553092
697.4108760160524
704.9096702566276
712.3709871340499
719.795014602024
727.1819395109399
734.5319476078723
741.8452235365891
749.1219508375361
756.3623119478532
763.5664882013668
770.734659828585
777.8670059567083
784.9637053173391
792.0249396702038
799.0508866506941
806.0417222785464
812.9976217127557
819.9187592515677
826.805308332486
833.6574415322686
840.4753305669258
847.2591462917263
854.0090587011898
860.7252369290932
867.4078492484689
874.0570630716005
880.6730449500304
887.2559605745522
893.8059747752172
900.3232515213306
906.8079539214502
913.2602442233926
919.680283814224
926.0682332202706
932.4242521071109
938.7484992795767
945.0411326817579
951.3023093969953
957.5321856478876
963.7309167962882
969.8986573433027
976.0355609292933
982.1417803338774
988.2174674759233
994.2627734135635
1000.2778483441709
1006.2628416043871
1012.217901670102
1018.1432263988341
1024.039013651612
1029.9054098621348
1035.7425603439083
1041.5506092902392
1047.3296997742402
1053.079973748828
1058.8015720467201
1064.4946343804418
1070.159299342318
1075.7957044044804
1081.4039859188642
1086.9842791172061
1092.5367181110496
1098.061435891739
1103.5585643304244
1109.02823417806
1114.4705750654014
1119.8857155030105
1125.2737828812506
1130.6349034702905
1135.9692024201033
1141.276803760463
1146.557830400951
1151.8124041309486
1157.040645619644
1162.2426744160286
1167.4186089488956
1172.568566526845
1177.692663338277
1182.7910144513983
1187.8637338142191
1192.9109342545516
1197.9327274800148
1202.9292240780271
1207.9005335158142
1212.8467641404054
1217.7680231786317
1222.6644167371298
1227.5360498023379
1232.3830262405006
1237.205448797666
1242.0034190996823
1246.7770376522071
1251.5264038406967
1256.2516159304141
1260.9527710664258
1265.6299652736004
1270.2832934566125
1274.9128493999378
1279.5187257678588
1284.1010141044596
1288.6598048336286
1293.1951872590578
1297.7072495642442
1302.1960788124863
1306.6617609468888
1311.1043807903582
1315.5240220456053
1319.9207672951447
1324.2946980012966
1328.6458945061815
1332.9744360317263
1337.280400679662
1341.5638654315187
1345.8249061486358
1350.0635975721566
1354.2800133230214
1358.474225901983
1362.6463066895906
1366.7963259462008
1370.9243528119766
1375.0304553068786
1379.1147003306744
1383.1771536629342
1387.2178799630353
1391.236942770155
1395.2344045032767
1399.2103264611849
1403.16476882247
1407.0977906455264
1411.0094498685507
1414.899803309547
1418.768906666315
1422.616814516469
1426.443135267046
1430.247016455697
1434.0289470643017
1437.789185842531
1441.5276734162476
1445.2440322875111
1448.937566834576
1452.6072633118906
1456.2517898500994
1459.8694964560405
1463.458415012748
1467.0162592794513
1470.5404248915727
1474.027989360732
1477.4757120747415
1480.8800342976106
1484.2370791695425
1487.542651706935
1490.792238802382
1493.9810092246712
1497.1038136187854
1500.1551845059037
1503.0663280096462
1505.6695871865188
1507.8263862703338
1509.4140799513527
1510.3259445254319
1510.471177894023
1509.774899564173
1508.178150648525
1505.637893865317
1502.127013538382
1497.63431559715
1492.164527576644
1485.7382986174857
1478.3921994658897
1470.1787224736654
1461.1662815982218
1451.4392124025571
1441.0977720552708
1430.258139330556
1419.052414608197
1407.6286198735822
1396.1506987176874
1384.7985163370877
1373.767793129722
1362.9831043993647
1352.2466368272387
1341.558774180083
1330.9198533606566
1320.3301644077283
1309.7899504960808
1299.299407936515
1288.8586861758401
1278.4678877968854
1268.1270685184893
1257.8362371955043
1247.5953558188014
1237.4043395152605
1227.2630565477793
1217.1713283152678
1207.128929352647
1197.135587330858
1187.191083900453
1177.295608940957
1167.4490001000356
1157.6510353867614
1147.9014933888027
1138.2001532724146
1128.5467947824493
1118.9411982423467
1109.3831445541389
1099.8724151984534
1090.4087922345045
1080.9920583001042
1071.6219966116516
1062.2983909641378
1053.02102573115
1043.7896858648623
1034.6041568960452
1025.464224934057
1016.3696766668496
1007.3202993609683
998.3158808615466
989.3562095923149
980.441074555591
971.5702653322845
962.7435720819024
953.9607855425363
945.221697030876
936.5260984421985
927.8737822503742
919.2645415078666
910.6981698457292
902.17446147361
893.6932111797469
885.2542143309661
876.8572668726949
868.502165328943
860.1887068023188
851.9166889740184
843.6859101038315
835.4961690301395
827.3472651699135
819.2389985187245
811.171169650722
803.1435797186567
795.1560304538735
787.2083241663004
779.3002637444625
771.4316526554794
763.6022949450519
755.8119952374883
748.0605587356763
740.3477912210959
732.6732542375636
725.0369980883431
717.4388348761826
709.8785775618823
702.356039964303
694.8710367603595
687.4233834850226
680.0128965313229
672.6393931503435
665.302691451228
658.0026104011736
650.7389698254339
643.5115904073223
636.3202936882044
629.1649020675067
622.0452388027088
614.9611280093471
607.9123946610179
600.8988645893693
593.9203644841103
586.9767218930036
580.0677652218682
573.1933237345826
566.3532275530782
559.5473076573463
552.7753958854322
546.0373249334378
539.3329283555247
532.6620405639063
526.0244968288566
519.4201332787043
512.8487868998334
506.3102955366881
499.8044978917645
493.33123352561955
486.89034285686495
480.48166716216673
474.10504857625205
467.7603300918998
461.44735555994987
455.1659696892948
448.91601804688605
442.69734705773175
436.5098040048941
430.3532370294946
424.22749513071074
418.13242816577457
412.0678868499775
406.0337227566643
400.0297883172402
394.05593682116404
388.11202241595146
382.1979001071758
376.3134257584647
370.4584560915076
364.6328486860424
358.83646197987105
353.06915526884796
347.3307887068849
341.6212233059494
335.9403209360702
330.2879443253234
324.6639570598511
319.0682235838471
313.50060919956195
307.96098006730386
302.4492032054347
296.965146490379
291.5086786566123
286.0796692966685
280.6779888611362
275.3035086586654
269.95610085595916
264.6356384777757
259.34199540693174
254.07504638429955
248.83466700881337
243.62181830294912
238.43847493757625
233.2843563493976
228.15911923029404
223.06242508717506
217.99394024198082
212.95333583167718
207.94028780826136
202.95447693875693
197.9955888052162
193.0633138047219
188.15734714938267
183.27738886633833
178.4231437977554
173.59432160082855
168.79063674778348
164.01180852587137
159.25756103737493
154.52762319960306
149.82172874489345
145.13961622061439
140.4810289891598
135.84571522795497
131.2334279294516
126.6439249011301
122.07696876550139
117.53232696010214
113.00977173750027
108.50908016529033
104.03003412609534
99.57242031756894
95.13603025239038
90.72066025827063
86.32611147794648
81.95218986918404
77.59870620477935
73.26547607255456
68.95231987536322
64.6590628310852
60.385534972628605
56.131571147932945
51.89701101996254
47.68169906671354
43.48548458120868
39.308221671499325
35.14976926066712
31.009991086819166
26.888755703094606
22.7859364776587
18.701411593705206
14.635064049457808
10.586781658168212
6.556457048117167
2.5439876626123867
-1.4507242400092215
-5.427771586380658
-9.387242488109324
-13.329220241770699
-17.2537833289134
-21.161005416059304
-25.050955354698495
-28.92369718129407
-32.77929011728172
-36.617788569065574
-40.43924212802362
-44.243695570505494
-48.03118885783104
-51.80175713629143
-55.55543073715018
-59.29223517664361
-63.01219115597489
-66.71531456132392
-70.40161646383767
-74.07110311963963
-77.72377596981973
-81.35963164044206
-84.97866194254114
-88.580853872122
-92.16618961016576
-95.73464652261943
-99.2861971604039
-102.82080925941241
-106.33844574050735
-109.83906470952336
-113.32261945726901
-116.7890584595197
-120.23832537702943
-123.67035905551363
-127.0850935256693
-130.4824580031577
-133.86237688861377
-137.22476976764804
-140.5695514108327
-143.89663177372285
-147.2059159968376
-150.49730440566816
-153.7706925106822
-157.02597100731109
-160.26302577596488
-163.4817378820211
-166.68198357582955
-169.8639248602767
-173.02928366369846
-176.17844159401528
-179.31148959663477
-182.42851801748273
-185.52961660300622
-188.61487450016995
-191.68438025645946
-194.73822181987978
-197.77648653895417
-200.79926116272696
-203.80663184076036
-206.7986841231372
-209.77550296046005
-212.73717270384935
-215.683777104947
-218.61539931591253
-221.5321218894262
-224.43402677868784
-227.3211953374155
-230.19370831984827
-233.05164588074328
-235.89508757537797
-238.7241123595498
-241.53879858957393
-244.33922402228706
-247.1254658150434
-249.89760052571827
-252.65570411270605
-255.3998519349197
-258.1301187517931
-260.8465787232778
-263.54930540984674
-266.23837177249135
-268.9138501727222
-271.57581237257057
-274.22432953458537
-276.859472221837
-279.48131039791406
-282.0899134269247
-284.6853500734977
-287.2676885027788
-289.83699628043627
-292.3933403726565
-294.9367871461445
-297.4674023681262
-299.9852512063452
-302.49039822906684
-304.9829074050755
-307.4628421036726
-309.9302650946821
-312.38523854844533
-314.82782403582434
-317.25808252820053
-319.67607439747485
-322.0818594160659
-324.4754967569142
-326.857044993478
-329.2265636022122
-331.58412010098186
-333.9297769271475
-336.2635949199166
-338.58563446520066
-340.89595549561386
-343.1946174904724
-345.4816794757965
-347.75720002430796
-350.0212372554324
-352.2738488352983
-354.51509197673596
-356.74502343927986
-358.9636995291661
-361.1711760993344
-363.36750854942744
-365.55275182578976
-367.72696042147015
-369.8901883762187
-372.0424892764896
-374.1839162554395
-376.3145219929273
-378.4343587155159
-380.5434781964698
-382.64193175575696
-384.7297702600488
-386.80704412271814
-388.87380330384207
-390.9300973101992
-392.9759751952721
-395.01148555924595
-397.036676549008
-399.05159585814937
-401.05629072696325
-403.0508079424461
-405.0351938382974
-407.0094942949186
-408.9737547394152
-410.92802014559436
-412.87233503396664
-414.8067434717461
-416.73128907284826
-418.64601499789273
-420.55096395420094
-422.44617819579787
-424.3316995234109
-426.2075692844712
-428.0738283731113
-429.93051723016765
-431.77767584317917
-433.61534374638734
-435.4435600207379
-437.2623632938772
-439.07179174015585
-440.87188308062684
-442.66267458304645
-444.4442030618749
-446.2165048782713
-447.9796159401014
-449.73357170193367
-451.47840716503634
-453.21415687738454
-454.94085493365196
-456.6585349752191
-458.36723019016705
-460.06697331328047
-461.75779662604566
-463.4397319566542
-465.1128106799972
-466.77706371767204
-468.4325062907289
-470.07907899687075
-471.71685827940007
-473.345937053639
-474.9663952920509
-476.57830002424123
-478.181705336958
-479.77665237408945
-481.3631693366674
-482.9412714828651
-484.51096112799775
-486.0722276445229
-487.6250474620387
-489.1693840672867
-490.7051880041498
-492.23239687365293
-493.7509353339634
-495.2607151003892
-496.7616349453814
-498.25358069853274
-499.73642524657794
-501.21002853339394
-502.6742375599984
-504.1288863845524
-505.5737961223582
-507.00877494586035
-508.43361808464545
-509.8481078254409
-511.2520135121174
-512.6450915456873
-514.0270853843043
-515.3977255432653
-516.7567295950072
-518.1038021691105
-519.4386349522972
-520.7609066884307
-522.0702831785177
-523.3664172807046
-524.6489489102821
-525.9175050396818
-527.1716996984766
-528.4111339733831
-529.6353960082572
-530.8440610040998
-532.0366912190515
-533.2105769389603
-534.361278346618
-535.4909190719911
-536.5991913527074
-537.6828929479083
-538.7359271382492
-539.7493027259003
-540.711134034545
-541.606640909382
-542.4181487171236
-543.1250883459966
-543.7039962057419
-544.1285142276142
-544.3693898643833
-544.3920022583974
-544.0750688856635
-543.2979033189569
-541.6860360915791
-538.5116433768967
-532.5507615483896
-520.240978407173
-483.3956731388139
40.004199382153956
2.093495089572652e14
