0.5
14.784204533929413
28.33660965286339
41.69627761786495
54.91992999097006
68.02709679519619
81.02730364937162
93.92595078066812
106.72653258519469
119.43167827517094
132.04331908976812
144.56301756282107
156.99205393660154
169.3315885198498
181.58268117192648
193.7462913028129
205.82327787311078
217.81444864860137
229.72059171655258
241.54242968361262
253.2806697228005
264.93600385067106
276.509108927315
288.0006466563591
299.41126358496575
310.74159110383357
321.99224544719624
333.16382769282427
344.2569237620238
355.27211807106283
366.2100039069471
377.0711453133977
387.8561007753563
398.56542410933673
409.19966446342494
419.75936631727905
430.24506948212917
440.65730910077747
450.9966156475988
461.26351492853934
471.45852808111766
481.582171574425
491.6349572091241
501.61739211745044
511.5299787632103
521.3732149417833
531.1475937801212
540.8536037367476
550.4917286017567
560.0624474968193
569.5662348751722
579.0035605227199
588.3749044842202
597.6807422995915
606.9215320764897
616.0977290269076
625.2097854671761
634.2581508179634
643.2432716042752
652.165591455455
661.0255511051838
669.8235883914799
678.5601382566994
687.2356327475359
695.8505010150208
704.4051693145223
712.900061005747
721.3355965527387
729.7121935238788
738.0302665918861
746.2902275338172
754.4924852310661
762.6374456693646
770.7255119387819
778.7570842337243
786.7325598529362
794.6523331994995
802.5167957808338
810.3263362086961
818.0813401991803
825.782190572719
833.4292672540821
841.0229472723754
848.5636047610452
856.0516109578734
863.4873342049798
870.8711399488213
878.203390740193
885.4844462342284
892.7146631903981
899.8943954725053
907.0239940487002
914.1038069914644
921.1341794776149
928.1154551079952
935.0479855485682
941.9321134357259
948.7681768461714
955.5565116243791
962.2974513825945
968.9913275008353
975.63846912689
982.2392031763187
988.7938543324531
995.3027450463967
1001.7661955370231
1008.1845237909794
1014.5580455626823
1020.8870743743208
1027.1719215158555
1033.4128960450178
1039.6103047873116
1045.7644523360111
1051.8756410521626
1057.944171064583
1063.9703402698628
1069.9544443323612
1075.8967766842118
1081.7976285253164
1087.6572895899437
1093.4760487943893
1099.2541918297047
1104.9920024020635
1110.689762286264
1116.347751325729
1121.9662474325053
1127.5455265872647
1133.0858628393034
1138.5875283065423
1144.0507931755262
1149.475925701426
1154.8631922080351
1160.2128570877735
1165.525182864287
1170.8004304881717
1176.0388589390298
1181.240725379239
1186.4062851910944
1191.5357919768105
1196.6294975585204
1201.6876519782752
1206.7568213489192
1211.2526258228054
1208.8517669441117
1199.6966253418432
1187.7006860039223
1174.826750982185
1161.6288396149696
1148.3403230308377
1135.0392162961211
1121.7595754746467
1108.525647926938
1095.352115879376
1082.2472071656607
1069.216196023037
1056.262222896303
1043.3874545909198
1030.5936199677449
1017.8820099430363
1005.2534774884498
992.7084376310407
980.2468674532624
967.8686709840148
955.5739025621073
943.3623138365765
931.2336303444955
919.1875525878024
907.2237560332995
895.3418911126546
883.5415832224007
871.8224327239355
860.1840149435205
848.6258801722848
837.14755366622
825.7485356461815
814.4283272177839
803.1864916812573
792.0225339324832
780.9359543850258
769.9262550145233
758.9929393586877
748.135512517306
737.3534811522385
726.6463534874201
716.0136393088598
705.4548499646413
694.9694983649207
684.5570989819306
674.2171678499758
663.9492225654368
653.7527822867664
643.6273677344946
633.572501191222
623.5877065016259
613.6725090724552
603.8264358725373
594.0490154327684
584.339777846124
574.6982547682383
565.1239928464122
555.6165431692916
546.175448219251
536.8002537847192
527.4905089601792
518.2457661461688
509.0655810492792
499.94951268215664
490.89712336350135
481.9079787180681
472.98164767666583
464.1177024761578
455.315718659461
446.5752750755478
437.8959538794443
429.2773405322305
420.71902380104166
412.22059575906616
403.7816517855482
395.4017905657846
387.0806140911276
378.8177276589828
370.6127398728119
362.4652626421296
354.37491118250375
346.34130401555865
338.364062968972
330.4428131764758
322.57718307785547
314.76680441895473
307.01131225166387
299.3103449339353
291.6635441297721
284.0705548092315
276.5310252484256
269.0446070295212
261.6109550407388
254.22972747635387
246.90058583669537
239.62319492814586
232.39722286314532
225.22234106018536
218.09822424381125
211.0245633446282
204.0011320532959
197.027611758458
190.10367823877866
183.22902704251177
176.40337348749964
169.62645266117343
162.89801942055288
156.21784839224668
149.58573397245212
143.0014903269555
136.46495139113128
129.97597086994352
123.53442223794463
117.14019873927582
110.79321338766691
104.49339896643656
98.2407080284917
92.03511289633009
85.87661129478465
79.76563003661826
73.70240582936847
67.6872599691811
61.72097319719832
55.804785699558835
49.94039710739739
44.12996649684517
38.376112389030496
32.68293319547213
27.056964086981562
21.51066702510698
16.0665383234141
10.766492682585397
5.735358731944228
1.4687790815629502
0.023177667620597038
0.00035270219962532613
0.0002644066141236574
0.00026181412172787417
0.0002595826667578894
0.00025740079698608484
0.0002552308527436289
0.00025321124623926415
0.00025216497846057226
0.0002530781249342538
0.00025629611784376755
0.0002611166252261482
0.0002667195901164087
0.00027271780697682446
0.00027899692111107267
0.0002855012761194959
0.0002922363206943038
0.00029919516411044657
0.00030636320803091154
0.00031376686551040997
0.0003213867870586574
0.0003292361200329611
0.0003373335348697467
0.00034568549812907177
0.0003542827056831338
0.00036316008811721037
0.00037230116732312607
0.0003817325062290736
0.0003914613534052485
0.00040149250519386237
0.00041184522347765363
0.0004225334696112985
0.00043355340531950624
0.00044494758674970634
0.00045670322574374925
0.0004688486467034342
0.0004814023471436764
0.0004943669921890432
0.0005077649295782694
0.0005216189952478253
0.0005359570050651065
0.0005507816445701783
0.0005661171218531204
0.0005819922442559927
0.0005984180844738762
0.0006154446537178045
0.000633068995654567
0.0006513542282286602
0.0006702865823692071
0.0006899210872828963
0.0007102796521212851
0.0007314112261033751
0.0007533452017898852
0.0007761112356312995
0.0007997484566025773
0.0008243201246268476
0.0008498587549175591
0.0008763970244153008
0.0009040168425068699
0.0009327605766600096
0.00096266738122587
0.0009938216166351951
0.0010262831859365882
0.0010601072748924964
0.0010953767599317223
0.0011321805218139315
0.001170571892867015
0.0012107107666728043
0.0012526073054608645
0.0012964225930921641
0.0013422331839585532
0.0013901693129058131
0.0014403739262192617
0.0014929684215855053
0.001548054942027964
0.0016059032139445896
0.0016665911676725519
0.0017303170297567835
0.0017972975115950714
0.0018677181577780634
0.0019418368838043203
0.0020198794096694
0.0021021499499721884
0.0021889117646396892
0.0022804937798987348
0.002377255034660449
0.0024795592205775915
0.002587830758855298
0.0027025346316250035
0.0028241493280618053
0.0029532009808063767
0.0030903487692216882
0.0032362140613154916
0.003391516045096371
0.0035570719543639245
0.003733779639316716
0.003922622049045015
0.004124656988534273
0.004341190159478127
0.004573521648832679
0.0048232399685515515
0.005091968665989564
0.005381729525407037
0.005694661119948813
0.006033242035860303
0.006400293365716166
0.006798988991402931
0.007232918690454573
0.007706407908638492
0.00822416761063467
0.008791798564343527
0.009415771641492373
0.010103668499950168
0.010864174536538285
0.011707944757093565
0.01264714469108296
0.013696563550147964
0.014873822911631049
0.01619995444650749
0.017701271971483808
0.01940936898097424
0.02136331899386934
0.02361219596110153
0.026217791824860413
0.02925929104432346
0.032838646683678356
0.03708980309523656
0.04219159159294378
0.04838586184166524
0.05601025555016632
0.0655382515103128
0.07766812998707492
0.0934478887033566
0.11452045141533891
0.14359045833950312
0.1853744548484064
0.2487460441109637
0.35207019162923514
0.5383524057496516
0.9248087856108905
1.8792941135556822
4.544957192122494
11.187233771963607
23.078328383190872
38.00276430910832
53.19654813476518
68.26142846407969
83.20348613308452
98.029333523239
112.74306235379106
127.34784264711806
141.8459366271308
156.23887251729153
170.52814114156027
184.71500416369656
198.8005930214375
212.78594985189562
226.67202421586975
240.4597018074612
254.14984200391325
267.7432778656113
281.2408161360826
294.6432372419966
307.9512952931649
321.16571808254025
334.2872168625929
347.31651428084155
360.2542962477458
373.10123864941016
385.85801075294813
398.5252752064847
411.10368803915634
423.5938986611101
435.99654986350396
448.31227781850714
460.5417120793
472.6854755800736
484.74418463603024
496.7184489433834
508.60887157935673
520.4160490021846
532.1405710511154
543.7830209464055
555.3439753870821
566.8240203066499
578.2237338047792
589.5436792215166
600.7844159690193
611.946499531547
623.0304814654675
634.0369093992547
644.9663270334894
655.8192741408587
666.5962865661561
677.2978962262822
687.9246311102429
698.4770152791518
708.9555688662286
719.3608080767995
729.6932451882969
739.9533885502607
750.141742584336
760.2588077842743
770.3050807159359
780.281054017285
790.1872163983933
800.0240526414397
809.7920436007087
819.491666202591
829.1233934455862
838.6876944002954
848.185034209431
857.6158740878104
866.9806713223588
876.2798792721037
885.5139473681849
894.6833211138438
903.7884420844293
912.8297479274007
921.8076689972346
930.7226017187711
939.5749812873011
948.3652500179833
957.0938435596879
965.7611908949965
974.3677143402017
982.9138295453073
991.3999454940284
999.8264645037913
1008.1937822257332
1016.5022876447035
1024.7523630792614
1032.9443841816785
1041.078719937937
1049.1557326677303
1057.1757780244634
1065.1392049952515
1073.0463559009233
1080.8975663960166
1088.6931654687808
1096.4334754411773
1104.1188119688777
1111.7494840412649
1119.3257939814343
1126.8480374461915
1134.3165034260521
1141.7314742452465
1149.0932255617129
1156.402026367102
1163.658138986774
1170.8618190798045
1178.0133156389766
1185.1128709907869
1192.160720795439
1199.15701727024
1206.101322834157
1212.9941439840056
1219.836044088427
1226.6273407105225
1233.3681056078535
1240.058164732441
1246.697098230766
1253.2842404437708
1259.8186799068567
1266.2992593498848
1272.724575697177
1279.092980067514
1285.4025777741383
1291.651228324751
1297.8365454215143
1303.9558969610493
1310.006405034438
1315.9849459272227
1321.8881501194044
1328.1682871760258
1335.9547169694806
1344.2483958964121
1352.0335688878768
1358.4708301631053
1362.8971232295057
1364.8257408826607
1363.9463252063294
1360.1248675724455
1353.4037086411204
1344.0015383606385
1332.3133959674633
1318.9106699862332
1304.541098229758
1290.1276069937765
1275.9606919069574
1261.7624204791205
1247.5795971883952
1233.4464249145196
1219.384504938841
1205.4028369443142
1191.5005027417396
1177.6828766149526
1163.951915529341
1150.3084930524951
1136.7533378701307
1123.2870337860913
1109.910019722346
1096.6225897189913
1083.4248929342496
1070.316933644469
1057.2985712441262
1044.369520245822
1031.5293502802865
1018.7774860963742
1006.113207561065
993.5359276185358
981.0454290617856
968.6411920315815
956.32268902825
944.0893924977964
931.9407748319057
919.8763083679422
907.8954653889504
895.997718123654
884.1825387464562
872.4493993774407
860.7977720823699
849.2271288726872
837.7369417055144
826.326682483653
814.9958230555854
803.7438352154722
792.5701907031543
781.4743612041534
770.4558183496681
759.5140337165805
748.648478827449
737.8586251505118
727.1439478427037
716.5039494396253
705.938123957153
695.4459647314033
685.0269682936391
674.6806343702772
664.4064658828827
654.2039689481708
644.0726528780069
634.0120301794061
624.0216165545338
614.1009309007046
604.2494953103844
594.4668350711878
584.7524786658797
575.1059577723754
565.5268072637402
556.0145652081883
546.5687728690855
537.1889747049458
527.8747183694345
518.625554711367
509.4410377747069
500.32072479857004
491.2641762172205
482.2709556600735
473.34062995169336
464.4727691117946
455.66694635524294
446.9227380920518
438.2397239273853
429.617486661559
421.0556122900366
412.5536900034341
404.1113121875146
395.7280744231931
387.40357548653316
379.1374173487488
370.92920517620695
362.7785473304171
354.68505536804753
346.6483440409127
338.6680312959752
330.743738276416
322.8751033961067
315.0617604420975
307.3033312088927
299.5994433838264
291.9497305470633
284.35383217159847
276.811393623257
269.32206616069453
261.8855069353968
254.50137899168087
247.16935126669156
239.88909859040646
232.66030168563256
225.4826471680073
218.35582754599824
211.27954122090347
204.25349248685094
197.27739153079966
190.3509544325387
183.4739031646865
176.6459655926929
169.86687547483803
163.13637246223144
156.4542020988124
149.82011582135482
143.23387095945725
136.69526663012465
130.20426471535254
123.76061252476298
117.36409484609577
111.01458398640494
104.71203977205909
98.45650954874128
92.2481281814486
86.08711805449381
79.97378907150173
73.90853865541321
67.8918517484839
61.92430081228304
56.006545827694175
50.14023086127805
44.32686080897978
38.56898406842354
32.87201589529168
27.244238730009737
21.6968021977464
16.247783590799827
10.941225029451624
5.904609019597969
1.5728473512664525
0.027312686499956416
0.00031043824309944906
0.00021245161375395714
0.00021662817388185758
0.00022142488015200156
0.00022635082565714977
0.00023144179894589258
0.00023667984555822874
0.0002420878428455872
0.00024766122162211463
0.00025338761584556394
0.00025928444170001145
0.0002653516517848523
0.00027159772234196293
0.000278039809264328
0.0002846326044901711
0.0002914371032732654
0.00029844519674397766
0.0003056591733223986
0.0003130858570567653
0.00032072007366836886
0.0003285962136614361
0.00033670507530860155
0.0003450628411944063
0.00035367142456964475
0.00036254886900209514
0.0003716938448650447
0.00038111832000956654
0.00039083908016162883
0.00040086993215515784
0.00041121705256052187
0.0004218971283852173
0.0004329143147602214
0.0004443014356330539
0.0004560392947868078
0.00046817717570668294
0.00048071751761788136
0.0004936617074232076
0.0005070545899099365
0.0005208997884177734
0.000535209362779596
0.0005500194719986495
0.0005653382597545893
0.0005811931234861961
0.0005976097137856758
0.0006146098347629758
0.0006322209918330629
0.0006504682292856947
0.0006693765267574845
0.0006889856967223424
0.0007093276310297514
0.0007304192565142565
0.0007523197491524837
0.0007750592218406525
0.000798666855784647
0.0008232038040672671
0.000848701444814701
0.0008752120441183827
0.0009027827644210085
0.0009314702846123607
0.0009613524905783523
0.0009924495212976067
0.001024850296649263
0.0010586250041592841
0.001093846913457089
0.0011305970461818263
0.0011689445693536537
0.0012089875972431708
0.0012508374914943635
0.0012945536925633191
0.0013403037057126044
0.0013881636351871125
0.0014382713502133625
0.0014907760202987508
0.0015458134764685207
0.0016035175921595317
0.0016640957937421133
0.0017277058458740108
0.0017945582583118991
0.0018648529296896497
0.0019388196445183322
0.002016727558659533
0.0020988271541640454
0.002185423180012031
0.002276807677582715
0.0023733827736027884
0.0024754782210174757
0.0025835326537833976
0.0026979615487607096
0.0028193343000226466
0.002948119165947147
0.0030849381690904285
0.0032304762542579566
0.0033854445817626862
0.0035506266681889207
0.0037268946494605592
0.003915256685262275
0.00411681899933066
0.004332820225558907
0.004564558095122727
0.004813592673113078
0.005081650353910431
0.005370615472374559
0.005682678141715732
0.006020331801796416
0.006386341542772677
0.006783845705656445
0.007216558686097703
0.007688558278562776
0.008204666790598683
0.008770493467896816
0.009392357728972477
0.010077884500641952
0.010835724148665403
0.011676331803704625
0.012611991316967754
0.013657204177342602
0.01482962584172858
0.016150255952735268
0.01764490012551154
0.019345003561460277
0.02128974722469856
0.02352747384494447
0.026119747490897946
0.029145077696742027
0.03270436647157308
0.036930429010010986
0.04200045423110006
0.04815259261243493
0.055720812566947595
0.06517403472388335
0.07720009456239012
0.09283190513518169
0.11368842301906243
0.1424278176804874
0.18368003533177396
0.2461174168513415
0.34761247716186705
0.5298616502727975
0.9059234639883417
1.8289611280933782
4.405130333472536
10.879978712080472
22.614937975866994
37.4942528448815
52.69863488449275
67.7678948275744
82.71392341501856
97.5437394773128
112.26131535658372
126.86968250858152
141.371221509462
155.7676620557863
170.0603586284412
184.25060551502958
198.3395058635827
212.32810325364179
226.21738169808518
240.00826564312874
253.70161996832385
267.29825052317597
280.79896183527615
294.20453129892496
307.5156972549212
320.73318807162804
333.8577221449728
346.89000789844744
359.83074378310795
372.6806182775749
385.4403098880326
398.11048714823124
410.69180861948297
423.18492289066654
435.59046857822347
447.9090743261604
460.14135897221774
472.28795279849385
484.34947686650725
496.3265346119795
508.21972506194203
520.0296428347353
531.7568781400095
543.4020167787243
554.9656401431484
566.4483252168592
577.8506445747471
589.1731663830085
600.4164543991496
611.581067971987
622.6675620416466
633.6764871395632
644.6083893884816
655.4638105024559
666.2432877868489
676.9473541383352
687.5765380448962
698.1313635858229
708.612350431718
719.0200138444925
729.354864677365
739.617409374868
749.8081499728354
759.9275840984224
769.976204970083
779.9545020618921
789.8629695564637
799.7021033805216
809.4723945987581
819.1743292744675
828.8083884695454
838.375048244492
847.8747796584067
857.3080487689928
866.6753166325518
875.977039303994
885.2136678368238
894.3856482831553
903.4934216936973
912.5374241177676
921.5180866032789
930.4358351967534
939.2910909433073
948.0842698866652
956.8157830691525
965.4860365316925
974.0954313138174
982.6443634536531
991.1332239879362
999.5623989519963
1007.9322693797736
1016.2432113038036
1024.4955957552297
1032.68978876379
1040.8261513578327
1048.9050395643012
1056.9268044087455
1064.8917919153141
1072.800343106761
1080.6527940044382
1088.4494756283048
1096.190713996916
1103.876830127436
1111.5081400356205
1119.0849547358403
1126.607580241057
1134.0763175628422
1141.4914627113628
1148.853306695393
1156.1621355223062
1163.4182301980782
1170.6218667272913
1177.7733161131177
1184.8728443573464
1191.920712460356
1198.9171764211376
1205.8624872372748
1212.756890904962
1219.8527803476961
1227.7584517199814
1236.2927353500334
1245.2391359093237
1254.394398412375
1263.5685082167756
1272.5846910231635
1281.279412875243
1289.5023801597686
1297.1165396065599
1303.9980782884875
1310.0364236214862
1315.1342433645445
1319.207445619711
1322.1851788320912
1324.0098317898498
1324.6370336242078
1324.0356538094454
1322.1878021629007
1319.0888288449692
1314.7473243591032
1309.1851195518166
1302.4372856126784
1294.5521340743162
1285.5912168124132
1275.629326045717
1264.7544943360267
1253.0679945882007
1240.684340050158
1227.7312843128768
1214.3498213103846
1200.6941853197761
1186.9318509611987
1173.2435331978636
1159.6938698986291
1146.2030180523943
1132.7750543574273
1119.413967500716
1106.1233974839233
1092.9066356234111
1079.766624550219
1066.705958210074
1053.7268818633975
1040.8312920852884
1028.0207367655412
1015.2964151086285
1002.6591776337185
990.1095261746574
977.6476138799878
965.2732452129294
952.9858759513985
940.784613187987
928.668215329988
916.6350920993648
904.6833045327845
892.8122576574525
881.0233135063907
869.315973185701
857.6897103778184
846.1440009682585
834.6783230456368
823.29215690165
811.9849850310941
800.7562921318469
789.6055651048849
778.5322930542694
767.535967287151
756.6160813137781
745.7721308474801
735.0036138046861
724.3100303049071
713.6908826707523
703.145675427913
692.6739153051798
682.2751112344257
671.9487743506213
661.69441799182
651.511557699174
641.3997112169169
631.3583984923816
621.3871416759839
611.4854651212364
601.6528953847356
591.888961226176
582.1931936083334
572.5651256970838
563.0042928613831
553.5102326732903
544.082484907942
534.7205915435748
525.42409676151
516.1925469461601
507.02549068503305
497.9224787687175
488.8830641909024
479.90682089515
470.99335875958906
462.14224632788597
453.35305326600064
444.62535299042815
435.9587226682133
427.3527432169357
418.80699930472485
410.3210793502455
401.89457552271153
393.52708374187245
385.2182036780269
376.9675387520092
368.774696135203
360.6392867495268
352.56092526744925
344.53923011197367
336.5738234566536
328.66433122557663
320.81038309338095
313.0116124852416
305.2676565768757
297.5781562945478
289.9427563150587
282.3611050657571
274.8328547245292
267.3576612198086
259.93518423056463
252.5650871863174
245.24703726712104
237.98070540357764
230.76576627682957
223.60189831856212
216.48878371100267
209.42610838692227
202.41356202963024
195.45083807298278
188.53763370137608
181.67364984975208
174.86279829150484
168.11353681835487
161.4238455071584
154.79136558773763
148.2138350822481
141.68908880518944
135.21505836339594
128.7897721560407
122.4113553746395
116.07803000304146
109.78811481743983
103.54002538636118
97.33227407067616
91.1634700235888
85.03231919064729
78.93762430973298
72.87828491107136
66.85329731722136
60.861754643086144
54.9028467959021
48.975860475249135
43.08017917304158
37.21528317353699
31.380749553326996
25.57625218134601
19.80156171886387
14.056545619492383
8.34116812917787
2.65549028621081
-3.000330078785111
-8.626038342843685
-14.22128309066071
-19.78561611459641
-25.318492414666117
-30.819270198552868
-36.28721088159739
-41.72147908680193
-47.121142644829256
-52.48517259400851
-57.812443180322276
-63.10173185741963
-68.35171928661158
-73.56098933686651
-78.7280290848168
-83.85122881475509
-88.92888201863585
-93.9591853960755
-98.9422029137194
-103.8865681580872
-108.79392258132022
-113.6646850075848
-118.49926470306487
-123.29806137596984
-128.0614651765266
-132.78985669698775
-137.48360697162326
-142.1430774767275
-146.76862013061674
-151.36057729362543
-155.91928176811385
-160.4450567984593
-164.9382160710652
-169.39906371435225
-173.82789429876675
-178.22499283677226
-182.59063478285796
-186.92508603353096
-191.2286029273232
-195.50143224478506
-199.74381120849137
-203.9559674830354
-208.13811917503517
-212.2904748331277
-216.41323344797325
-220.50662488260258
-224.5709007797612
-228.60627958305756
-232.61297739696744
-236.59120800189552
-240.5411828541819
-244.4631110860954
-248.35719950583965
-252.22365259755014
-256.06267252129226
-259.8744591130667
-263.659209884803
-267.41712002436606
-271.14838239554973
-274.85318753808326
-278.53172366762476
-282.1841766757675
-285.8107301300341
-289.4115652738819
-292.98686102669785
-296.5367939838037
-300.0615384164505
-303.56126627182414
-307.03614717304
-310.48634841914827
-313.9120349851291
-317.313369521896
-320.69051235629365
-324.04362149110034
-327.3728526050243
-330.67835905270874
-333.96029186472583
-337.2187997475823
-340.45402908371636
-343.66612393149717
-346.85522602522855
-350.0214747751431
-353.1650072674091
-356.2859582641236
-359.3844602033185
-362.4606431989555
-365.51463504093147
-368.546561195072
-371.55654480313694
-374.5447066828171
-377.51116532773744
-380.456036907452
-383.3794352674504
-386.28147192915054
-389.16225608990584
-392.02189462299907
-394.8604920776494
-397.67815067900233
-400.4749703281394
-403.25104860207284
-406.0064807537496
-408.7413597120432
-411.4557760817656
-414.1498181436578
-416.8235066736877
-419.4765421363208
-422.10922965251865
-424.72189601756486
-427.3147491482721
-429.8878780829862
-432.4412529815821
-434.9747251254679
-437.4880269175808
-439.980771882391
-442.4524546658982
-444.90245103563467
-447.33001788066235
-449.73429321157596
-452.1142961604994
-454.46892698108974
-456.7969670485333
-459.09707885954924
-461.36780603238617
-463.60757330682554
-465.81468654417824
-467.98733272728776
-470.12357996052737
-472.22137746980246
-474.2785556025496
-476.2928258277357
-478.26178073585936
-480.15626160183103
-481.83684338709344
-483.2910876786507
-484.528928088099
-485.5617323610038
-486.402302376902
-487.06487414930024
-487.56511782567605
-487.9201376874772
-488.14847215012225
-488.27009376299964
-488.306409209469
-488.28025930685976
-488.2159190064722
-488.13909739357706
-488.0769376874153
-488.0580172411987
-488.11234754210926
-488.27137421129925
-488.56797700389205
-489.0364698089806
-489.7126006496292
-490.63355168287234
-491.8379391997143
-493.3192126648497
-494.90086866143986
-496.5507094326257
-498.2574746675471
-500.0108252998094
-501.8013435074802
-503.6205327130926
-505.46081758364204
-507.3155440305892
-509.17897920985746
-511.0463115218353
-512.9136506113737
-514.7780273677892
-516.63739392486
-518.4906236608309
-520.337511198408
-522.1787724047632
-524.0160443915308
-525.8502053419273
-527.6775109278311
-529.4973457531318
-531.3094273198906
-533.1134875032294
-534.9092725513291
-536.6965430854284
-538.4750740998269
-540.2446549618816
-542.0050894120103
-543.7561955636884
-545.4978059034519
-547.2297672908944
-548.9519409586702
-550.6642025124913
-552.3664419311303
-554.0585635664173
-555.7404861432431
-557.4121427595561
-559.0734808863656
-560.7244623677382
-562.3650634208011
-563.9952746357396
-565.6151009757991
-567.224561777283
-568.8236907495551
-570.4125359750371
-571.9911599092111
-573.5596393806168
-575.1180655908541
-576.6664952822547
-578.2049124854916
-579.7333571321661
-581.251871011403
-582.7604962337688
-584.2592752312703
-585.7482507573567
-587.2274658869169
-588.6969640162825
-590.1567888632248
-591.6069844669576
-593.0475951881343
-594.4786657088513
-595.9002410326444
-597.3123664844921
-598.7150877108126
-600.1084506794666
-601.4925016797547
-602.86728732242
-604.2328545396452
-605.5892505850559
-606.9365230337171
-608.2747197821365
-609.6038890482617
-610.9240793714823
-612.2353396126291
-613.5377189539731
-614.8312668992278
-616.1160332735463
-617.3920682235247
-618.6594222171982
-619.9181460440452
-621.1682908149836
-622.4099079623735
-623.6430492400154
-624.8677667231518
-626.0841128084655
-627.2921402140813
-628.4919019795642
-629.6834514659214
-630.8668423556
-632.04212865249
-633.2093646819206
-634.368605090664
-635.5199048469315
-636.6633192403782
-637.7989038820975
-638.9267147046261
-640.0468208327086
-641.1593078845543
-642.2642197969487
-643.361598143475
-644.4514845657279
-645.533920773312
-646.6089485438437
-647.6766097229488
-648.7369462242649
-649.7900000294397
-650.8358131881321
-651.874427818011
-652.905886104757
-653.9302303020602
-654.9475027316226
-655.957745783156
-656.9610019143838
-657.9573136510392
-658.9467235868666
-659.929274383621
-660.9050087710684
-661.873969546985
-662.8361995771583
-663.7917417953856
-664.7406392034763
-665.682934871249
-666.6186719365343
-667.5478936051727
-668.4706431510155
-669.3869639159253
-670.2968993097745
-671.2004928104471
-672.0977879638374
-672.9888283838503
-673.8736577524015
-674.7523198194177
-675.6248584028357
-676.4913173886038
-677.3517407306804
-678.2061724510348
-679.054656639647
-679.8972374545081
-680.733959121619
-681.5648659349924
-682.3900022566507
-683.2094125166282
-684.0231412129683
-684.8312329117267
-685.633732246969
-686.4306839207716
-687.2221327032219
-688.008123432417
-688.7887010144666
-689.5639104234893
-690.0044943597043
