0.5
6.862164709066085
12.822791208221433
18.683472384640027
24.48881634301074
30.254822170010662
35.98923029251236
41.69627761786495
47.37869747096928
53.03826271367001
58.67620134846814
64.29342243858557
69.89066098716876
75.46847997619534
81.02730364937162
86.5675025716357
92.08936151735858
97.59313761815966
103.07906292196233
108.54734439299366
113.99816391178491
119.43167827517094
124.84801919636617
130.24731749028044
135.62969866192583
140.99526534340743
146.34411677807572
151.67634882052664
156.99205393660154
162.29132120338733
167.57423630921608
172.84088155366547
178.09133584755858
183.3256747129643
188.54397028319568
193.7462913028129
198.93270312762067
204.10326772466843
209.2580458505194
214.3971081707063
219.52051497931905
224.62832381786964
229.72059171655258
234.7973751942446
239.858730258505
244.90471240557528
249.9353766203795
254.95077737652394
259.95096863629743
264.93600385067106
269.90593595929835
274.860817390515
279.8007000613397
284.7256353774728
289.6356742332974
294.5308670118792
299.41126358496575
304.2769133129871
309.12786504505647
313.9641671189682
318.78586736119985
323.5930130869112
328.38565109994465
333.16382769282427
337.9275886467575
342.6769792316329
347.412044322504
352.13283322465577
356.8393931224634
361.53176855577544
366.2100039069471
370.87414340083956
375.52423110482016
380.1603109287625
384.78242662504636
389.3906217885575
393.9849398566882
398.56542410933673
403.1321176689074
407.6850635003112
412.22430441096463
416.74988305079086
421.2618419122191
425.76022333018466
430.24506948212917
434.7164223880002
439.1743239102518
443.61881575384416
448.04993946624364
452.4677364374226
456.87224789985953
461.26351492853934
465.64157844095286
470.0064791970979
474.35825779947726
478.6969546931007
483.022610165484
487.3352643466495
491.6349572091241
495.92172856794326
500.19561808064697
504.4566652472822
508.70490941040094
512.9403897550628
517.1631453088328
521.3732149417833
525.5706373664902
529.7554511380384
533.927694654017
538.0874061545238
542.2346237221592
546.3693852820318
550.4917286017567
554.6016912914558
558.6993108037548
562.7846244337874
566.8576693191909
570.918482440116
574.9671006192087
579.0035605227199
583.0279014550795
587.0401623624314
591.0403795011039
595.0285890297374
599.0048270092846
602.9691294030098
606.9215320764897
610.8620707976132
614.7907812365811
618.7076989659063
622.6128594604139
626.5062980972411
630.3880501558372
634.2581508179634
638.1166351676931
641.963538191412
645.7988947778176
649.6227397179198
653.4351077050402
657.2360333348129
661.0255511051838
664.8036954164111
668.5705005710648
672.3260007740274
676.0702301324935
679.8032226559689
683.5250122562729
687.2356327475359
690.9351178462008
694.6235011710222
698.3008162430674
701.9670964857152
705.622375224657
709.2666856878958
712.900061005747
716.5225342108384
720.1341382381089
723.734905924811
727.3248700105077
730.9040631370752
734.4725178487013
738.0302665918861
741.5773417154417
745.1137754704922
748.639600010474
752.1548473911358
755.6595495705376
759.1537384090522
762.6374456693646
766.110703016471
769.573542017681
773.0259941426154
776.4680907632064
779.8998631537003
783.3213424906538
786.7325598529362
790.1335462217295
793.5243324805266
796.9049494151335
800.2754277136685
803.6357979665603
806.9860906665514
810.3263362086961
813.6565648903603
816.9768069112221
820.2870923732721
823.5874512808125
826.8779135404576
830.158508961135
833.4292672540821
836.6902180328509
839.9413908133033
843.1828150136141
846.4145199542725
849.6365348580752
852.8488888501349
856.0516109578734
859.2447301110288
862.4282751416476
865.6022747840883
868.7667576750225
871.9217523534355
875.0672872606248
878.203390740193
881.3300910380674
884.4474163024734
887.5553945839602
890.6540538353825
893.7434219119062
896.8235265710181
899.8943954725053
902.9560561784762
906.0085361533456
909.0518627638414
912.0860632790087
915.1111648701965
918.1271946110735
921.1341794776149
924.1321463481115
927.1211225724395
930.1011369283283
933.072216442088
936.0343879018851
938.9876780205798
941.9321134357259
944.8677207095714
947.7945263290572
950.7125567058184
953.6218381761838
956.5223970011754
959.4142593665091
962.2974513825945
965.1719990845352
968.0379284321277
970.8952653098628
973.7440355269246
976.5842648171913
979.4159788392342
982.2392031763187
985.0539633364036
987.8602847521416
990.6581927808788
993.4477127046551
996.2288697302043
999.0016889889533
1001.7661955370231
1004.5224143552285
1007.2703703490776
1010.010088348772
1012.7415931092073
1015.4649093099733
1018.1800615553522
1020.8870743743208
1023.5859722205493
1026.2767794724016
1028.9595204329353
1031.6342193299015
1034.300900315745
1036.959587467604
1039.6103047873116
1042.253076201393
1044.8879255610677
1047.514876642249
1050.133953145544
1052.745178696253
1055.3485768443702
1057.944171064583
1060.531984756274
1063.1120412435173
1065.6843637750824
1068.2489755244314
1070.8058995897202
1073.3551589937986
1075.8967766842118
1078.4307755331945
1080.9571783376791
1083.4760078245524
1085.9872869230676
1088.4910384140953
1090.9872848691002
1093.4760487943893
1095.957352631113
1098.4312187552655
1100.8976694776834
1103.3567270440471
1105.8084136348803
1108.252751365549
1110.689762286264
1113.1194683820781
1115.5418915728876
1117.9570537134318
1120.3649765932942
1122.7656819369004
1125.1591914035196
1127.5455265872647
1129.924709017091
1132.2967601567977
1134.661701405027
1137.019554095264
1139.3703394958382
1141.7140788099205
1144.0507931755262
1146.3805036655144
1148.7032312875854
1151.018996984285
1153.3278216330004
1155.629726045964
1157.9247309702487
1160.2128570877735
1162.4941250152988
1164.7685553376532
1167.0361685949063
1169.296985230471
1171.5510256275736
1173.7983101093864
1176.0388589390298
1178.2726923195714
1180.4998303940256
1182.7202932453545
1184.934100896467
1187.1412733102204
1189.341830389418
1191.5357919768105
1193.7231778550968
1195.9040077469226
1198.0783013148803
1200.2460781615105
1202.4073578293
1204.5621598006844
1206.7568213489192
1209.1327705209549
1210.9142967425025
1211.444396350492
1210.4084462899204
1207.8526588623351
1204.160220092942
1199.6966253418432
1194.7417036555007
1189.4921770603394
1184.075638431916
1178.552421489334
1172.953933815088
1167.3059955943506
1161.6288396149696
1155.9371112674687
1150.2398685450494
1144.5405820435876
1138.8389778878832
1133.140062177286
1127.4463437063766
1121.7595754746467
1116.0812865106902
1110.412781872205
1104.755142645994
1099.109225947963
1093.4756649231217
1087.8548687455846
1082.2472071656607
1076.6532119145672
1071.073108439958
1065.5070968556427
1059.955362500957
1054.4180759407627
1048.8953929654456
1043.3874545909198
1037.8943870586227
1032.4163018355189
1026.9532956140984
1021.5054503123771
1016.0728330738962
1010.6554962677228
1005.2534774884498
999.8667995561966
994.4954705166068
989.1394836408498
983.7988174256241
978.4734379135971
973.1633833207504
967.8686709840148
962.5892826767722
957.3251993278203
952.0764010213743
946.8428669970639
941.6245756499364
936.4215045304542
931.2336303444955
926.060928953356
920.9033753737463
915.7609437777932
910.6336074930401
905.5213390024467
900.4241099443876
895.3418911126546
890.2746524564556
885.2223630804136
880.1849912445691
875.1625043643775
870.1548690107109
865.1620509098573
860.1840149435205
855.2207251488222
850.2721447182973
845.3382359998985
840.4189604969948
835.5142788683715
830.6241509282277
825.7485356461815
820.887391573423
816.0406902954004
811.208398302101
806.3904760918184
801.5868842155452
796.7975832769708
792.0225339324832
787.2616968911688
782.5150329148115
777.7825028178933
773.0640674675947
768.3596877837938
763.6693247390665
758.9929393586877
754.3304927206294
749.6819459555625
745.0472602468549
740.4263968305731
735.819316995482
731.2259820830445
726.6463534874201
722.0803926554686
717.5280610867462
712.9893203335077
708.4641320007061
703.9524577459919
699.4542592797146
694.9694983649207
690.4981368173552
686.0401365054618
681.5954593503807
677.1640673259512
672.7459224587112
668.3409868278951
663.9492225654368
659.5705918559669
655.2050569368159
650.8525800980095
646.5131236822747
642.1866500850343
637.8731217544108
633.572501191222
629.2847509489867
625.0098336339208
620.7477119049374
616.4983484736481
612.261706104363
608.0377476140915
603.8264358725373
599.6277338021048
595.441604377896
591.2680106277128
587.1069156320506
582.9582825241079
578.8220744897768
574.6982547682383
570.5867890862239
566.4876432916625
562.4007811469811
558.3261665261396
554.2637634146314
550.2135359094824
546.175448219251
542.1494646640293
538.1355496754413
534.1336677966449
530.14378368233
526.1658620987193
522.1998679235694
518.2457661461688
514.3035218673389
510.3731002994345
506.4544667663429
502.5475867034841
498.6524256578117
494.76894928781104
490.89712336350135
487.03691376643434
483.18828648969395
479.35120763789837
475.52564342719745
471.711560185274
467.9089243513445
464.1177024761578
460.33786122199507
456.5693673626713
452.81218778353366
449.0662894814625
445.3316395648712
441.6082052537053
437.8959538794443
434.19485288509935
430.50486982521494
426.82597236586906
423.15812828467176
419.50130547076594
415.8554719248277
412.22059575906616
408.59664519722315
404.98358857457305
401.3813943379231
397.7900310456143
394.2094673675191
390.6396720850437
387.0806140911276
383.53226239024184
379.9945860983914
376.4675544431135
372.9511367634785
369.4453025100903
365.95002124508426
362.4652626421296
358.9909964864275
355.5271926747137
352.073821215255
348.63085222785105
345.1982559438373
341.776002706077
338.364062968972
334.9624072984522
331.57100637198243
328.1898309785605
324.81885201871785
321.45804050451585
318.10736755955173
314.76680441895473
311.436322429385
308.11589304903987
304.80548784764363
301.50507850646
298.21463681828084
294.9341346874315
291.6635441297721
288.4028372726948
285.1519863551221
281.91096372751366
278.67974185186114
275.4582933016843
272.2465907620419
269.0446070295212
265.85231501224604
262.66968772986917
259.49669831357994
256.3333200060993
253.17952616167793
250.03529024610364
246.90058583669537
243.77538662230444
240.6596664033183
237.55339909164886
234.4565587107516
231.36911939561082
228.29105539273786
225.22234106018536
222.16295086753448
219.11285939589732
216.07204133792618
213.0404729698189
210.0181474185241
207.005042879789
204.0011320532959
201.00638830567286
198.02078567049267
195.04429884827485
192.07690320648462
189.11857477953194
186.16929026877355
183.22902704251177
180.29776313599385
177.3754772514136
174.46214875791065
171.55775769156924
168.66228475542047
165.7757113194412
162.89801942055288
160.0291917626236
157.16921171646763
154.3180633198434
151.4757312774562
148.64220096095752
145.8174584089431
143.0014903269555
140.19428408748234
137.39582772995846
134.60610996076167
131.8251201532184
129.0528483475995
126.28928525112048
123.53442223794463
120.78825134918006
118.05076529288023
115.32195744404453
112.60182184461854
109.89035320349294
107.1875468965045
104.49339896643656
101.807906123016
99.13106574291616
96.46287586975883
93.80333521410809
91.15244315347458
88.5101997323164
85.87661129478465
83.25177318854931
80.63570521125422
78.02840165481139
75.4298723109441
72.8401424711857
70.2592529268802
67.6872599691811
65.12423538905311
62.570266477271524
60.02545602442073
57.489922320896795
54.96379915690584
52.447235822463746
49.94039710739739
47.4434633013442
44.95663019375091
42.48010907387583
40.01412673078733
37.55892545336337
35.115020814265385
32.68293319547213
30.263074309915428
27.856194506886204
25.4633837608697
23.086071671544687
20.726027463784998
18.385359987659054
16.0665383234141
13.774003990536304
11.512125101426436
9.291108464298162
7.129813411499757
5.055785580308957
3.123038957851003
1.4687790815629502
0.38987631289036884
0.04993580312405715
0.0049725014125016
0.0006949500619700752
0.00030485743154349984
0.00026857941968044086
0.0002644066141236574
0.00026313433306236945
0.00026213830667465017
0.000261167018995872
0.00026021493831598875
0.00025926920450917475
0.00025832938629811135
0.00025740079698608484
0.00025645199830818524
0.00025553695980172817
0.0002546122088719074
0.00025374809195896343
0.0002529745843750391
0.0002524128888964965
0.00025216497846057226
0.00025226783579151166
0.00025280138615295573
0.0002537792225019114
0.00025516694248577874
0.00025691145078777134
0.00025892235790533235
0.0002611166252261482
0.00026344531107910525
0.0002658893595948254
0.0002683984375836217
0.00027096807501491947
0.00027359655899656765
0.0002762682716092204
0.00027899692111107267
0.00028175380775033655
0.0002845585184119533
0.00028740817605530197
0.0002902942131380463
0.00029321497915315615
0.0002961837977862714
0.00029919516411044657
0.000302241647162557
0.00030532840119940264
0.0003084566912819963
0.00031162548198790006
0.0003148372534855092
0.00031808558916174203
0.0003213867870586574
0.00032471895493190676
0.00032809980693969225
0.00033153004110583626
0.0003350003884061137
0.00033851135917964273
0.00034207569808576867
0.00034568549812907177
0.00034934542018745843
0.00035303316161331013
0.0003567971193336437
0.00036059219232470235
0.0003644477851441423
0.000368349288846924
0.00037230116732312607
0.00037630591644993337
0.00038036451306497224
0.000384481331880387
0.0003886504018516727
0.00039288012917313017
0.0003971608049415798
0.00040149250519386237
0.00040589013360087397
0.0004103479801518741
0.0004148640594569177
0.00041943923775679013
0.0004240894268985715
0.0004287863163954618
0.00043355340531950624
0.00043838754445791787
0.0004433064934138542
0.0004482685251340279
0.00045330689291810735
0.0004584171424223222
0.0004636000826788291
0.0004688486467034342
0.0004741780454255679
0.0004795789730169999
0.00048506334767391764
0.000490616636361889
0.0004962518955203926
0.0005019685141875259
0.0005077649295782694
0.000513651220315345
0.0005196173085887023
0.0005256685364581615
0.0005318111887146014
0.0005380456369187064
0.0005443591139438484
0.0005507816445701783
0.000557295252546001
0.0005639000349408589
0.0005705940221011969
0.0005773963875131119
0.0005843062691705596
0.0005913094064262422
0.0005984180844738762
0.0006056525296655411
0.0006129724381611532
0.0006204261065674108
0.0006279733796846076
0.0006356446092895
0.00064343388329015
0.0006513542282286602
0.0006593874167524982
0.0006675342621176584
0.0006758251978446234
0.0006842351070915515
0.0006927835904288239
0.0007014663356853656
0.0007102796521212851
0.0007192389319167219
0.0007283437657290096
0.0007375926860259946
0.0007469951766449035
0.000756540503517498
0.0007662343711443247
0.0007761112356312995
0.0007861256360138765
0.0007963157959231212
0.0008066733944841314
0.0008172058460547936
0.0008279067919057779
0.0008387933847311903
0.0008498587549175591
0.0008611119305490586
0.0008725466310120838
0.0008841915930634095
0.000896015615475318
0.0009080494846634873
0.0009203005995956584
0.0009327605766600096
0.000945423181980998
0.0009583169886259066
0.0009714392985855344
0.0009847924373858374
0.00099836386199474
0.0010122052536842027
0.0010262831859365882
0.0010405992502125678
0.001055185912754537
0.001070030439304593
0.0010851460048960542
0.0011005389671057697
0.0011162162950249996
0.0011321805218139315
0.001148445938008475
0.001164966079626412
0.0011818609854488652
0.0011990583860377066
0.001216579523710409
0.0012344182394226192
0.0012526073054608645
0.0012711431483113048
0.0012900428864475897
0.0013093002426528245
0.0013289348941491936
0.0013489442526377119
0.001369358929086532
0.0013901693129058131
0.0014114316019194948
0.0014330716562332181
0.0014551578883287535
0.0014776994187730606
0.0015006944221841833
0.0015241651542010103
0.001548054942027964
0.0015725199763183659
0.0015974669239581267
0.0016229433853200597
0.001648948254379018
0.0016755036377132384
0.0017026205281871032
0.0017303170297567835
0.0017586152757878468
0.0017875247643423643
0.001817051424846201
0.0018472229802259774
0.0018780582618564703
0.0019095890001023376
0.0019418368838043203
0.0019747927069877075
0.002008480567377936
0.0020429350963757317
0.002078192087737421
0.002114272074465519
0.0021511418598893885
0.0021889117646396892
0.002227551321116095
0.002267113639152227
0.002307574662098
0.0023490582814366195
0.002391517684940983
0.002435010905448303
0.0024795592205775915
0.002525191569807029
0.0025719740566838515
0.002619921932304838
0.0026690740052023633
0.0027194687164291765
0.002771127673822934
0.0028241493280618053
0.002878502371394276
0.0029342877787478685
0.0029915411884979394
0.003050307849620283
0.003110634595992862
0.0031725836840551694
0.0032362140613154916
0.00330154608252382
0.00336872285396748
0.003437728878603165
0.0035086783734641393
0.003581604203942094
0.0036566086127764485
0.003733779639316716
0.0038131532620610874
0.003894863196526592
0.003978935094912755
0.004065497383340846
0.00415467520745153
0.004246532453660568
0.004341190159478127
0.004438740518869104
0.00453930250551861
0.00464300398464172
0.0047500191268292
0.004860413541313364
0.004974337978939259
0.005091968665989564
0.005213457437553983
0.0053389726437580425
0.005468683296341901
0.005602776010899308
0.005741374490014557
0.005884821619629705
0.006033242035860303
0.006186915049077576
0.006346004599647887
0.00651078424707093
0.006681603338527131
0.006858708860412104
0.007042366116780052
0.007232918690454573
0.007430744758073266
0.007636178982991507
0.00784958618582956
0.008071381111320351
0.008302070021069594
0.00854202310343265
0.008791798564343527
0.009051905144061333
0.00932289784031671
0.009605426788652624
0.009900098345459846
0.010207592999010147
0.01052870621689371
0.010864174536538285
0.011214996969151887
0.011581899975363907
0.011965974342418683
0.012368183634897311
0.012789992927070356
0.013232247815225548
0.013696563550147964
0.014184245708476288
0.014697060100437262
0.015236523868172027
0.01580441837289331
0.016403101888876018
0.017034597881161382
0.017701271971483808
0.01840589949574877
0.01915134345819818
0.019940442811175536
0.020777280006182657
0.021665205041443116
0.02260851612226698
0.02361219596110153
0.024680972089797488
0.025820930001775183
0.02703826752627707
0.028340553488848994
0.029735012880049105
0.031231037933960964
0.032838646683678356
0.03456915486877232
0.036435169627796166
0.03845148553529772
0.04063468510866136
0.043002877596870354
0.045578379409498326
0.04838586184166524
0.05145401930862463
0.05481736932371332
0.058512158040205826
0.06258587385279744
0.06709223862234165
0.07209399125954075
0.07766812998707492
0.083905514241649
0.09091639722906024
0.0988358458767429
0.10782904374932632
0.1181019225318864
0.12991299533101977
0.14359045833950312
0.15955508134955868
0.17835745342757853
0.20072419538565567
0.22763645889900633
0.2604368954371171
0.30101375975875844
0.35207019162923514
0.4175982344413739
0.5036210195702866
0.6195881447504925
0.7806252087057167
1.0117297592433527
1.3546492485743036
1.8792941135556822
2.698343572872538
3.9791747194200973
5.933366540396864
8.755711227556741
12.574488968443319
17.39753223958916
23.078328383190872
29.326705139522346
35.822670437658445
42.357818577721886
48.868274755021986
55.356576146796854
61.820657836674826
68.26142846407969
74.67970251752652
81.07612896795824
87.45110395929673
93.8049791116249
100.13807541958573
106.45068325238444
112.74306235379106
119.01544184213556
125.2680202103102
131.50096532577209
137.71441443053803
143.90847414118736
150.0832462193048
156.23887251729153
162.37546166790133
168.4931146424052
174.59192844282205
180.67199610192114
186.733406683224
192.77624528100046
198.8005930214375
204.80653230754695
210.7941412380274
216.76349130788702
222.71465312431198
228.6476964066623
234.5626899864747
240.4597018074612
246.3387989255118
252.20004750869037
258.0435128372371
263.86925930356955
269.6773504122796
275.46784878013545
281.2408161360826
286.99631332124056
292.73440028890593
298.4551361045515
304.1585789458259
309.8447861025517
315.5138139767316
321.16571808254025
326.80055310007225
332.418378297384
338.01925125132925
343.6032259100958
349.1703559985756
354.72069501836086
360.2542962477458
365.7712127417289
371.2714973320088
376.75520262698694
382.2223810117662
387.67308464815375
393.1073654746567
398.5252752064847
403.9268653355513
409.31218713047014
414.68129163655726
420.03422967583276
425.3710518470166
430.6918085255315
435.99654986350396
441.28532578976035
446.5581860098302
451.8151800059461
457.0563570370414
462.28176613875104
467.4914561234155
472.6854755800736
477.86387287446786
483.02669614904386
488.17399332294804
493.3058120920281
498.4221999288375
503.5232040826287
508.60887157935673
513.6792492216784
518.7343835889551
523.7743210372497
528.7991076993236
533.8087894846456
538.8034120793818
543.7830209464055
548.7476613252865
553.6973782323031
558.6322183082945
563.5522292903261
568.4574558750136
573.3479425835906
578.2237338047792
583.0848737947895
587.9314066773236
592.7633764435692
597.5808269522038
602.3838019293935
607.1723449687937
611.946499531547
616.7063089462887
621.4518164091388
626.183064983708
630.9000976010955
635.602957059889
640.2916860261644
644.9663270334894
649.6269224829174
654.2735146429915
658.9061456497438
663.5248575066951
668.1296920848538
672.7206911227208
677.2978962262822
681.8613488690137
686.4110903918805
690.9471620033362
695.4696047793233
699.9784596632719
704.4737674661046
708.9555688662286
713.4239044095423
717.8788145094314
722.3203394467721
726.7485193699272
731.1633942947516
735.5650041045855
739.9533885502607
744.3285872500953
748.6906396898981
753.039585222965
757.3754630700839
761.6983123195283
766.0081719270618
770.3050807159359
774.5890773768923
778.8602004681594
783.118488415458
787.3639795119951
791.5967119184666
795.8167236630566
800.0240526414397
804.2187366167797
808.4008132197248
812.5703199484186
816.72729416849
820.8717731130556
825.0037938827222
829.1233934455862
833.2306086372294
837.3254761607276
841.4080325866432
845.478314353025
849.5363577654141
853.5821989968357
857.6158740878104
861.6374189463448
865.646869347931
869.644260935552
873.6296292196824
877.6030095782846
881.5644372568056
885.5139473681849
889.4515748928501
893.3773546787207
897.2913214411975
901.1935097631779
905.0839540950427
908.9626887546632
912.8297479274007
916.6851656661056
920.5289747036528
924.3612016614917
928.1818805686598
931.9910467677194
935.7887353763415
939.5749812873011
943.3498191684804
947.1132834628685
950.8654083885605
954.606227938757
958.3357758817681
962.0540857610076
965.7611908949965
969.4571243773624
973.1419190768391
976.8156076372666
980.478222477593
984.1297957918712
987.770359549261
991.3999454940284
995.0185851455465
998.6263097982943
1002.2231505218567
1005.8091381609275
1009.3843033353045
1012.9486764398924
1016.5022876447035
1020.0451668948549
1023.5773439105707
1027.0988481871832
1030.609708995129
1034.109955379952
1037.5996161623025
1041.078719937937
1044.5472950777175
1048.0053697276164
1051.4529718087078
1054.8901290171748
1058.316868824307
1061.7332184764985
1065.1392049952515
1068.5348551771756
1071.9201955939848
1075.2952525925004
1078.6600522946508
1082.0146205974695
1085.3589831730974
1088.6931654687808
1092.017192706875
1095.331089884839
1098.6348817752403
1101.9285929257508
1105.2122476591499
1108.4858700733237
1111.7494840412649
1115.0031132110723
1118.246781005952
1121.4805106242136
1124.7043250392767
1127.9182469996656
1131.1222990290116
1134.3165034260521
1137.5008822646328
1140.6754573937014
1143.8402504373155
1146.99528279464
1150.1405756399433
1153.2761499226033
1156.402026367102
1159.5182254730275
1162.624767515077
1165.7216725430517
1168.8089603818607
1171.8866506315203
1174.954762667149
1178.0133156389766
1181.0623284723392
1184.1018198676745
1187.1318083005317
1190.1523120215656
1193.1633490565343
1196.1649372063057
1199.15701727024
1202.1394987098593
1205.112447500235
1208.0759245731344
1211.0299825678417
1213.9746658311592
1216.9100104174079
1219.836044088427
1222.7527863135729
1225.6602482697228
1228.5584328412697
1231.4473346201255
1234.3269399057206
1237.1972267050035
1240.058164732441
1242.909715410017
1245.7518318672362
1248.5844589411195
1251.4075331762062
1254.2209828245543
1257.02472784574
1259.8186799068567
1262.602742382518
1265.3768103548548
1268.1407706135153
1270.894501655667
1273.6378736859954
1276.3707486167034
1279.092980067514
1281.804413365667
1284.5048855459206
1287.1942253505513
1289.8722532293539
1292.5387813396412
1295.193613546245
1297.8365454215143
1300.4673642453174
1303.0858490050393
1305.6917703955853
1308.2848908193766
1310.8649643863537
1313.4317369139767
1315.9849459272227
1318.524320658586
1321.0495820480803
1323.5604427432374
1326.1991793610548
1329.2063060771204
1332.4900926871587
1335.9547169694806
1339.5103060119932
1343.0729362122008
1346.5646332772044
1349.9133722237032
1353.0530773779922
1355.9236223759633
1358.4708301631053
1360.6464729945046
1362.4082724348436
1363.7198993584032
1364.5509739490592
1364.8770657002854
1364.6796934151528
1363.9463252063294
1362.6703784960785
1360.851220016263
1358.4941658083403
1355.6104812233655
1352.2173809219917
1348.3380288744672
1344.0015383606385
1339.24297196995
1334.1033416014398
1328.6296084637447
1322.8746830751008
1316.8974252633357
1310.762644165879
1304.541098229758
1298.3094952115882
1292.1504921775909
1286.0863443252115
1280.0139433102113
1273.933059083153
1267.8479427973048
1261.7624204791205
1255.679893028249
1249.6033362175278
1243.5353006929859
1237.4779119738416
1231.4328704525042
1225.401451394575
1219.384504938841
1213.3824560972841
1207.3953047550763
1201.4226256705783
1195.4641750866062
1189.5212871604954
1183.594160403699
1177.6828766149526
1171.7875127052625
1165.908140697909
1160.0448277284456
1154.1976360447006
1148.3666230067713
1142.5518410870325
1136.7533378701307
1130.9711560529865
1125.205333444793
1119.4559029670186
1113.7228926534003
1108.0063256499527
1102.3062202149633
1096.6225897189913
1090.9554426448706
1085.3047825877075
1079.6706082548835
1074.0529134660492
1068.451687153133
1062.866913360334
1057.2985712441262
1051.7466350732557
1046.2110742287443
1040.691853203882
1035.1889316042377
1029.7022641476503
1024.2318006642329
1018.7774860963742
1013.3392604987308
1007.9170590382382
1002.5108176544942
997.1205592587016
991.7462693726769
986.3879064798416
981.0454290617856
975.7187955982627
970.4079645671977
965.112894444682
959.8335437049741
954.5698708205001
949.3218342618535
944.0893924977964
938.872503995255
933.6711272193262
928.4852206332735
923.3147426985272
918.1596518746861
913.0199066195171
907.8954653889504
902.7862866370882
897.6923288161985
892.6135503767166
887.5499097672456
882.501365434557
877.4678758235865
872.4493993774407
867.4458945373914
862.45731974288
857.483633431514
852.5247940390688
847.580759999485
842.6514897448747
837.7369417055144
832.8370743098491
827.9518459844911
823.0812151542212
818.2251402419865
813.3835796688999
808.5564918542452
803.7438352154722
798.9455681681974
794.1616491262047
789.3920365014478
784.6366887040451
779.895564142284
775.1686212226172
770.4558183496681
765.7571139262266
761.0724663532475
756.4018340298567
751.7451753533444
747.1024487191712
742.4736125209618
737.8586251505118
733.2574449977807
728.6700322363341
724.096349964094
719.5363580808363
714.9900164518849
710.4572850503549
705.938123957153
701.4324933609784
696.9403535583181
692.4616649534541
687.9963880584587
683.5444834931952
679.1059119853189
674.6806343702772
670.2686115913057
665.8698046994346
661.4841748534847
657.1116833200676
652.7522914735871
648.4059607962388
644.0726528780069
639.75232941667
635.444952217797
631.1504831947483
626.8688843686758
622.6001178685235
618.3441459310244
614.1009309007046
609.8704352298826
605.6526214786661
601.447452314956
597.2548905144433
593.0748989606126
588.9074406447359
584.7524786658797
580.6099762309019
576.4798966544502
572.3622033589653
568.2568598746789
564.163829839612
560.0830769995803
556.0145652081883
551.9582584268339
547.9141207247048
543.8821162787827
539.862209373835
535.8543644024267
531.8585458649119
527.8747183694345
523.9028466319327
519.9428954761346
515.9948298335587
512.0586147435158
508.1342153531093
504.22159691723215
500.32072479857004
496.4315644675993
492.55408150258813
488.6882415895948
484.8340105224712
480.9913542028588
477.1602386401908
473.34062995169336
469.5324943623823
465.7357982050645
461.95050792034004
458.1765900565983
454.41401127002234
450.6627383245846
446.9227380920518
443.1939775519769
439.47642379170935
435.7700440063872
432.0748054989424
428.3906756800952
424.71762206835837
421.0556122900366
417.4046140792273
413.7645952778165
410.13552383548154
406.5173678096956
402.9100953657187
399.3136747766023
395.7280744231931
392.15326279412443
388.58920848582363
385.0358802025125
381.49324675619675
377.9612770666818
374.43994016155665
370.92920517620695
367.42904135380473
363.9394180453231
360.4603047095159
356.9916709129385
353.5334863299224
350.0857207426079
346.6483440409127
343.2213262225579
339.8046373930476
336.3982477656819
333.0021276615462
329.61624786540153
326.2405827862967
322.8751033961067
319.5197795922196
316.17458147082397
312.8394793269092
309.5144436542625
306.1994451454736
302.8944546919318
299.5994433838264
296.314382510147
293.0392435586841
289.7739982160262
286.5186183675641
283.2730760974882
280.03734368878895
276.811393623257
273.5951985814842
270.3887314428599
267.1919652855763
264.00487338662464
260.82742922179693
257.6596064656848
254.50137899168087
251.35272087197615
248.21360637756356
245.0840099782358
241.96390634258586
238.85327033800615
235.75207703069046
232.66030168563256
229.5779197666247
226.504906936261
223.44123905593574
220.3868921858426
217.34184258497646
214.3060667111325
211.27954122090347
208.2622429696852
205.25414901167284
202.25523659986138
199.26548318604623
196.28486642082441
193.3133641535896
190.3509544325387
187.39761550466758
184.45332581577335
181.51806401045275
178.59180893210151
175.67453962291702
172.7662353238972
169.86687547483803
166.9764397143369
164.09490787979337
161.22226000740383
158.35847633216684
155.50353728788073
152.65742350714393
149.82011582135482
146.99159526071213
144.17184305421532
141.3608406296647
138.55857567158617
135.76507115353476
132.98030910624504
130.20426471535254
127.43691611903941
124.6782444080351
121.92823362561376
119.18687076759805
116.45414578235668
113.730051570805
111.01458398640494
108.30774183516577
105.60952687564144
102.91994381893433
100.23900032869312
97.56670702111283
94.90307746493514
92.2481281814486
89.60187864448896
86.96435128043613
84.33557146821967
81.71556753931422
79.10437077774135
76.5020154200693
73.90853865541321
71.32398062543376
68.74838442433987
66.18179609888553
63.62426464837179
61.075842024648125
58.53658313210937
56.006545827694175
53.485973149063696
50.97505796313791
48.47380771925012
45.98232626723097
43.50081418409376
41.02956877403214
38.56898406842354
36.11955082582697
33.6818565319835
31.25658539981631
28.84451836943056
26.44653310811409
24.063604010335474
21.6968021977464
19.347606200352082
17.018986132814142
14.713862722557378
12.437969394803448
10.200237448876385
8.01283736252354
5.904609019597969
3.894873833387008
2.0906916538353197
0.7337158391082359
0.12248027961021472
0.012557589412377031
0.0013371223195935728
0.00031043824309944906
0.00021893750396674347
0.0002122956234958123
0.0002134188920665997
0.00021530080154352006
0.0002173020053728353
0.000219345690359995
0.00022142488015200156
0.000223525410588333
0.00022564515369999952
0.00022778055596664557
0.00022996520764156906
0.0002321809110293412
0.0002344103383933828
0.00023667984555822874
0.00023897619493342662
0.00024130154482226616
0.00024367797132622237
0.0002460486415356591
0.0002484715068871961
0.0002509109222665652
0.00025338761584556394
0.0002558970235504316
0.0002584292514924826
0.0002610074727550727
0.00026360241684168865
0.00026623538227622476
0.00026890020997748747
0.00027159772234196293
0.0002743294869044637
0.0002771042078932103
0.00027988759892513934
0.00028271714990035605
0.0002855928541003
0.0002884990889032278
0.0002914371032732654
0.0002944190173234504
0.0002974339391426431
0.0003004821799851816
0.00030357564938818634
0.0003067037089082367
0.00030987224382598354
0.0003130858570567653
0.00031632761564533
0.00031961260857730215
0.00032294297743072273
0.00032632539541773185
0.0003297375058906849
0.0003332034598315617
0.00033670507530860155
0.000340256620709976
0.0003438562608556289
0.00034749438327396606
0.00035117468709397893
0.00035492353653160646
0.0003587093597401923
0.00036254886900209514
0.0003664230089409089
0.0003703672859073329
0.0003743562378560261
0.0003783933187039975
0.0003824906874316401
0.000386640312869426
0.00039083908016162883
0.000395096033936928
0.00039941687394487213
0.000403792581608056
0.00040822933278227724
0.0004127221725110836
0.0004172744370810237
0.0004218971283852173
0.000426574346682196
0.0004313198358299069
0.00043612920567328493
0.0004410109622433178
0.00044595302477463917
0.0004509574808777875
0.0004560392947868078
0.00046119384440833344
0.000466419678873381
0.000471718924613072
0.000477092124004936
0.00048254158185280033
0.0004880603423426717
0.0004936617074232076
0.0004993485272209525
0.0005051142721357477
0.0005109656421747136
0.0005168983050184169
0.0005229170417722497
0.0005290164905490962
0.000535209362779596
0.000541495147495566
0.0005478732793166942
0.0005543425852853649
0.000560906079008596
0.0005675721776562866
0.000574332398821831
0.0005811931234861961
0.000588155594892019
0.0005952280559184481
0.0006024066320024624
0.0006096949940196653
0.0006170874129873266
0.00062459472739198
0.0006322209918330629
0.0006399646549707595
0.0006478214155657923
0.0006558000899365323
0.0006639027034203377
0.0006721357108498033
0.0006804973737317597
0.0006889856967223424
0.000697613189775133
0.0007063790009513967
0.0007152759086470748
0.0007243172301482045
0.000733500282631736
0.0007428352421810393
0.0007523197491524837
0.0007619588294953492
0.0007717570189507025
0.0007817137943257904
0.0007918306836294554
0.0008021161612953356
0.000812574204276334
0.0008232038040672671
0.0008340094050441289
0.0008449968041587874
0.0008561706295585276
0.0008675336500453825
0.0008790797946794249
0.0008908306675943873
0.0009027827644210085
0.0009149406712660109
0.0009273055161648231
0.000939884785911017
0.0009526948273344316
0.0009657148511252584
0.0009789644662027178
0.0009924495212976067
0.001006172678572832
0.0010201418651918162
0.001034358185411669
0.0010488368063899668
0.0010635693023821734
0.001078579391129873
0.001093846913457089
0.0011094018326052299
0.001125247144714006
0.0011413807782960838
0.0011578241465891722
0.0011745637387319452
0.0011916188026472338
0.0012089875972431708
0.0012266980352195992
0.0012447429625216772
0.0012631182008573977
0.0012818580679006082
0.0013009684265640011
0.0013204469684581278
0.0013403037057126044
0.0013605501433909186
0.0013811946127039855
0.0014022538133862945
0.0014237199178534262
0.0014456211053737193
0.0014679746834036838
0.0014907760202987508
0.001514044322573623
0.001537793523764721
0.0015620169824186144
0.0015867457585521123
0.0016119831142378184
0.00163777709863006
0.0016640957937421133
0.0016909750776842947
0.0017184321114909827
0.00174646143879264
0.0017751148650436673
0.0018043764981867073
0.0018342848594550796
0.0018648529296896497
0.0018960913138152892
0.0019280228064068724
0.001960680459446497
0.0019940712839297907
0.0020282050324627724
0.0020630820766573553
0.0020988271541640454
0.0021353746712096033
0.0021727662881449606
0.002211032042674343
0.002250188193029515
0.0022902851348003098
0.00233134621827573
0.0023733827736027884
0.0024164370610030173
0.002460541340088655
0.0025057142029426193
0.0025520124638805522
0.002599471188871817
0.0026481159582841755
0.0026979615487607096
0.002749097295588061
0.002801550301067863
0.0028553532701382236
0.002910536081378527
0.0029671573736767772
0.0030252840957238716
0.0030849381690904285
0.003146197223771698
0.003209115459103498
0.0032737515663303794
0.0033401424560684082
0.0034083954282119727
0.003478512135823481
0.0035506266681889207
0.0036247224656219858
0.0037009876854879865
0.0037794324110544354
0.0038601536474761906
0.003943219600372547
0.004028772634378148
0.00411681899933066
0.00420756247273495
0.004301042939827429
0.004397354623948566
0.004496649547403062
0.004599031608568235
0.004704619943128999
0.004813592673113078
0.0049260391044345575
0.005042145957365625
0.005161966684475334
0.005285788772700111
0.005413737392929708
0.005545953871841978
0.005682678141715732
0.005824095598777375
0.005970386086390059
0.006121992096321424
0.006278731573590709
0.0064410395791452725
0.0066093728965670095
0.006783845705656445
0.006964776237135417
0.007152428200806476
0.007347213900592403
0.007549373844643839
0.007759451360611063
0.007977726581585357
0.008204666790598683
0.008440682914059784
0.008686390246179837
0.008942144040011884
0.009208532635496976
0.009486191991457567
0.009775725716828998
0.010077884500641952
0.010393230611268041
0.010722667984119773
0.01106699577842936
0.011426965279850229
0.011803911519907046
0.012198525246859182
0.012611991316967754
0.013045603468495679
0.013500533997125934
0.013978390591658764
0.014480467797755516
0.01500870873428292
0.01556455601097811
0.016150255952735268
0.016767863144608597
0.017419591270859326
0.018108121814519842
0.018836191708088455
0.019606806590627773
0.020423428297970243
0.02128974722469856
0.02220966417862608
0.023187679995672523
0.024228848432951644
0.025338725769365515
0.026523369313885298
0.027789617740201496
0.029145077696742027
0.03059802931724064
0.03215852445007187
0.03383712341295791
0.035645662075620546
0.03759830159770133
0.03971038207088284
0.04200045423110006
0.04448642663204704
0.04719558253192669
0.05015319179611175
0.0533896696577789
0.05694288073775565
0.060853822537178255
0.06517403472388335
0.06996330158111742
0.07529045303564437
0.08124103031211503
0.08791758969930324
0.09544374292273605
0.10397126498866678
0.11368842301906243
0.1248302506346178
0.1376943052065576
0.1526599283883822
0.17021991702083109
0.1910221315904737
0.2159288938096912
0.2461174168513415
0.2832227724253611
0.3295660767436737
0.38853727360702683
0.46520514909040506
0.5673987144938374
0.7075090145202657
0.9059234639883417
1.1960596467299607
1.6349301388419686
2.315682543232627
3.38304626040517
5.0334878462663015
7.479334467756327
10.879978712080472
15.302824848502665
20.658628212432493
26.71763589914481
33.14329307318945
39.67448538487093
46.201664932829665
52.69863488449275
59.17260947622361
65.62290391877555
72.05038292642689
78.45571852066253
84.83947293018608
91.2020475215769
97.5437394773128
103.86482402183438
110.16555442154532
116.44616198481036
122.70685606196196
128.9478240452906
135.1692313690513
141.371221509462
147.55391598470348
153.71741435491776
159.86181037894883
165.98723481727941
172.0937828103493
178.18154387412352
184.25060551502958
190.30105322995743
196.33297050625805
202.3464388217491
208.34153764470634
214.3183444338697
220.27693463844113
226.21738169808518
232.13975704292778
238.0441300935608
243.93056826103492
249.79913694686408
255.64989954302575
261.4829174319592
267.29825052317597
273.09596744752014
278.8761311472007
284.6388004151977
290.384033708062
296.1118891459147
301.8224245124462
307.5156972549212
313.19176448417113
318.850682974599
324.49250916417833
330.1172991544533
335.7251087105382
341.31599326111694
346.89000789844744
352.44720737835434
357.9876461202344
363.51137820705384
369.0184573853505
374.50893706523107
379.9828703203757
385.4403098880326
390.88130816902134
396.3059172277307
401.7141887921213
407.10617425372226
412.4819246676385
417.84149075253924
423.18492289066654
428.51227112783334
433.82358517342266
439.1189144003879
444.3983078452523
449.6618142081129
454.909481852633
460.14135897221774
465.35749763183014
470.55794759096113
475.7427566478433
480.91197245198157
486.0656425041457
491.20381415637553
496.3265346119795
501.4338509255347
506.5258100028857
511.6024586011493
516.6638433287073
521.7100106452117
526.7410068615828
531.7568781400095
536.7576704939487
541.7434297881289
546.7142017385443
551.6700319124582
556.6109657284035
561.5370484561809
566.4483252168592
571.3448409827793
576.2266405775467
581.0937686760374
585.9462698043958
590.784188340035
595.6075685116365
600.4164543991496
605.210889933796
609.990918898062
614.7565849257039
619.5079315017472
624.2450019624852
628.9678394954793
633.6764871395632
638.3709877848348
643.0513841726629
647.7177188956847
652.3700343978055
657.0083729741988
661.6327767713096
666.2432877868489
670.8399478697971
675.4227987204035
679.9918818901855
684.5472387819271
689.088910649688
693.6169385987889
698.1313635858229
702.6322264186508
707.1195677564034
711.5934281094773
716.0538478395403
720.5008671595282
724.9345261336456
729.354864677365
733.7619225574296
738.1557393918472
742.5363546498993
746.9038076521313
751.2581375703609
755.5993834276733
759.9275840984224
764.2427783082301
768.545004633985
772.8343015038524
777.1107072980035
781.3742610840414
785.625002135136
789.8629695564637
794.0882022844731
798.3007390868892
802.5006185627067
806.6878791421946
810.862559086895
815.0246964896231
819.1743292744675
823.3114951967885
827.4362318432228
831.5485766316771
835.6485668113322
839.7362394626421
843.8116314973329
847.8747796584067
851.9257205201359
855.964490488067
859.9911257990194
864.005662521086
868.0081365536325
871.9985836272978
875.977039303994
879.9435389769063
883.8981178704909
887.8408110404832
891.7716533738859
895.6906795889764
899.5979242353056
903.4934216936973
907.3772061762486
911.2493117263297
915.1097722185837
918.958621358927
922.795892684549
926.6216195639126
930.4358351967534
934.2385726140782
938.0298646781727
941.8097440825903
945.5782433521592
949.3353948429809
953.0812307424295
956.8157830691525
960.539083673071
964.2511642353787
967.9520562685423
971.6417911163018
975.3203999536707
978.9879137869336
982.6443634536531
986.2897796226601
989.9241927940603
993.547633299232
997.1601313008279
1000.7617167927727
1004.3524196002643
1007.9322693797736
1011.5012956190459
1015.0595276370983
1018.6069945842216
1022.143725441979
1025.669749023206
1029.1850939720157
1032.68978876379
1036.1838617051849
1039.6673409341297
1043.140254419826
1046.602629962751
1050.0544951946522
1053.495877578552
1056.9268044087455
1060.3473028108
1063.7573997415568
1067.1571219891296
1070.5464961729072
1073.9255487435505
1077.2943059829913
1080.6527940044382
1084.00103875237
1087.33906600254
1090.6669013619737
1093.9845702689715
1097.2920979931055
1100.5895096352199
1103.876830127436
1107.1540842331417
1110.4212965470026
1113.678491494962
1116.9256933342258
1120.162926153278
1123.3902138718793
1126.607580241057
1129.8150488431168
1133.0126430916346
1136.2003862314605
1139.3783013387156
1142.546411320799
1145.704738916376
1148.853306695393
1151.9921370590628
1155.121252239876
1158.2406743015931
1161.3504251392476
1164.4505264791499
1167.5409998788793
1170.6218667272913
1173.6931482445102
1176.7548654819393
1179.8070393222501
1182.8496904793924
1185.8828394985833
1188.9065067563147
1191.920712460356
1194.9254766497447
1197.9208191947907
1200.9067597970827
1203.883317989476
1206.850513136108
1209.808364432375
1212.756890904962
1215.705353382968
1218.7879442400586
1222.0342519760393
1225.4257457663693
1228.9443414619768
1232.5724015892476
1236.2927353500334
1240.0885986216485
1243.9436939568714
1247.8421705839435
1251.7686244065696
1255.7080980039186
1259.6460806306222
1263.5685082167756
1267.4617633679375
1271.3126753651302
1275.1085201648373
1278.8370203990119
1282.486345375064
1286.0451110758697
1289.5023801597686
1292.847661960563
1296.0709124875198
1299.1625344253675
1302.1133771343
1304.9147366499737
1307.558355683508
1310.0364236214862
1312.3415765259545
1314.4668971344254
1316.4059148598708
1318.1526057907276
1319.7013926908974
1321.0471449997426
1322.1851788320912
1323.1112569782345
1323.821588903926
1324.3128307503832
1324.5820853342875
1324.626902147784
1324.445277358479
1324.0356538094454
1323.3969210192172
1322.528415181793
1321.4299191666337
1320.1016625186646
1318.5443214582747
1316.7590188813156
1314.7473243591032
1312.5112541384158
1310.0532711414937
1307.3762849660454
1304.4836518852403
1301.3791748477088
1298.0671034775485
1294.5521340743162
1290.839409613036
1286.9345197441958
1282.8435007937433
1278.5728357630912
1274.129454329117
1269.5207328441604
1264.7544943360267
1259.839008507978
1254.7829917387505
1249.5956070825337
1244.286464268988
1238.8656197032285
1233.343576465842
1227.7312843128768
1222.040139675843
1216.2819856617143
1210.4691120529296
1204.6142553073917
1198.73059855846
1192.8317716149652
1186.9318509611987
1181.0453597569149
1175.1872678373354
1169.3663067660261
1163.559351616772
1157.7629156685455
1151.9773560314584
1146.2030180523943
1140.4402353150085
1134.6893296397286
1128.9506110837542
1123.2243779410567
1117.51091674238
1111.8105022552397
1106.1233974839233
1100.4498536694935
1094.7901102897763
1089.1443950593782
1083.512923929675
1077.8959010888148
1072.2935189617172
1066.705958210074
1061.133387732349
1055.5759646637787
1050.0338343763704
1044.507130478904
1038.9959748169322
1033.500477472781
1028.0207367655412
1022.5568392510845
1017.1088597220494
1011.6768612078492
1006.2608949746675
1000.8610005254613
995.4772055999576
990.1095261746574
984.7579664628332
979.422518914528
974.1031642165605
968.799871292516
963.5125973027594
958.2412876444182
952.9858759513985
947.7462840943772
942.5224221808012
937.3141885548938
932.1214697976458
926.9441407268209
921.7820643969593
916.6350920993648
911.5030633621225
906.3858059500805
901.283186259249
896.1955897805617
891.1231066183122
886.0656950697357
881.0233135063907
875.9959203741586
870.9834741932447
865.9859335581773
861.0032571378083
856.0354036753126
851.0823319881888
846.1440009682585
841.2203695816668
836.3113968688845
831.4170419446986
826.5372639982264
821.6720222929067
816.8212761665009
811.9849850310941
807.1631083730948
802.3556057532348
797.5624368065689
792.783561242476
788.0189388446572
783.2685294711383
778.5322930542694
773.8101896007179
769.1021791914812
764.4082219818777
759.728278201549
755.0623081544605
750.4102722189003
745.7721308474801
741.1478445671352
736.537373979124
731.9406797590283
727.3577226567526
722.7884634965261
718.2328631769021
713.6908826707523
709.1624830252762
704.6476253619957
700.146270876756
695.6583808397259
691.1839165953967
686.7228395625843
682.2751112344257
677.8406931783837
673.419547036243
669.0116345241121
664.616917432425
660.2353576259322
655.8669170437147
651.511557699174
647.1692416800349
642.8399311483463
638.5235883404795
634.2201755671298
629.9296552133158
625.6519897383783
621.3871416759839
617.1350736341199
612.8957482950985
608.6691284155576
604.455176826449
600.253856433059
596.0651302149919
591.888961226176
587.7253125948625
583.5741475236276
579.4354292893679
575.3091212433089
571.1951868109908
567.0935894922853
563.0042928613831
558.9272605668028
554.8624563313749
550.8098439522672
546.7693873009632
542.7410503232717
538.7247970393237
534.7205915435748
530.7283980048034
526.7481806661095
522.779903844921
518.8235319329856
514.8790293963744
510.94636077548284
507.02549068503305
503.11638381405857
499.21900492592806
495.3333188583316
491.45929052328063
487.596884907109
483.7460701793495
479.90682089515
476.07910328033347
472.262883080624
468.458126168274
464.664798542064
460.88286632730416
457.11229577582753
453.35305326600064
449.60510530271625
445.8684185173952
442.14295966798636
438.4286956389669
434.72559344134174
431.0336202126443
427.3527432169357
423.68292984480536
420.02414761337076
416.3763641662773
412.7395472737005
409.11366483233854
405.4986848654229
401.89457552271153
398.30130508049024
394.7188419415733
391.14715463530257
387.58621181754853
384.0359822707094
380.4964349037115
376.9675387520092
373.4492629775853
369.94157686895187
366.4444498411447
362.95785143573175
359.48175132080826
356.016119290997
352.56092526744925
349.1161392978439
345.6817315563883
342.2576723438177
338.843932087396
335.4404813409142
332.04729078469154
328.66433122557663
325.2915735969459
321.9289889587003
318.5765484972742
315.2342235256263
311.901985483245
308.57980593614633
305.2676565768757
301.96550922450416
298.6733358246327
295.3911084493898
292.1187992974321
288.8563806939439
285.60382509063993
282.3611050657571
279.12819332406724
275.9050626968673
272.69168614198054
269.48803674376194
266.2940877130918
263.1098123873804
259.93518423056463
256.7701768331102
253.61476391201083
250.46891931078773
247.33261699949054
244.2058310746999
241.0885357595162
237.98070540357764
234.88231448304606
231.79333760061067
228.71374948549007
225.64352499343025
222.58263910670652
219.53106693411954
216.48878371100267
213.45576479921343
210.43198568713842
207.41742198969385
204.41204944832023
201.41584393098861
198.4287814322009
195.45083807298278
192.48199010088896
189.52221389000417
186.57148594093903
183.6297828808332
180.69708146335373
177.77417978140872
174.86279829150484
171.9628080722061
169.07401365158444
166.19622282308868
163.32924664555247
160.47289944318908
157.62699880559248
154.79136558773763
151.9658239099803
149.15020115805706
146.34432798308544
143.54803830156376
140.76116929537125
137.98356141176788
135.21505836339594
132.4555071282745
129.70475794980757
126.96266433677859
124.22908306335185
121.5038741690726
118.78690095886682
116.07803000304146
113.37713113728431
110.68407746266391
107.99874534562971
105.32101441801217
102.65076757702228
99.98789098525354
97.33227407067616
94.68380952664523
92.04239331189537
89.40792465054207
86.78030603208151
84.15944321139096
81.54524520872856
78.93762430973298
76.33649606542413
73.74177929220265
71.15339607184977
68.57127175152914
65.99533494378166
63.425517526532445
60.861754643086144
58.30398470212889
55.752149377727136
53.20619360932835
50.66606560176079
48.13171682523367
45.60310201533706
43.08017917304158
40.562909564699254
38.05125772204268
35.54519144218656
33.04468178762251
30.549703086226902
28.060232931255687
25.57625218134601
23.09774496051594
20.624698658163194
18.15710392906804
15.694954693390445
13.238248136671105
10.786984709832984
8.34116812917787
5.900805376391651
3.465906698536036
1.0364856080572538
-1.3874411172167782
-3.805853434081107
-6.218728033945926
-8.626038342843685
-11.027754521423484
-13.42384346495605
-15.814268803328707
-18.198990901049445
-20.577966857246093
-22.951150505663175
-25.318492414666117
-27.679939887241186
-30.035436960988868
-32.38492440813431
-34.728339735517096
-37.0656171846003
-39.39668773146139
-41.72147908680193
-44.039915695938284
-46.351918738809054
-48.65740612997019
-50.956292518598154
-53.248489288486184
-55.53390455805014
-57.812443180322276
-60.08400674295491
-62.34849356821983
-64.6057987130077
-66.85581396882674
-69.0984278618093
-71.33352565269975
-73.56098933686651
-75.78069764429632
-77.992526039594
-80.19634672198472
-82.39202862530992
-84.57943741803771
-86.75843550324596
-88.92888201863585
-91.09063283652894
-93.24354056386392
-95.3874545422002
-97.5226695140207
-99.65082290696932
-101.77211117881623
-103.8865681580872
-105.99422735086061
-108.09512194076642
-110.18928478899012
-112.27674843426686
-114.35754509288527
-116.43170665868668
-118.49926470306487
-120.5602504749663
-122.61469490089
-124.66262858488751
-126.70408180856299
-128.73908453107322
-130.76766638912753
-132.78985669698775
-134.8056844464675
-136.81517830693565
-138.81836662531094
-140.81527742606568
-142.80593841122445
-144.79037696036485
-146.76862013061674
-148.74069465666267
-150.70662695073773
-152.6664431026297
-154.62016887967874
-156.56782972677786
-158.50945076637143
-160.4450567984593
-162.37467230059136
-164.2983214278705
-166.21602801295265
-168.1278155660462
-170.03370727491208
-171.93372600486344
-173.82789429876675
-175.71623437704037
-177.5987681376557
-179.47551715613665
-181.34650268555956
-183.21174565655232
-185.07126667729827
-186.92508603353096
-188.77322368853672
-190.61569928315544
-192.45253213577791
-194.28374124234952
-196.10934527636738
-197.92936258888022
-199.74381120849137
-201.55270884135496
-203.35607287117773
-205.15392035921974
-206.94626804429504
-208.73313234276722
-210.51452934855456
-212.2904748331277
-214.06098424550797
-215.8260727122725
-217.58575766861813
-219.3400650590337
-221.08901318834816
-222.83261935518456
-224.5709007797612
-226.30387460389184
-228.03155789098474
-229.7539676260461
-231.4711207156749
-233.18303398806646
-234.88972419301132
-236.59120800189552
-238.28750200770048
-239.97862272500294
-241.664586589975
-243.3454099603842
-245.02110911559342
-246.69170025656098
-248.35719950583965
-250.01762290758015
-251.672986427526
-253.323305953017
-254.96859729298836
-256.6088761779706
-258.2441582600896
-259.8744591130667
-261.4997942322185
-263.1201790344571
-264.73562885829
-266.34615896381996
-267.951784532745
-269.55252066835817
-271.14838239554973
-272.7393846608034
-274.32554233219884
-275.906870199411
-277.48338297371043
-279.05509528796296
-280.6220216966298
-282.1841766757675
-283.741574623028
-285.29422985765876
-286.8421566205024
-288.38536907399634
-289.9238813021754
-291.4577073106679
-292.98686102669785
-294.511356299085
-296.0312068982443
-297.54642651618605
-299.0570287665163
-300.5630271844357
-302.0644352267411
-303.56126627182414
-305.0535336196722
-306.5412504918679
-308.0244300315887
-309.50308530360905
-310.9772292942972
-312.4468749116174
-313.9120349851291
-315.372722265987
-316.82894942694156
-318.2807290623385
-319.72807368811874
-321.1709957418186
-322.6095075825702
-324.04362149110034
-325.4733496697312
-326.89870424238165
-328.31969725456474
-329.73634067338895
-331.14864638755836
-332.5566262073723
-333.96029186472583
-335.35965501310886
-336.7547272276072
-338.1455200049016
-339.5320447632685
-340.91431284257976
-342.29233550430195
-343.66612393149717
-345.0356892288249
-346.40104242253705
-347.7621944604829
-349.11915621210596
-350.47193846844556
-351.8205519421363
-353.1650072674091
-354.50531500008833
-355.8414856175956
-357.1735295189473
-358.50145702475436
-359.8252783772232
-361.1450037401582
-362.4606431989555
-363.77220676060927
-365.0797043537072
-366.38314582843327
-367.68254095656715
-368.9778994314831
-370.2692308681511
-371.55654480313694
-372.839850694601
-374.11915792229973
-375.3944757875843
-376.66581351340153
-377.9331802442944
-379.19658504640034
-380.456036907452
-381.7115447367777
-382.96311736530237
-384.2107635455444
-385.4544919516174
-386.69431117923267
-387.9302297456955
-389.16225608990584
-390.3903985723604
-391.6146654751486
-392.83506500196006
-394.0516052780759
-395.2642943503735
-396.4731401873264
-397.67815067900233
-398.8793336370646
-400.0766967947727
-401.27024780698207
-402.4599942501409
-403.645943622295
-404.8281033430872
-406.0064807537496
-407.18108311711455
-408.3519176176116
-409.5189913612596
-410.68231137567807
-411.84188461007994
-412.99771793527145
-414.1498181436578
-415.29819194923743
-416.4428160493001
-417.5836168856984
-418.7206255872677
-419.8538772361985
-420.98340290420316
-422.10922965251865
-423.2313805319028
-424.34987458263686
-425.4647268345247
-426.5759483068929
-427.6835460085908
-428.7875229379903
-429.8878780829862
-430.98460642099593
-432.07769891895964
-433.1671425333401
-434.25292021012285
-435.33501088481574
-436.41338948245067
-437.4880269175808
-438.5588900942825
-439.62594190615494
-440.6891412363198
-441.7484429574217
-442.80379793162774
-443.8551530106279
-444.90245103563467
-445.94563083738365
-446.9846272361326
-448.0193710416619
-449.0497890532761
-450.07580405980065
-451.09733483958456
-452.1142961604994
-453.12659877993934
-454.1341494448215
-455.1368508915855
-456.1346018461938
-457.1272970241316
-458.1148271304065
-459.09707885954924
-460.073934895613
-461.0452739121731
-462.0109705723294
-462.9708955287026
-463.92491542343697
-464.8728928881989
-465.81468654417824
-466.75015100208714
-467.6791368621602
-468.6014907141556
-469.51705513735294
-470.42566870055566
-471.3271659620896
-472.22137746980246
-473.1081297610665
-473.987245362775
-474.8585427913443
-475.72183655271465
-476.5769371423467
-477.42365104522594
-478.26178073585936
-479.09112467827737
-479.8971884439813
-480.6600459639903
-481.3801714014405
-482.058233811422
-482.6949506308869
-483.2910876786507
-483.8474591553902
-484.364927643645
-484.84440410781707
-485.2868478941708
-485.69326673083305
-486.0647167277929
-486.402302376902
-486.7071765518742
-486.98054050828597
-487.22364388357596
-487.4377846970453
-487.62430934985764
-487.78461262503885
-487.9201376874772
-488.03237608392357
-488.1228677429908
-488.1932009751547
-488.24501247275293
-488.2799873099858
-488.29985894291616
-488.306409209469
-488.30146832943166
-488.28691490445425
-488.26467591804885
-488.2367267355902
-488.20509110431533
-488.17184115332367
-488.13909739357706
-488.1090287178998
-488.08385240097834
-488.06583409936184
-488.05728785146164
-488.0605760775516
-488.07810957976795
-488.11234754210926
-488.16579753043635
-488.24101549247285
-488.34060575780444
-488.46722103787926
-488.6235624260079
-488.81237939736315
-489.0364698089806
-489.298679899758
-489.60190429045525
-489.9490859836954
-490.34321636396265
-490.7873351976047
-491.2845306328312
-491.8379391997143
-492.45067277047576
-493.0995266962538
-493.7634637194688
-494.44149386312887
-495.1326582292931
-495.83602899907163
-496.5507094326257
-497.2758338691675
-498.0105677269604
-498.7541075033187
-499.505680774608
-500.2645461962441
-501.02999350269545
-501.8013435074802
-502.577948103168
-503.35919026137947
-504.14448403278635
-504.9332745471114
-505.7250380131285
-506.5192817186625
-507.3155440305892
-508.11339439483584
-508.91243333638016
-509.7122924592515
-510.5126344465294
-511.313153060346
-512.113573141883
-512.9136506113737
-513.7131724681026
-514.511956790405
-515.3098527356672
-516.1067405403268
-516.9025315198725
-517.6971680688436
-518.4906236608309
-519.2829028484762
-520.0740412634716
-520.864105616562
-521.6531936975418
-522.4414343752566
-523.2289875976037
-524.0160443915308
-524.8027901574529
-525.5885689594634
-526.3730379338165
-527.1561732267694
-527.9379514694684
-528.718349777948
-529.4973457531318
-530.2749174808313
-531.0510435317483
-531.825702961472
-532.5988753104806
-533.3705406041411
-534.1406793527091
-534.9092725513291
-535.6763016800342
-536.4417487037462
-537.2055960722755
-537.9678267203215
-538.7284240674719
-539.4873720182032
-540.2446549618816
-541.0002577727605
-541.7541658099827
-542.50636491758
-543.2568414244722
-544.0055821444683
-544.7525743762662
-545.4978059034519
-546.2412649945004
-546.9829404027756
-547.72282136653
-548.4608976089045
-549.1971593379287
-549.9315972465221
-550.6642025124913
-551.3949667985326
-552.1238822522304
-552.8509415060582
-553.5761376773783
-554.2994643684412
-555.0209156663868
-555.7404861432431
-556.458170855927
-557.1739653462442
-557.8878656408889
-558.5998682514447
-559.309970174383
-560.0181688910645
-560.7244623677382
-561.4288490555421
-562.1313278905027
-562.8318982935355
-563.5305601704443
-564.2273139119221
-564.9221603935504
-565.6151009757991
-566.3061375040272
-566.9952723084821
-567.6825082043005
-568.3678484915068
-569.0512969550155
-569.7328578646287
-570.4125359750371
-571.0903365258209
-571.7662652414487
-572.4403283312778
-573.1125324895537
-573.7828848954114
-574.4513932128742
-575.1180655908541
-575.7829062915098
-576.4459048878708
-577.1070630863858
-577.7663841404308
-578.4238713142257
-579.0795278828348
-579.7333571321661
-580.3853623589723
-581.0355468708497
-581.6839139862388
-582.3304670344246
-582.9752093555359
-583.6181443005452
-584.2592752312703
-584.8986055203721
-585.5361385513561
-586.1718777185716
-586.8058264272123
-587.4379880933158
-588.0683661437638
-588.6969640162825
-589.3237851594419
-589.9488330326561
-590.5721111061835
-591.1936228611261
-591.813371789431
-592.4313613938889
-593.0475951881343
-593.6620766966463
-594.2748094547477
-594.8857970086058
-595.4950429152318
-596.1025507424812
-596.7083240690534
-597.3123664844921
-597.9146815891851
-598.5152729943641
-599.114144322105
-599.7112992053284
-600.3067412877981
-600.9004742241228
-601.4925016797547
-602.0828273309905
-602.671454864971
-603.2583879796808
-603.8436303839492
-604.4271857974489
-605.0090579506974
-605.5892505850559
-606.1677674527294
-606.7446123167684
-607.3197889510661
-607.8933011403602
-608.4651526802329
-609.03534737711
-609.6038890482617
-610.1707815218024
-610.7360286366904
-611.2996342427283
-611.8616022005627
-612.4219363816845
-612.9806406684284
-613.5377189539731
-614.0931751423426
-614.6470131484036
-615.1992368978676
-615.7498503272901
-616.2988573840705
-616.8462620264528
-617.3920682235247
-617.9362799552182
-618.4789012123094
-619.0199359964188
-619.5593883200103
-620.0972622063923
-620.6335616897179
-621.1682908149836
-621.70145363803
-622.2330542255422
-622.7630966550494
-623.2915850149244
-623.818523404385
-624.3439159334922
-624.8677667231518
-625.3900799051133
-625.9108596219706
-626.4301100271615
-626.9478352849679
-627.4640395705163
-627.978727069777
-628.4919019795642
-629.0035685075362
-629.5137308721962
-630.0223933028905
-630.5295600398098
-631.0352353339894
-631.5394234473083
-632.04212865249
-632.5433552331017
-633.0431074835545
-633.5413897091048
-634.0382062258516
-634.5335613607391
-635.0274594515554
-635.5199048469315
-636.0109019063452
-636.5004550001158
-636.9885685094081
-637.4752468262304
-637.9604943534356
-638.4443155047205
-638.9267147046261
-639.407696887126
-639.8872733112858
-640.3654496709312
-640.8422292309705
-641.3176152586061
-641.7916110233351
-642.2642197969487
-642.7354448535327
-643.2052894694673
-643.673756923427
-644.1408504963807
-644.606573471592
-645.0709291346182
-645.533920773312
-645.9955516778199
-646.4558251405828
-646.9147444563359
-647.3723129221094
-647.8285338372272
-648.283410503308
-648.7369462242649
-649.1891443063053
-649.6400080579309
-650.0895407899382
-650.5377458154175
-650.9846264497539
-651.4301860106272
-651.874427818011
-652.3173551941736
-652.7589714636778
-653.1992799533805
-653.6382839924332
-654.0759869122819
-654.5123920466668
-654.9475027316226
-655.3813223054785
-655.8138541088579
-656.2451014846786
-656.6750677781532
-657.1037563367884
-657.5311705103851
-657.9573136510392
-658.3821891131402
-658.8058002533728
-659.2281504307156
-659.6492430064418
-660.069081344119
-660.4876688096091
-660.9050087710684
-661.321104598948
-661.7359596659925
-662.1495773472421
-662.5619610200307
-662.9731140639865
-663.3830398610324
-663.7917417953856
-664.1992232535578
-664.605487624355
-665.0105382988775
-665.4143786705203
-665.8170121349724
-666.2184420902179
-666.6186719365343
-667.0177050764944
-667.4155449149652
-667.8121948591076
-668.2076583183776
-668.6019387045251
-668.9950394315947
-669.3869639159253
-669.77771557615
-670.1672978331967
-670.5557141102875
-670.9429678329388
-671.3290624289616
-671.7140013284611
-672.0977879638374
-672.4804257697842
-672.8619181832905
-673.2422686436389
-673.6214805924069
-673.9995574734661
-674.3765027329829
-674.7523198194177
-675.1270121835255
-675.5005832783559
-675.8730365592523
-676.2443754838531
-676.614603512091
-676.9837241061929
-677.3517407306804
-677.7186568523689
-678.0844759403691
-678.4492014660854
-678.8128369032166
-679.1753857277566
-679.536851417993
-679.8972374545081
-680.2565473201785
-680.6147845001752
-680.9719524819637
-681.328054755304
-681.6830948122506
-682.0370761471519
-682.3900022566507
-682.741876639685
-683.0927027974865
-683.4424842335815
-683.7912244537908
-684.1389269662292
-684.4855952813067
-684.8312329117267
-685.1758433724879
-685.5194301808831
-685.8619968564994
-686.2035469212184
-686.5440838992156
-686.8836113169616
-687.2221327032219
-687.5596515890544
-687.8961715078137
-688.2316959951471
-688.5662285889977
-688.8997728296015
-689.2323322594901
-689.5639104234893
-689.8945108687187
-690.0044943597043
