0.5
10.851106148447796
20.623674967742165
30.254822170010662
39.79677773727359
49.2676863759115
58.67620134846814
68.02709679519619
77.32351049200234
86.5675025716357
95.76053994947931
104.90377434028952
113.99816391178491
123.04447328464583
132.04331908976812
140.99526534340743
149.9007789613495
158.76029848531223
167.57423630921608
176.34297867918363
185.0668856935399
193.7462913028129
202.38150330973153
210.97280969818812
219.52051497931905
228.02489235541418
236.48620506608103
244.90471240557528
253.2806697228005
261.6143284213082
269.90593595929835
278.15573584961845
286.36396765976417
294.5308670118792
302.65666558275603
310.74159110383357
318.78586736119985
326.7897141955918
334.75334750239136
342.6769792316329
350.56082012845684
358.4050921235494
366.2100039069471
373.97576046642354
381.7025655745225
389.3906217885575
397.04013045061225
404.65129168754015
412.22430441096463
419.75936631727905
427.25667388764646
434.7164223880002
442.1388058690434
449.5240171662487
456.87224789985953
464.18368847488784
471.45852808111766
478.6969546931007
485.89915507016
493.06531475638786
500.19561808064697
507.29024815656925
514.3493868825569
521.3732149417833
528.3619118021892
535.3156557164873
542.2346237221592
549.1189916414562
555.9689340814028
562.7846244337874
569.5662348751722
576.3139363668907
583.0279014550795
589.708309750708
596.3553300837335
602.9691294030098
609.5498739036262
616.0977290269076
622.6128594604139
629.0954291379405
635.5456012395179
641.963538191412
648.3494016661241
654.7033525823908
661.0255511051838
667.3161566457104
673.5753278614129
679.8032226559689
685.9999981792922
692.1658108275304
698.3008162430674
704.4051693145223
710.4790241767494
716.5225342108384
722.5358520441138
728.5191295501363
734.4725178487013
740.3961673058394
746.2902275338172
752.1548473911358
757.9901749825319
763.796357658978
769.573542017681
775.3218739020842
781.0414984018648
786.7325598529362
792.3952018374471
798.0295671837824
803.6357979665603
809.2140355066347
814.7644203710976
820.2870923732721
825.782190572719
831.2498532752354
836.6902180328509
842.1034216438318
847.4896001526811
852.8488888501349
858.1814222731651
863.4873342049798
868.7667576750225
874.0198249589707
879.2466675787375
884.4474163024734
889.6222011445615
894.7711513656196
899.8943954725053
904.9920612183091
910.0642756023502
915.1111648701965
920.1328545136422
925.129469270716
930.1011403582561
935.0479987395299
939.9701673176066
944.8677684653086
949.7409240261449
954.589755314311
959.4143831146895
964.2149276828493
968.991508745046
973.7442454982222
978.4732566100068
983.1786602187159
987.8605739333515
992.5191148336029
997.1543994698458
1001.7665438631428
1006.3556635052431
1010.9218733585824
1015.4652878562831
1019.9860209021546
1024.4841858706927
1028.9598956070802
1033.4132624271858
1037.8443981175656
1042.2534139354627
1046.6404206088055
1051.0055283362108
1055.3488467869809
1059.6704851011045
1063.9705518892586
1068.2491552328054
1072.5064026837942
1076.7424012649608
1080.9572574697288
1085.1510772622066
1089.3239660771906
1093.4760288201642
1097.6073698672956
1101.7180930654415
1105.8083017321455
1109.8780986556362
1113.9275860948294
1117.9568657793284
1121.9660389094227
1125.955206156089
1129.9244676609894
1133.8739230364736
1137.8036713655786
1141.713811202026
1145.604440570226
1149.4756569652748
1153.327557352956
1157.1602381697394
1160.973795322779
1164.7683241899201
1168.5439196196924
1172.3006759313107
1176.0386869146782
1179.758045830386
1183.4588454097106
1187.141177854614
1190.8051348377453
1194.4508075024414
1198.0782864627263
1201.6876618033102
1205.2790230795881
1208.852459317645
1212.408059014248
1215.9459101368561
1219.4661005343876
1222.968730615968
1226.453887069362
1229.9216562159577
1233.3721240107689
1236.8053760424339
1240.2214975332154
1243.6205733390016
1247.0026879493043
1250.3679254872616
1253.7163697096348
1257.0481040068105
1260.3632114028005
1263.6617745552408
1266.9438757553921
1270.2095969281404
1273.4590196319957
1276.6922250590933
1279.9092940351927
1283.110307019679
1286.2953441055613
1289.4644850194732
1292.6178091216743
1295.7553954060472
1298.877322500101
1301.983668664968
1305.0745117954064
1308.1499294197984
1311.2099987001513
1314.2547964320968
1317.284399044892
1320.298882601418
1323.298322798181
1326.282794965312
1329.2523740665665
1332.207134699325
1335.1471510945921
1338.0724971169986
1340.9832462647978
1343.87947166987
1346.7612460977189
1349.6286419474732
1352.4817312518865
1355.3205856773368
1358.1452765238278
1360.9558747249864
1363.7524508480653
1366.5350750939424
1369.3038172971183
1372.0587469257207
1374.7999330815003
1377.5274444998342
1380.241349549722
1382.9417162337907
1385.6286121882897
1388.3021046830945
1390.9622606217042
1393.6091465412442
1396.242828612464
1398.863372639737
1401.470844061062
1404.0653079480624
1406.6468290059877
1409.2154715737088
1411.7712996237249
1414.3143767621577
1416.844766228755
1419.3625308968888
1421.867733273555
1424.3604354993763
1426.840699348596
1429.3085862290882
1431.7641571823476
1434.2074728834934
1436.638593641272
1438.968780221055
1440.2044060205237
1440.136725698119
1438.8507602009681
1436.4290328791835
1432.9515694858635
1428.4958981770924
1423.1370495119395
1416.9475564524605
1409.9974543636963
1402.3542810136737
1394.0830765734056
1385.2463836168893
1375.9042471211094
1366.1142144660344
1355.9313354346205
1345.408162212808
1334.5947493895237
1323.5386539566796
1312.2849353091733
1300.8761552448889
1289.3523779646962
1277.7511700724488
1266.1076005749878
1254.4542408821394
1242.8211648067158
1231.2359485645147
1219.72367077432
1208.3069124579001
1197.005757040009
1185.8377903483881
1174.8181006137634
1163.9592784698457
1153.2714169533338
1142.7621115039087
1132.4364599642429
1122.2970625799876
1112.3440219997838
1102.5749432752577
1092.984933861019
1083.5666036146697
1074.3100647967879
1065.2029320709419
1056.23032250369
1047.3748555645677
1038.6166531261067
1029.9333394638097
1021.3000412561804
1012.6893875847024
1004.0715099338358
995.4140421910437
986.6821206467588
977.8417291556167
968.986989796582
960.176192652356
951.4091270121121
942.6855836135297
934.0053546427955
925.3682337346008
916.774015972145
908.2224978871334
899.7134774597777
891.2467541187968
882.822128741414
874.4394036533606
866.0983826288746
857.7988708906996
849.5406751100865
841.3236034067902
833.1474653490757
825.0120719537118
816.9172356859739
808.862770459646
800.8484916370168
792.8742160288784
784.9397331667084
777.0447297815851
769.1890018412452
761.3723613751795
753.5946211315338
745.8555945771061
738.1550958973475
730.4929399963622
722.8689424969059
715.2829197403892
707.7346887868744
700.224067415077
692.7508741223663
685.3149281247623
677.9160493569399
670.5540584722266
663.2287768426021
655.9400265587003
648.6876304298058
641.4714119838586
634.29119546745
627.1468058458248
620.0380688028811
612.9648107411684
605.9268587818916
598.9240407649055
591.9561852487205
585.0231215104993
578.1246795460555
571.2606900698581
564.4309845150282
557.6353950333393
550.8737544952188
544.145896489746
537.4516553246532
530.7908660263264
524.1633643398044
517.5689867287792
511.0075703755923
504.4789531812438
497.98297376538306
491.51947146631306
485.0882863409899
478.6892591650223
472.3222314326719
465.9870453568545
459.68354386913614
453.4115706197385
447.1709699775367
440.9615870300513
434.7809072622746
428.6266446501801
422.49901382588774
416.3982217081209
410.3244675022087
404.2779427000843
398.25883108028546
392.26730870795495
386.3035439348387
380.3676973992885
374.45992202626024
368.58036302731426
362.729157900616
356.90643643093404
351.1123206896428
345.34692503472087
339.6103561107513
333.9027128489222
328.22408646702485
322.5745604694561
316.9542106472174
311.3631050779144
305.8013041257577
300.26886044156157
294.7658189627455
289.2922169133333
283.84808380395344
278.43344143183924
273.0483038808276
267.6926775213605
262.3665610104848
257.0699452918511
251.80281359571603
246.5651414389384
241.3568966249834
236.1780392439205
231.02852167242304
225.9082885737696
220.81727689784265
215.75541588112924
210.72262704672175
205.7188242043166
200.7439134502146
195.79779316732086
190.880354025145
185.9914789798027
181.13104327401243
176.2989144370974
171.49495228498589
166.71900892021102
161.97092873190948
157.25054839582248
152.55769687429833
147.89219541628478
143.2538575573392
138.6424891196211
134.05788821189398
129.4998452295275
124.96814285449635
120.46255605537539
115.9828520873487
111.52879049220425
107.10012309833311
102.6965940207297
98.31793966099686
93.96388870733806
89.63416213456463
85.32847320408955
81.04652746392985
76.7880227487131
72.55264917966475
68.34008916461548
64.15001739800465
59.982100860873786
55.8359988208682
51.71136283223761
47.60783673583601
43.52505665912641
39.46265101617147
35.42024050763629
31.397438120797627
27.39384912953475
23.384495929740936
19.343628973440286
15.276877277772611
11.189660660817419
7.087130973454824
2.974172099365889
-1.1446000449685356
-5.264837510266146
-9.382460314444343
-13.493656442619852
-17.594881847108393
-21.682860447426055
-25.754584130287483
-29.807312749606766
-33.838574126497335
-37.84616404927221
-41.82814627344414
-45.7828525217245
-49.70888248402444
-53.605103817454456
-57.47065214632361
-61.30493106214218
-65.10761212361834
-68.87863485666001
-72.61820675437448
-76.32680327706781
-80.00516785224724
-83.65431187461728
-87.27551470608356
-90.87032367574909
-94.44055407991722
-97.98828918209355
-101.51588021297684
-105.02594637047108
-108.52137481967718
-112.00447385490033
-115.47050741799805
-118.91823917584456
-122.34780743472616
-125.75934829612008
-129.15299565669423
-132.5288812083082
-135.8871344380118
-139.22788262804602
-142.55125085584285
-145.85736199402487
-149.14633671040642
-152.41829346799207
-155.67334852497746
-158.91161593474945
-162.13320754588514
-165.33823300215374
-168.5267997425143
-171.6990130011175
-174.85497580730458
-177.9947889856078
-181.11855115575057
-184.22635873264733
-187.31830592640264
-190.3944847423131
-193.4549849808659
-196.49989423773832
-199.52929790379986
-202.54327916511
-205.54191900292034
-208.5252961936719
-211.49348730899732
-214.4465667157205
-217.38460657585694
-220.30773574289884
-223.2160872643397
-226.10973708160736
-228.98876077820083
-231.85323357985905
-234.70323035456087
-237.53882561252465
-240.3600935062092
-243.16710783031246
-245.95994202177243
-248.73866915976694
-251.50336196571317
-254.25409280326903
-256.9909336783315
-259.7139562390373
-262.42323177576355
-265.11883122112624
-267.80082514998224
-270.4692837794276
-273.124276968798
-275.7658742196692
-278.39414467585675
-281.00915712341623
-283.6109799906424
-286.19968134807027
-288.7753289084747
-291.33799002686976
-293.88773170051013
-296.42462056888974
-298.94872291374253
-301.4601046590419
-303.9588313710018
-306.44496825807516
-308.91858017095495
-311.3797316025744
-313.8284866881058
-316.26490920496167
-318.6890625727944
-321.10100985349595
-323.5008137511979
-325.8885366122722
-328.26424042533046
-330.627986821223
-332.9798370730417
-335.31985209611724
-337.6480924480193
-339.9646183285595
-342.2694895797877
-344.562765685994
-346.84452952551914
-349.11488384971375
-351.3738848494893
-353.62158838915366
-355.85805000641045
-358.08332491235956
-360.29746799149694
-362.50053380171465
-364.6925765743011
-366.87365021394055
-369.04380829871343
-371.2031040800964
-373.35159048296185
-375.48932010557905
-377.6163452196127
-379.7327177701238
-381.8384893755697
-383.93371132780334
-386.01843459207447
-388.0927098070284
-390.156587284707
-392.2101170105478
-394.2533486433845
-396.28633151544756
-398.30911463236276
-400.32174667315246
-402.32427599023487
-404.31675060942433
-406.2992182299318
-408.27172622436376
-410.23432163872303
-412.18705119240843
-414.12996127821503
-416.0630979623341
-417.9865069843529
-419.90023375725485
-421.8043233674193
-423.69882057462183
-425.5837698120345
-427.459215186225
-429.3252004771571
-431.1817691381915
-433.0289642960837
-434.8668287509865
-436.6954049764479
-438.51473511941293
-440.32486100022226
-442.12582411261235
-443.91766562371635
-445.7004263740631
-447.4741468775778
-449.23886732158235
-450.99462756679316
-452.7414671473244
-454.47942527068517
-456.20854081778134
-457.92885234291543
-459.6403980737846
-461.34321591148336
-463.0373434305018
-464.722817878726
-466.39967617743883
-468.06795492131886
-469.72769037844023
-471.37891849027403
-473.02167487168737
-474.65599481094324
-476.2819132697003
-477.8994648830146
-479.50868395933674
-481.10960448051446
-482.70226010179186
-484.28668415180823
-485.8629096325993
-487.4309692195971
-488.99089526163016
-490.5427197809223
-492.0864744730936
-493.6221907071609
-495.1498995255367
-496.66963164402927
-498.18141745184425
-499.68528701158186
-501.1812700592388
-502.6693960042094
-504.1496939292815
-505.6221925906416
-507.0869204178704
-508.5439055139466
-509.99317565524245
-511.43475829152885
-512.8686805459714
-514.294969215132
-515.7136507689693
-517.1247513508371
-518.5282967774863
-519.9243125390632
-521.3128237991109
-522.6938553945674
-524.0674318357675
-525.4335773064428
-526.7923156637207
-528.1436704381246
-529.4876648335727
-530.8243217273806
-532.153663670261
-533.4757128863215
-534.790491273064
-536.0980204013914
-537.3983215155982
-538.6914155333753
-539.9773230458139
-541.256064317396
-542.5276592860032
-543.7921275629117
-545.0494884327956
-546.2997608537221
-547.5429634571564
-548.779114547961
-550.0082321043913
-551.2303337781025
-552.4454368941427
-553.6535584509572
-554.8547742145133
-556.0529488838222
-557.2496340083449
-558.4437861795027
-559.634400323006
-560.820509698855
-562.0011859013382
-563.1755388590343
-564.3427168348111
-565.5019064258249
-566.6523325635225
-567.7932585136388
-568.9239858761986
-570.043854585516
-571.1522429101941
-572.2485674531256
-573.3322831514918
-574.402883276764
-575.4598994347026
-576.5029015653569
-577.5314979430659
-578.5453351764575
-579.5440982084491
-580.5275103162475
-581.4953331113483
-582.4473665395369
-583.3834488808875
-584.3034567497639
-585.2073050948192
-586.0949471989952
-586.9663746795238
-587.8216174879256
-588.6607439100105
-589.483860565878
-590.2911124099163
-591.0826827308038
-591.858793151507
-592.6197036292825
-593.3657124556761
-594.0971562565222
-594.8144099919456
-595.5178869563591
-596.2080387784657
-596.8853554212574
-597.5503651820152
-598.2036346923098
-598.8457689180008
-599.4774111592374
-600.0992430504577
-600.7119845603894
-601.3163939920494
-601.9132679827433
-602.5034415040669
-603.0877878619048
-603.6672186964308
-604.242683982108
-604.815172027689
-605.3857094762153
-605.9553613050181
-606.5252308257175
-607.0964596842225
-607.6702278607327
-608.2477536697354
-608.8302937600089
-609.4191431146186
-610.0156350509209
-610.6211412205604
-611.2370716094725
-611.8648745378799
-612.5060366602958
-613.1620829655222
-613.834576776651
-614.5251197510622
-615.2353518804265
-615.9669514907024
-616.7216352421389
-617.5011581292738
-618.2946340373377
-619.0898728823504
-619.8866338511256
-620.6846819948536
-621.4837882291006
-622.2837293338094
-623.084287953299
-623.8852525962643
-624.6864176357768
-625.4875833092839
-626.2885557186094
-627.0891468299535
-627.8891744738924
-628.6884623453785
-629.4868400037406
-630.2841428726836
-631.0802122402887
-631.8748952590134
-632.6680449456913
-633.4595201815323
-634.2491857121224
-635.0369121474242
-635.8225759617759
-636.6060594938928
-637.3872509468655
-638.1660443881613
-638.9423397496241
-639.7160428274732
-640.4870652823049
-641.2553246390911
-642.0207442871803
-642.7832534802974
-643.542787336543
-644.2992868383944
-645.0526988327049
-645.8029760307039
-646.5500770079977
-647.2939662045679
-648.034613924773
-648.7719963373473
-649.5060954754018
-650.2368992364235
-650.9644013822752
-651.6886015391968
-652.4095051978038
-653.127123713088
-653.8414743044177
-654.5525800555372
-655.2604699145671
-655.965178694004
-656.6667470707212
-657.3652215859681
-658.0606546453703
-658.753104518929
-659.4426353410227
-660.1293171104055
-660.8132256902076
-661.4944303763234
-662.1726677746002
-662.8478085986219
-663.5198628629855
-664.1888405938495
-664.8547518289326
-665.5176066175155
-666.177415020439
-666.8341871101052
-667.4879329704777
-668.1386626970802
-668.7863863969983
-669.4311141888779
-670.0728562029263
-670.7116225809118
-671.3474234761635
-671.9802690535716
-672.6101694895873
-673.2371349722229
-673.8611757010516
-674.4823018872074
-675.1005237533859
-675.7158515338431
-676.3282954743962
-676.9378658324237
-677.5445728768644
-678.1484268882191
-678.7494381585486
-679.3476169914753
-679.9429737021826
-680.5355186174145
-681.1252620754765
-681.7122144262348
-682.2963860311165
-682.8777872631102
-683.456428506765
-684.0323201581912
-684.60547262506
-685.1758963266038
-685.743601693616
-686.3085991684508
-686.8708992050234
-687.4305122688103
-687.9874488368487
-688.541719397737
-689.0933344516343
-689.6423045102613
-690.188640096899
-690.7323517463898
-691.2734500051373
-691.8119454311054
-692.34784859382
-692.881170074367
-693.4119204653938
-693.940110371109
-694.4657504072817
-694.9888512012426
-695.5094233918826
-696.0274776296544
-696.5430245765714
-697.056074906208
-697.5666393036994
-698.0747284657419
-698.5803531005932
-699.0835239280716
-699.5842516795565
-700.0825470979883
-700.5784209378683
-701.071883965259
-701.562946957784
-702.0516207046272
-702.5379160065347
-703.0218436758125
-703.5034145363281
-703.98263942351
-704.4595291843477
-704.9340946773916
-705.4063467727531
-705.8762963521045
-706.3439543086797
-706.8093315472727
-707.2724389842392
-707.7332875474958
-708.1918881765197
-708.6482518223495
-709.1023894475848
-709.5543120263858
-710.0040305444741
-710.4515559991323
-710.896899399204
-711.3400717650933
-711.7810841287661
-712.2199475337488
-712.656673035129
-713.0912716995549
-713.5237546052364
-713.9541328419438
-714.3824175110084
-714.8086197253234
-715.2327506093418
-715.6548212990782
-716.0748429421086
-716.492826697569
-716.9087761007842
-717.3226629332365
-717.7344935539122
-718.1442799481782
-718.5520339681152
-718.9577673325176
-719.3614916268937
-719.763218303465
-720.1629586811671
-720.5607239456489
-720.9565251492733
-721.3503732111167
-721.7422789169691
-722.1322529193345
-722.5203057374301
-722.9064477571872
-723.2906892312504
-723.6730402789783
-724.053510886443
-724.43211090643
-724.8088500584391
-725.1837379286835
-725.5567839700897
-725.9279975022984
-726.2973877116635
-726.664963651253
-727.0307342408482
-727.3947082669446
-727.7568943827506
-728.1173011081888
-728.4759368298957
-728.8328098012207
-729.1879281422274
-729.5412998396931
-729.8929327471085
-730.2428345846782
-730.5910129393203
-730.9374752646668
-731.282228881063
-731.6252809755682
-731.9666436647733
-732.3063280971388
-732.6443419800875
-732.9806929977972
-733.3153888112016
-733.64843705799
-733.979845352607
-734.3096212862528
-734.637772426883
-734.9643063192088
-735.2892304846972
-735.6125524215703
-735.9342796048059
-736.2544194861373
-736.5729794940532
-736.889967033798
-737.2053894873718
-737.5192542135296
-737.8315685477826
-738.142339802397
-738.4515752663948
-738.7592822055535
-739.0654678624061
-739.3701394562408
-739.673304183102
-739.974969215789
-740.2751417038569
-740.5738287736162
-740.8710375281332
-741.1667750472292
-741.4610483874815
-741.7538645822227
-742.0452306415409
-742.33515355228
-742.6236402780388
-742.9106977591723
-743.1963329127908
-743.4805526327598
-743.7633637897007
-744.0447732309904
-744.324787780761
-744.6034142399005
-744.8806593860521
-745.1565299736147
-745.4310327337428
-745.704174374346
-745.9759615800903
-746.246401012396
-746.51549930944
-746.783263086154
-747.0496989342256
-747.3148134220979
-747.5786130949692
-747.841104474794
-748.1022940602813
-748.3621883268967
-748.6207937268605
-748.8781166891488
-749.1341636194935
-749.3889409003816
-749.6424548910558
-749.8947119275142
-750.1457183225108
-750.3954803655547
-750.6440043229105
-750.8912964375987
-751.137362929395
-751.3822099948306
-751.6258438071927
-751.8682705165234
-752.1094962496204
-752.3495271100375
-752.5883691780832
-752.8260285108223
-753.0625111420745
-753.2978230824153
-753.5319703191759
-753.7649588164425
-753.9967945150573
-754.2274833326178
-754.4570311634769
-754.6854438787435
-754.9127273262816
-755.1388873307106
-755.3639297784055
-755.58786151195
-755.8106882075743
-756.0324150872353
-756.2530473543388
-756.4725901937397
-756.6910487717421
-756.9084282360992
-757.1247337160131
-757.3399703221355
-757.5541431465666
-757.7672572628562
-757.979317726003
-758.1903295724549
-758.4002978201087
-758.6092274683105
-758.8171234978555
-759.0239908709882
-759.2298345314016
-759.4346594042386
-759.6384703960906
-759.8412723949983
-760.0430702704517
-760.2438688733897
-760.4436730362004
-760.6424875727209
-760.8403172782375
-761.0371669294857
-761.23304128465
-761.427945083364
-761.6218830467103
-761.8148598772209
-762.0068802588769
-762.197948857108
-762.3880703187938
-762.5772492722624
-762.7654903272911
-762.9527980751067
-763.1391770883846
-763.3246319212495
-763.5091671092756
-763.6927871694855
-763.8754966003515
-764.0572998817947
-764.2382014751854
-764.4182058233431
-764.5973173505362
-764.7755404624825
-764.9528795463486
-765.1293389707505
-765.304923085753
-765.4796362228703
-765.6534826950656
-765.8264667967512
-765.9985928037886
-766.1698649734881
-766.3402875446095
-766.5098647373617
-766.6786007534023
-766.8464997758383
-767.0135659692261
-767.1798034795705
-767.3452164343261
-767.5098089423961
-767.6735850941334
-767.8365489613392
-767.9987045972646
-768.1600560366093
-768.3206072955223
-768.4803623716018
-768.639325243895
-768.797499872898
-768.9548902005565
-769.1115001502649
-769.2673336268668
-769.4223945166552
-769.5766866873718
-769.7302139882077
-769.8829802498027
-770.0349892842463
-770.1862448850769
-770.3367508272817
-770.4865108672974
-770.6355287430096
-770.783808173753
-770.9313528603116
-771.0781664849184
-771.2242527112554
-771.3696151844539
-771.5142575310942
-771.6581833592059
-771.8013962582672
-771.9438997992061
-772.0856975343992
-772.2267929976724
-772.3671897043008
-772.5068911510084
-772.6459008159685
-772.7842221588035
-772.9218586205845
-773.0588136238325
-773.195090572517
-773.3306928520567
-773.4656238293196
-773.5998868526226
-773.733485251732
-773.8664223378628
-773.9987014036794
-774.1303257232954
-774.2612985522733
-774.3916231276247
-774.5213026678105
-774.6503403727404
-774.7787394237736
-774.906502983718
-775.0336341968313
-775.1601361888193
-775.2860120668378
-775.4112649194911
-775.5358978168332
-775.6599138103668
-775.7833159330436
-775.9061071992649
-776.0282906048806
-776.14986912719
-776.2708457249414
-776.3912233383325
-776.5110048890097
-776.6301932800685
-776.7487913960541
-776.86680210296
-776.9842282482297
-777.1010726607549
-777.217338150877
-777.3330275103864
-777.4481435125224
-777.5626889119737
-777.6766664448782
-777.7900788288224
-777.9029287628422
-778.0152189274229
-778.1269519844983
-778.2381305774519
-778.348757331116
-778.458834851772
-778.5683657271508
-778.6773525264315
-778.7857978002435
-778.8937040806643
-779.0010738812211
-779.1079096968899
-779.2142140040963
-779.3199892607145
-779.4252379060678
-779.529962360929
-779.6341650275197
-779.7378482895107
-779.8410145120221
-779.9436660416227
-780.0458052063307
-780.1474343156135
-780.2485556603873
-780.3491715130177
-780.4492841273192
-780.5488993094824
-780.6480242153326
-780.7466611282614
-780.8448122944102
-780.9424799526223
-781.0396663344427
-781.1363736641184
-781.2326041585984
-781.3283600275332
-781.4236434732755
-781.5184566908799
-781.6128018681027
-781.7066811854021
-781.8000968159381
-781.8930509255729
-781.9855456728702
-782.0775832090958
-782.1691656782172
-782.2602952169041
-782.3509739545275
-782.4412040131609
-782.5309875075794
-782.6203265452599
-782.7092232263813
-782.7976796438242
-782.8856978831714
-782.9732800227071
-783.0604281334179
-783.147144278992
-783.2334305158192
-783.319288892992
-783.4047214523038
-783.4897302282504
-783.5743172480295
-783.6584845315407
-783.742234091385
-783.8255679328659
-783.9084880539882
-783.9909964454592
-784.0730950906876
-784.1547859657842
-784.2360710395614
-784.3169522735337
-784.3974316219177
-784.4775110316314
-784.5571924422948
-784.63647778623
-784.7153689884608
-784.7938679667129
-784.8719766314141
-784.9496968856936
-785.0270306253827
-785.1039797390148
-785.1805461078249
-785.25673160575
-785.3325380994288
-785.4079674482022
-785.4830215041127
-785.5577021119046
-785.6320111090246
-785.7059503256205
-785.7795215845426
-785.8527267013429
-785.9255674842751
-785.998045734295
-786.0701632450601
-786.1419218029298
-786.2133231869657
-786.2843691689307
-786.3550615132899
-786.4254019772104
-786.495392310561
-786.5650342559123
-786.634329548537
-786.7032799164094
-786.771887080206
-786.8401527533049
-786.9080786417861
-786.9756664444317
-787.0429178527254
-787.109834550853
-787.1764182157019
-787.2426705168616
-787.3085931166236
-787.374187669981
-787.4394558246287
-787.5043992209638
-787.5690194920852
-787.6333182637934
-787.6972971545911
-787.7609577756825
-787.8243017309743
-787.8873306170743
-787.9500460232929
-788.0124495316419
-788.074542716835
-788.1363271462881
-788.1978043801186
-788.2589759711459
-788.3198434648914
-788.3804083995784
-788.4406723061318
-788.5006367081785
-788.5603031220473
-788.6196730567691
-788.6787480140763
-788.7375294884033
-788.7960189668865
-788.854217929364
-788.9121278483759
-788.9697501891641
-789.0270864096725
-789.0841379605466
-789.1409062851341
-789.1973928194843
-789.2535989923487
-789.3095262251802
-789.3651759321341
-789.4205495200672
-789.4756483885384
-789.5304739298082
-789.5850275288393
-789.6393105632961
-789.6933244035448
-789.7470704126537
-789.8005499463927
-789.8537643532339
-789.906714974351
-789.9594031436196
-790.0118301876174
-790.0639974256237
-790.1159061696197
-790.1675577242889
-790.2189533870161
-790.2700944478881
-790.320982189694
-790.3716178879242
-790.4220028107715
-790.47213821913
-790.5220253665962
-790.5716654994682
-790.621059856746
-790.6702096701316
-790.7191161640288
-790.7677805555431
-790.8162040544823
-790.8643878633555
-790.9123331773743
-790.9600411844516
-791.0075130652025
-791.054749992944
-791.1017531336947
-791.1485236461756
-791.1950626818088
-791.241371384719
-791.2874508917324
-791.3333023323771
-791.3789268288832
-791.4243254961825
-791.469499441909
-791.5144497663981
-791.5591775626874
-791.6036839165165
-791.6479699063264
-791.6920366032604
-791.7358850711635
-791.7795163665825
-791.8229315387663
-791.8661316296655
-791.9091176739327
-791.951890698922
-791.9944517246902
-792.036801763995
-792.0789418222965
-792.1208728977567
-792.1625959812394
-792.2041120563101
-792.2454220992364
-792.2865270789878
-792.3274279572353
-792.3681256883522
-792.4086212194135
-792.4489154901961
-792.4890094331788
-792.5289039735422
-792.5686000291688
-792.608098510643
-792.6474003212511
-792.6865063569812
-792.7254175065233
-792.7641346512693
-792.802658665313
-792.8409904154499
-792.8791307611776
-792.9170805546956
-792.954840640905
-792.992411857409
-793.0297950345125
-793.0669909952226
-793.1040005552478
-793.140824522999
-793.1774636995884
-793.2139188788307
-793.2501908472418
-793.2862803840402
-793.3221882611457
-793.3579152431802
-793.3934620874674
-793.428829544033
-793.4640183556045
-793.4990292576113
-793.5338629781845
-793.5685202381575
-793.603001751065
-793.637308223144
-793.6714403533333
-793.7053988332735
-793.7391869944573
-793.7728110922333
-793.8062720075875
-793.8395704428493
-793.8727070984341
-793.9056826728433
-793.9384978626641
-793.9711533625697
-794.0036498653192
-794.035988061758
-794.0681686408168
-794.1001922895131
-794.1320596929497
-794.1637715343157
-794.195328494886
-794.2267312540215
-794.2579804891691
-794.2890768758617
-794.320021087718
-794.3508137964429
-794.3814556718271
-794.4119473817472
-794.4422895921657
-794.4724829671316
-794.5025281687792
-794.5324258573291
-794.5621766910879
-794.5917813264479
-794.6212404178875
-794.6505546179714
-794.6797245773495
-794.7087509447583
-794.7376343670202
-794.7663754890433
-794.7949749538217
-794.8234334024357
-794.8517514740514
-794.8799298059207
-794.907969033382
-794.9358697898589
-794.9636327068615
-794.9912584139857
-795.0187475389135
-795.0461007074127
-795.0733185433371
-795.1004016686264
-795.1273507033064
-795.1541662654887
-795.180848971371
-795.207399435237
-795.2338182694562
-795.260106084484
-795.2862634888622
-795.312291089218
-795.3381894902649
-795.3639592948024
-795.3896011037156
-795.415115515976
-795.4405031286408
-795.4657645368533
-795.4909003338425
-795.5159111109238
-795.5407974574981
-795.5655599610526
-795.5901992071604
-795.6147157794803
-795.6391102597574
-795.6633832278226
-795.6875352615928
-795.7115669370706
-795.7354788283453
-795.7592715075913
-795.7829455450693
-795.8065015091262
-795.8299399661945
-795.853261480793
-795.876466615526
-795.8995559310843
-795.9225299862442
-795.9453893378683
-795.9681345409049
-795.9907661483885
-796.0132847114394
-796.0356907792639
-796.0579848991542
-796.0801676164888
-796.1022394747315
-796.1242010154327
-796.1460527782284
-796.1677953008408
-796.1894291190779
-796.2109547668337
-796.232372776088
-796.2536836769069
-796.2748879974422
-796.2959862639319
-796.3169790006996
-796.3378667301552
-796.3586499727944
-796.3793292471988
-796.3999050700362
-796.4203779560602
-796.4407484181103
-796.461016967112
-796.4811841120769
-796.5012503601024
-796.5212162163721
-796.541082184155
-796.5608487648068
-796.5805164577687
-796.6000857605679
-796.6195571688178
-796.6389311762174
-796.658208274552
-796.6773889536926
-796.6964737015962
-796.7154630043061
-796.7343573459513
-796.7531572087464
-796.7718630729926
-796.7904754170768
-796.8089947174717
-796.8274214487363
-796.8457560835152
-796.8639990925392
-796.882150944625
-796.9002121066752
-796.9181830436785
-796.9360642187095
-796.9538560929285
-796.9715591255823
-796.9891737740032
-797.0067004936096
-797.024139737906
-797.0414919584828
-797.0587576050161
-797.0759371252683
-797.0930309650876
-797.1100395684081
-797.1269633772501
-797.1438028317198
-797.160558370009
-797.177230428396
-797.1938194412446
-797.2103258410049
-797.2267500582127
-797.2430925214901
-797.2593536575447
-797.2755338911704
-797.2916336452471
-797.3076533407404
-797.323593396702
-797.3394542302696
-797.3552362566667
-797.3709398892031
-797.3865655392741
-797.4021136163614
-797.4175845280323
-797.4329786799403
-797.4482964758248
-797.4635383175112
-797.4787046049106
-797.4937957360205
-797.5088121069241
-797.5237541117905
-797.5386221428749
-797.5534165905184
-797.5681378431482
-797.5827862872771
-797.5973623075043
-797.6118662865147
-797.6262986050792
-797.6406596420549
-797.6549497743842
-797.6691693770963
-797.6833188233059
-797.6973984842136
-797.7114087291062
-797.7253499253563
-797.7392224384226
-797.7530266318497
-797.766762867268
-797.7804315043941
-797.7940329010304
-797.8075674130654
-797.8210353944735
-797.834437197315
-797.8477731717361
-797.8610436659693
-797.8742490263327
-797.8873895972305
-797.9004657211528
-797.9134777386759
-797.9264259884617
-797.9393108072584
-797.9521325298999
-797.9648914893062
-797.9775880164832
-797.9902224405228
-798.0027950886027
-798.0153062859871
-798.0277563560254
-798.0401456201536
-798.0524743978931
-798.0647430068518
-798.0769517627232
-798.089100979287
-798.1011909684087
-798.1132220400397
-798.1251945022175
-798.1371086610656
-798.1489648207934
-798.1607632836962
-798.1725043501552
-798.1841883186379
-798.1958154856974
-798.2073861459728
-798.2189005921896
-798.2303591151585
-798.2417620037769
-798.2531095450277
-798.2644020239799
-798.2756397237886
-798.2868229256944
-798.2979519090246
-798.3090269511919
-798.320048327695
-798.3310163121187
-798.3419311761338
-798.352793189497
-798.363602620051
-798.3743597337243
-798.3850647945316
-798.3957180645733
-798.406319804036
-798.4168702711922
-798.4273697224003
-798.4378184121047
-798.4482165928357
-798.4585645152096
-798.4688624279288
-798.4791105777814
-798.4893092096416
-798.4994585664697
-798.5095588893117
-798.5196104172998
-798.5296133876518
-798.539568035672
-798.5494745947501
-798.5593332963623
-798.5691443700703
-798.5789080435219
-798.5886245424512
-798.5982940906777
-798.6079169101072
-798.6174932207314
-798.6270232406281
-798.6365071859607
-798.6459452709789
-798.6553377080184
-798.6646847075003
-798.6739864779324
-798.6832432259082
-798.6924551561068
-798.7016224712937
-798.7107453723202
-798.7198240581235
-798.728858725727
-798.7378495702397
-798.746796784857
-798.7557005608599
-798.7645610876154
-798.7733785525767
-798.7821531412826
-798.7908850373583
-798.7995744225146
-798.8082214765484
-798.8168263773426
-798.8253893008659
-798.8339104211733
-798.8423899104054
-798.8508279387887
-798.8592246746363
-798.8675802843464
-798.8758949324039
-798.8841687813792
-798.8924019919288
-798.9005947227952
-798.9087471308068
-798.9168593708779
-798.9249315960092
-798.9329639572866
-798.9409566038826
-798.9489096830554
-798.9568233401492
-798.9646977185942
-798.9725329599064
-798.980329203688
-798.9880865876271
-798.9958052474975
-799.0034853171594
-799.0111269285585
-799.0187295385899
-799.0262926117582
-799.033816348165
-799.0413009473828
-799.0487466083147
-799.0561535291959
-799.0635219075923
-799.0708519404016
-799.0781438238524
-799.0853977535049
-799.0926139242506
-799.099792530312
-799.1069337652433
-799.1140378219297
-799.121104892588
-799.1281351687661
-799.1351288413433
-799.1420861005302
-799.1490071358686
-799.1558921362318
-799.1627412898243
-799.169554784182
-799.176332806172
-799.1830755419927
-799.189783177174
-799.1964558965769
-799.2030938843939
-799.2096973241485
-799.2162663986959
-799.2228012902224
-799.2293021802457
-799.2357692496145
-799.2422026785093
-799.2486026464418
-799.2549693322546
-799.261302914122
-799.2676035695496
-799.2738714753742
-799.2801068077639
-799.2863097422181
-799.2924804535677
-799.2986191159747
-799.3047259029325
-799.3108009872658
-799.3168445411305
-799.3228567360142
-799.3288377427352
-799.3347877314437
-799.3407068716209
-799.3465953320792
-799.3524532809628
-799.3582808857467
-799.3640783132373
-799.3698457295726
-799.3755833002217
-799.381291189985
-799.3869695629942
-799.3926185827125
-799.3982384119342
-799.403829212785
-799.409391146722
-799.4149243745333
-799.4204290563387
-799.425905351589
-799.4313534190666
-799.4367734168849
-799.4421655024889
-799.4475298326548
-799.45286656349
-799.4581758504333
-799.463457848255
-799.4687127110564
-799.4739405922701
-799.4791416446604
-799.4843160203226
-799.4894638706833
-799.4945853465006
-799.4996805978636
-799.5047497741932
-799.5097930242412
-799.5148104960907
-799.5198023371565
-799.5247686941843
-799.5297097132513
-799.5346255397661
-799.5395163184684
-799.5443821934292
-799.5492233080511
-799.5540398050678
-799.5588318265442
-799.5635995138769
-799.5683430077934
-799.5730624483527
-799.5777579749451
-799.5824297262923
-799.5870778404471
-799.5917024547938
-799.5963037060479
-799.6008817302563
-799.6054366627972
-799.6099686383799
-799.6144777910453
-799.6189642541655
-799.623428160444
-799.6278696419154
-799.6322888299457
-799.6366858552324
-799.6410608478039
-799.6454139370206
-799.6497452515734
-799.6540549194851
-799.6583430681095
-799.6626098241319
-799.6668553135688
-799.671079661768
-799.6752829934087
-799.6794654325014
-799.6836271023877
-799.687768125741
-799.6918886245654
-799.6959887201969
-799.7000685333022
-799.7041281838799
-799.7081677912596
-799.7121874741022
-799.7161873504
-799.7201675374765
-799.7241281519867
-799.7280693099169
-799.7319911265845
-799.7358937166382
-799.7397771940584
-799.7436416721565
-799.7474872635752
-799.7513140802885
-799.7551222336019
-799.7589118341523
-799.7626829919074
-799.7664358161666
-799.7701704155605
-799.7738868980513
-799.777585370932
-799.7812659408273
-799.7849287136931
-799.7885737948166
-799.7922012888162
-799.7958112996419
-799.7994039305746
-799.8029792842269
-799.8065374625427
-799.8100785667967
-799.8136026975957
-799.8171099548771
-799.82060043791
-799.8240742452947
-799.8275314749628
-799.8309722241775
-799.8343965895326
-799.8378046669541
-799.8411965516987
-799.8445723383544
-799.847932120841
-799.8512759924092
-799.8546040456412
-799.8579163724503
-799.8612130640812
-799.8644942111102
-799.8677599034445
-799.8710102303229
-799.8742452803152
-799.877465141323
-799.8806699005786
-799.8838596446462
-799.8870344594209
-799.8901944301293
-799.8933396413292
-799.8964701769099
-799.899586120092
-799.9026875534269
-799.905774558798
-799.9088472174197
-799.9119056098378
-799.9149498159292
-799.9179799149024
-799.9209959852969
-799.9239981049839
-799.9269863511656
-799.9299608003755
-799.9329215284788
-799.9358686106715
-799.9388021214812
-799.9417221347668
-799.9446287237183
-799.9475219608576
-799.950401918037
-799.9532686664409
-799.9561222765847
-799.958962818315
-799.9617903608099
-799.9646049725789
-799.9674067214625
-799.9701956746326
-799.9729718985926
-799.9757354591773
-799.9784864215522
-799.9812248502149
-799.9839508089938
-799.9866643610486
-799.9893655688707
-799.9920544942823
-799.9947311984375
-799.9973957418213
-800.00004818425
-800.0026885848713
-800.0053170021644
-800.0079334939394
-800.0105381173382
-800.0131309288337
-800.0157119842302
-800.0182813386631
-800.0208390465996
-800.0233851618376
-800.0259197375069
-800.0284428260683
-800.0309544793137
-800.0334547483668
-800.0359436836824
-800.0384213350465
-800.0408877515764
-800.043342981721
-800.0457870732602
-800.0482200733054
-800.0506420282992
