0.5
20.623674967742147
39.796777737273565
58.676201348468105
77.32351049200231
95.76053994947927
113.99816391178479
132.55755604125093
152.61042220432986
167.29813476278633
172.54400827379067
169.0018005929416
161.3670473031434
152.70902738384788
143.78551934879454
134.77536003464493
125.76050609307583
116.78334742343931
107.86037778619736
99.00747312079933
90.238445722376
81.56401157191156
72.99188851247231
64.52700469871772
56.17217265519418
47.93151358738378
39.81742576030902
31.85117971846828
24.062918285836187
16.491656565863117
9.230734272230094
2.759083443687684
0.0804267475052694
0.06990877972269131
0.08988752305110496
0.11970404182346657
0.16708800332416668
0.24942845228449545
0.412987929081936
0.8152621876226481
2.1684180078375577
7.63071018166544
22.445969980457665
43.406496538836734
64.53219750119723
85.261447098944
105.54087363972404
125.22141376175061
143.95610569472345
160.8790179486317
173.4018188133476
176.65906314246806
171.97380883325198
164.02964642754176
155.22647375487523
146.19684204876032
137.1103107594265
128.0356825333527
119.00897608647365
110.047509678637
101.16268068323802
92.36524100043013
83.66378822881708
75.0648807466189
66.57303771166987
58.190573662647054
49.919540550129135
41.77011827502087
33.76277791394106
25.928283055288833
18.307689799244525
10.959994096256667
4.2017141069334585
0.17942557627813324
0.06613938874824317
0.08431943891847961
0.11124866905156938
0.1533176573532207
0.22464220165769158
0.3610050917371369
0.6760574023811285
1.6525588675061746
5.582933594576396
17.929696634847804
38.19046879898449
59.413852213153966
80.24512534017386
100.63069674460193
120.51513588457101
139.56340822455667
157.0191828071894
171.0411357469614
176.77819433636645
173.4807193769828
165.9500148390409
157.29550375023237
148.30029122170347
139.21585353759932
130.13704745678004
121.09798632785703
112.1203953656094
103.21699541939395
94.3985643545681
85.67431440962842
77.05122343698409
68.53408488908755
60.12730102848677
51.83412576304724
43.66230799615906
35.626093372257735
27.746224276823064
20.051139674780018
12.610509600701505
5.663194969215552
0.5272982090414515
0.06319336125920753
0.07945838110511982
0.10394490094177003
0.14159029938512593
0.20402002375628323
0.31961100602867804
0.5736186395237372
1.3045168583534112
4.153408555896428
14.176566124591341
33.32231033229421
54.60640838461948
75.52969780741583
96.03060143825293
116.0257019691092
135.27207676702102
153.21953288080377
168.34766105960466
176.42727670960176
174.89904887111754
167.97853010965883
159.46376040218982
150.5002774613276
141.4293356498643
132.3431516373905
123.29028968777303
114.29639114957894
105.37358485749577
96.53338148664429
87.78533980014656
79.13699131320675
70.59384029311204
62.15936420859249
53.8349431310882
45.625938324193015
37.54780355429476
29.626433687250266
21.898164688385656
14.409773622495184
7.289451783263517
1.3615868144409444
0.06259841350106576
0.07480713631806805
0.09706995858241807
0.1308129563042309
0.18564688842940175
0.28404734984935914
0.48948369055628177
1.0362981034146583
3.0412200922643047
10.740978390548547
28.114772244564303
49.37963198421544
70.39853538686458
91.00514966626938
111.13825355863186
130.6447673093263
148.9833231885113
165.11465963237646
175.28723631753903
175.88783028240076
169.7737576182071
161.48464248340863
152.59833003580965
143.53618683094783
134.45000339265198
125.38914266451145
116.38005601180069
107.43940045994465
98.57961823111141
89.81038738267857
81.13949530112538
72.5707909606904
64.10913352101781
55.76057341968304
47.53235237219111
39.43290337197775
31.47446782295756
23.682250679784897
16.10714638418828
8.866859827346023
2.47739388972476
0.07350077801318239
0.07073285256526946
0.09109025696777381
0.12152475500792245
0.1700419287652568
0.2548333845452737
0.42495680828731947
0.8497744370826698
2.3033624282815164
8.14036325091557
23.459065145314757
44.50677071010994
65.61425979989107
86.32280167750729
106.5761144249597
126.21714026669063
144.8789818100887
161.71308944817034
173.81998504642877
176.55908500770985
171.65813044456263
163.618878872981
154.7963390475107
145.76091555814114
136.6735347750931
127.60010006669057
118.57613871022036
109.61803720826839
100.73715948174858
91.94417514473928
83.24755886050592
74.65373325999168
66.16707046222136
57.78986966225178
49.524626347027905
41.38207483194122
33.38290446594514
25.55775963155725
17.947239744857164
10.614263478823386
3.8981296621942185
0.1480606367864084
0.06684866133524872
0.08538263142366667
0.11285315874060702
0.15590975879303481
0.22925296658965774
0.37048492857720394
0.7007058548055178
1.7408853394476578
5.948299130550493
18.78740621667836
39.236663336648924
60.43314753732951
81.24340334441906
101.61714128478337
121.4345939860247
140.39962387431802
157.78501570902407
171.52522518423368
176.79091239498206
173.27749409942825
165.67310399455295
156.96950814254862
147.96228338159722
138.8797965197187
129.7995954186487
120.76161341286759
111.78668238470645
102.8860622520283
94.07085217859928
85.35005527767083
76.73068176997138
68.2177489837042
59.81444741043703
51.52268910343369
43.349472104655156
35.312403257780915
27.439897088108292
19.77117580255435
12.358325141051045
5.422643815550306
0.45631845371656776
0.06360990786095556
0.08021478420097884
0.10508227034786034
0.1434278149787857
0.20726541925352165
0.32601224797966655
0.5885345049630752
1.3518032904045787
4.3449827512909405
14.709622787231835
34.05286297006629
55.32552751307704
76.23449598997097
96.7197668029973
116.69174408543134
135.90240322358986
153.7794921712969
168.76024580350435
176.47825246469773
174.69603794039045
167.67087928305725
159.1246539196445
150.16274791612489
141.08727500518117
132.00214906227842
122.95210096258545
113.96048290910679
105.04096526949155
96.2043228905422
87.45997229851045
78.81600324016168
70.27662903394959
61.845746182412455
53.529060440661226
45.334087104545105
37.27033084866788
29.353473031055195
21.61308831267332
14.111952300944715
7.013268162894957
1.1970846099674723
0.06233404296973485
0.07549603416412479
0.09807475755438559
0.13234052259834403
0.18815788961158142
0.2888398792296334
0.5010494569330284
1.0737389279902694
3.1978815031588157
11.263382499855805
28.962829451075706
50.24144238881291
71.24587926509581
91.8360498823254
111.95499279576111
131.39332288246402
149.69579647186615
165.59282364288939
175.58126522745138
175.73606232707905
169.5275873129031
161.20553785787638
152.29899154716986
143.22369629335356
134.14130796243478
125.08118076337364
116.07392259575558
107.13621547221261
98.27951307564655
89.5140485566827
80.84580420510466
72.2799673278882
63.82212231315684
55.478250630180185
47.25473082937565
39.15908918478632
31.20495156562052
23.417938368704085
15.853691983348728
8.631195929094737
2.296828179655143
0.07024541410401247
0.07130886460732003
0.09193142343805895
0.12281442328150334
0.17218086301849714
0.2587965919847333
0.43361525020622455
0.8741807406366363
2.397918769490247
8.49092868899701
24.135805216883142
45.23234690542442
66.32733296233435
87.02162988363614
107.25727222290732
126.87233852126548
145.489846237869
162.23682375317745
174.05596898349967
176.45732439422844
171.428830332027
163.3300316854526
154.4962306071563
145.4563572156319
136.36885934124035
127.29672278842025
118.2743954779039
109.31891881169824
100.44092734064479
91.65098635299135
82.95751647651285
74.36703286458409
65.88414519617655
57.51279755030415
49.25697011411018
41.124133443296444
33.13159004112399
25.306614522463757
17.686453613799507
10.356349215175198
3.682477329297074
0.12809838007698285
0.06735279277192285
0.0861286904828432
0.11396487044450793
0.15768042773126323
0.23239742091646998
0.37713333608285465
0.7189850644962349
1.810065259284197
6.2276264360530895
19.435390805911425
39.99007087729541
61.181070615731
81.97790014400718
102.3290972418547
122.15756545707863
141.09406489638314
158.4166667245946
171.8640739076766
176.8132746568587
172.93028872925092
165.25817814103274
156.55433104687296
147.5418981583905
138.45651898742616
129.38027236830638
120.34603888765108
111.37341690602929
102.47668948917658
93.66622231866481
84.95154010947762
76.33725969198305
67.82767152244975
59.42831184496139
51.14596269141699
42.98865188153187
34.96593979429321
27.096283916929924
19.416505833897926
12.004239640255694
5.108746393261754
0.3627279875221242
0.06413889900709879
0.08116056853830253
0.10648271578975807
0.14560919443458967
0.21099325832782523
0.33350515742492276
0.6077803660452312
1.4188359741350245
4.62958898093179
15.48472030506801
35.081584250581365
56.34518959796197
77.23540716508495
97.69965674711736
117.6283503793587
136.84125356891616
154.64446578645203
169.43141196299894
176.6098875287609
174.36479415549255
167.18965709245705
158.62322638732243
149.6528256253556
140.57349515587495
131.4913571293832
122.44495439281033
113.45636906924659
104.54103910351441
95.70968299715813
86.97197631593413
78.33350697117925
69.7990376636592
61.37398549898075
53.06442198759245
44.87707304478228
36.821125093365175
28.91191880266739
21.182750971071858
13.699578830014838
6.636268293983902
0.9837852372201097
0.062248704263449695
0.0765518795629645
0.09963225355898571
0.1347753647661481
0.19229985745992173
0.29680751992943816
0.5195232540689259
1.1309938752896558
3.434130039873085
12.013849179594951
30.13729957764975
51.42689855027696
72.4088970064972
92.97854710375108
113.05172093683707
132.43851311105928
150.67199149983895
166.39516329506105
175.86675628850975
175.5979827145417
169.13603480648018
160.73646909344797
151.82082186052415
142.75354006557794
133.6664698806863
124.60847974290719
115.60441077355615
106.6705512545772
97.81817779796665
89.05702682902131
80.39369917103382
71.83377141280086
63.382626715270035
55.04545481153717
46.82762631266303
38.73820751105465
30.792328770238882
23.01744548508999
15.463058920499568
8.268288813059463
2.0284099729648424
0.06672993138549933
0.07220782013699449
0.09324414937661094
0.1248384924121959
0.1755531966532779
0.2650521508872689
0.44733420127182333
0.9136243727150565
2.552887075433485
9.055334644993053
25.19221342919983
46.34076098139315
67.41734627148126
88.09100350091701
108.28693287364015
127.8856058609733
146.4801460876339
163.04475632658523
174.4337197296331
176.38700291357833
170.88254257782728
162.7559362685112
153.9159121465695
144.86572192973077
135.77908285320518
126.71209559164662
117.69383679722698
108.74242084393263
99.87035360341532
91.08746555620046
82.40129774923031
73.81686367094953
65.33950388385561
56.97488612484751
48.72900530522317
40.609147905264386
32.627773134779645
24.808404941861603
17.198088754701867
9.895986685565235
3.296735830678764
0.10217498419309588
0.06835351145268279
0.08760622845740697
0.11620031939417126
0.16129751972309894
0.23889112643661056
0.39084527509601014
0.7558365266290721
1.946106898529793
6.769272292857479
20.642703224527313
41.383404998484785
62.54938555331586
83.31951824051606
103.63984545664017
123.41846497684448
142.2749269108876
159.47627978152215
172.46330665971425
176.78938966362514
172.50192785052832
164.72900301152964
155.9889376841397
146.96297349324414
137.878091577712
128.80327451456964
119.77208039196957
110.8039747581693
101.91276373297725
93.10844646631647
84.39971456936941
75.79138638556745
67.28862529622215
58.8971379073134
50.62317404949018
42.473528514298515
34.45928962841256
26.598515219925293
18.933802555260105
11.545752864846728
4.703403624248465
0.26708259464751816
0.06495656071726114
0.08249315022824694
0.10847649101127575
0.14879972431610064
0.21659057186057862
0.34479637745691794
0.6359402956334622
1.5150759011625623
5.024814177054033
16.53105144447327
36.44661100419892
57.69526503266846
78.55961486316366
98.99185620299475
118.91023547901388
138.01483262975745
155.72030409720412
170.0353720799901
176.74255118986756
173.97674789135948
166.68738456652173
158.09522256565174
149.1048360006163
140.00598692876386
130.9295566665227
121.88667283100568
112.9029317172401
103.99243302126801
95.16628919749438
86.43410567883903
77.80085962558897
69.26943660456288
60.84550258714541
52.537539185594106
44.35684365303005
36.31752888344762
28.436523411706926
20.73357141353544
13.26551426830857
6.239770080123066
0.7841676399314069
0.06252122651997337
0.07776161208026959
0.10144000225144822
0.1376253483975065
0.19711330935950697
0.30585284913181937
0.5402207051054699
1.1959482212888077
3.7028519345407185
12.843191387648512
31.39052481716987
52.67753332633137
73.63626515529201
94.17894388873933
114.21207386583698
133.54678754933832
151.7234562017637
167.22110005182185
176.18581537933625
175.30169658878478
168.6625253135041
160.19577277535396
151.27064095083597
142.200335740839
133.1133714776994
124.05849508428398
115.05908864388662
106.1295934403927
97.28195429026535
88.52587141817675
79.86856410165899
71.31248771033461
62.86159805555713
54.52337262927862
46.30881060405929
38.23243283305977
30.312281850044045
22.569921869382718
15.038624415032219
7.869426510380992
1.748514913672791
0.06439359810652391
0.0732952745395775
0.09486013262062395
0.12735969345653717
0.17973782490418683
0.2726713883133139
0.4636639325030599
0.9601865529463114
2.7376814845105915
9.708832865021662
26.3720211995393
47.57724209468865
68.62971555857402
89.27486836203431
109.45516158624972
128.98604342005078
147.4624606929082
163.8060935518295
174.88573317228597
176.2081516530445
170.53354842470648
162.33647807954048
153.45819044780814
144.40931492611185
135.3216384710145
126.25450603297861
117.23943108173233
108.29236488694397
99.42408884228728
90.64479822279931
81.96272531366785
73.38428431604595
64.9140713470431
56.55567217150935
48.312645027368745
40.19283594762433
32.215812826787726
24.413151956859252
16.828438027337896
9.548670241872966
3.01296121668628
0.08904020135823683
0.06915947458509362
0.08878704471419835
0.11801206273610006
0.16429953921082724
0.24437725118202766
0.40233216611886463
0.7862445987604608
2.058338366657196
7.207342774020066
21.575645547749914
42.43357168959343
63.58167972823707
84.33153856939812
104.62271856353469
124.38125845882367
143.1936962312972
160.21410546293356
172.97402040096543
176.73390466546468
172.18446937755735
164.28761827912334
155.53302379186852
146.5073283300633
137.419724751527
128.34679676697772
119.31915201277975
110.35468358963132
101.46699932942538
92.6666822787836
83.96304338804396
75.36098399758396
66.86336102235288
58.475468453714356
50.20504214725039
42.06225982276475
34.05974106427519
26.21287783858736
18.557337500863603
11.1864928467749
4.389965916312242
0.21090537932990389
0.06564855343720045
0.0835744556696186
0.11010948033278871
0.15142075927633217
0.22118328920184258
0.3540116882857183
0.6592938032846004
1.596743647926621
5.360976559446452
17.37990280104791
37.51372918928237
58.74581561940758
79.58968513169737
99.99898875654192
119.88527947307381
138.93669498101397
156.54245007429662
170.58982690075214
176.79540612876133
173.68088460462198
166.2744334926791
157.6656620049284
148.67171437525988
139.5612605017736
130.47761527165036
121.44304876840755
112.46285505414595
103.55647489726715
94.73465330488459
86.00483044523104
77.35436870816596
68.79361229080172
60.34171478037432
52.018567520396594
43.84479961064985
35.8417779071935
28.031607022356415
20.437129324741456
13.081924939226822
6.083874453404102
0.713890986419766
0.06312449042889628
0.07892918410294654
0.10325501587791018
0.14051004264183678
0.20183992643741713
0.31398215516233324
0.5554318258760056
1.231627684046181
3.8224625686228633
13.187956879763052
31.91529518757974
53.201237862373524
74.1448280896336
94.66152366580222
114.7050889084412
134.0157592020032
152.02093600915865
167.44736469185747
175.99637875011277
174.98091656681416
168.2341682335626
159.7816938394053
150.84795703468725
141.77501312651367
132.69218869607047
123.64066512466734
114.64433317667128
105.71874202935915
96.8758100088496
88.12517395145619
79.47412456691816
70.92586320424765
62.48513598997318
54.15843197688469
45.953983144044116
37.88176439677605
29.954308483137464
22.19862843734279
14.675018634005935
7.534182906391588
1.5210198202456593
0.06315101990901155
0.07409953464559318
0.09602321586741838
0.12914312149083257
0.18274617856394593
0.2785241554545711
0.4774811766895555
1.0023644934551041
2.9084434899308067
10.29646509623822
27.372047215566642
48.61477290826911
69.64879894501131
90.2727818483178
110.43013512770872
129.9317358304342
148.34817621304475
164.51656735812898
175.15852219777486
176.02685490249482
170.12692477503995
161.88029382654827
152.9909766727783
143.93065462159817
134.84534010389163
125.78142329229271
116.76916226214244
107.82609971573308
98.96288260103434
90.18913902054665
81.51210344969999
72.93816632119903
64.47288913228346
56.12100444473797
47.88722099455993
39.780273878183934
31.814572442947387
24.015562372916637
16.42760091447934
9.171289926648887
2.709843833632628
0.07848502954247219
0.07001315340304327
0.09003588789623591
0.11990729998467241
0.1673815811307063
0.2499608136585243
0.4144111297499984
0.8203286754708771
2.1890478255377865
7.710637316468726
22.61621601466548
43.59373876964846
64.71987878956055
85.44722811562359
105.7143753410831
125.42670810920778
144.16237400954162
161.09649031115487
173.41021638229165
176.6744938838508
171.81082456286592
163.86361306611045
155.0759859598602
146.03880979242874
136.95246765335742
127.88078069023642
118.85525429815745
109.89428921894913
101.01134627796061
92.21629274277345
83.5177292261385
74.92012824096064
66.42845310177748
58.04845383489599
49.78666717839502
41.65041658213047
33.65075393464509
25.809357805173164
18.167212692359104
10.813074166594117
4.068257552253165
0.16648356892651178
0.06638790134768448
0.08469258834533881
0.11178632289939872
0.15412580555755861
0.22601842095547994
0.3640037681503116
0.6850468064537915
1.6878418091045786
5.736607294300429
18.288455106883724
38.66351166460128
59.871720327171275
80.69307353054855
101.06566210984475
120.98879110725018
140.07158980719552
157.4114497776127
171.32012914585172
176.89579820898484
173.43990089786197
165.8921966685012
157.18277992868428
148.19330525210393
139.1093486835123
130.02830514577172
120.98988647324445
112.0129069946511
103.11055823681892
94.2934831446864
85.5704727516995
76.94846945420306
68.43262293629213
60.02653968536838
51.73561818414023
43.567902308573224
35.53436220076086
27.652700672703627
19.957646736263914
12.521852984638718
5.569855590686686
0.5062420755269899
0.06332525387289348
0.07969978044921992
0.10430221725077272
0.14214591161147297
0.20497305703204
0.3215377815985865
0.5784128545994325
1.320521608747222
4.22052919935035
14.36043244583116
33.56370369950826
54.84056858097538
75.7594003858371
96.2500530463103
116.2421877303324
135.5271465344685
153.43706851083388
168.5532750776834
176.41726907843585
174.74468937065538
