0.5
10.85110614844779
20.623674967742147
30.254822170010655
39.796777737273565
49.26768637591147
58.676201348468105
68.02709679519617
77.32351049200231
86.56750257163567
95.76053994947927
104.90377434028946
113.99816391178479
123.04447328464597
132.04331908976803
140.99526534340734
149.9007789613494
158.76029848531212
167.57423630921602
176.34297867918357
185.06688569353992
193.74629130281278
202.38150330973198
210.9728096981881
219.52051497931902
228.02489235541412
236.486205066081
244.90471240557517
253.2806697228003
261.6143284213081
269.9059359592981
278.1557358496181
286.3639676597639
294.5308670118792
302.6566655827556
310.74159110383334
318.7858673611998
326.78971419559133
334.7533475023919
342.6769792316333
350.5608201284568
358.4050921235494
366.21000390694707
373.9757604664235
381.7025655745224
389.39062178855744
397.04013045061214
404.6512916875401
412.2243044109646
419.75936631727893
427.2566738876464
434.71642238800007
442.1388058690431
449.52401716624865
456.8722478998592
464.18368847488813
471.4585280811175
478.69695469310057
485.89915507016
493.06531475638786
500.1956180806467
507.290248156569
514.3493868825569
521.3732149417831
528.3619118021891
535.3156557164862
542.2346237221584
549.1189916414568
555.9689340814018
562.7846244337875
569.5662348751728
576.3139363668904
582.7246408025379
587.6637340132354
591.1394371723441
593.279624653838
594.2065050672542
594.0366212576918
592.8808503058127
590.8444035278412
588.0268264755643
584.5219989363313
580.4181349330543
575.7977827242074
570.7378248038278
565.3094779015152
559.5782929824312
553.6041552473006
547.4412841324104
541.1382333096102
534.7378906863127
528.2774784054914
521.788552845684
515.2970046209905
508.82305858107316
502.3812738111561
495.98054363202715
489.6240956000357
483.30949150709455
477.0286273806783
470.7677334838241
464.5073743151321
458.2448403482668
452.0100992146382
445.8041498854201
439.6271045445253
433.4790539156495
427.36006726227066
421.2701923876493
415.2094556348288
409.1778618866345
403.175394565675
397.2020156343411
391.25766559480496
385.34226348902405
379.4557211195312
373.5980630610512
367.76920497877035
361.969026051225
356.19740626949056
350.4542264371803
344.7393681704461
339.05271389797815
333.3941468610049
327.7635511132937
322.1608115211498
316.585813763417
311.0384443314775
305.51859052925175
300.026140473199
294.5609830923166
289.1230081281402
283.7121061347439
278.32816847874
272.9710873392804
267.6407557080536
262.3370673892873
257.0599169997483
251.80919996874053
246.58481253810717
241.38665176222938
236.21461550802715
231.0686024549583
225.94851209501928
220.85424473274537
215.78570148520967
210.74278428202362
205.7253958653376
200.73343978983962
195.76682042275644
190.825442943855
185.90921334543657
181.0180384323456
176.1518258219592
171.31048394420003
166.49392204152292
161.70205016892265
156.93477919393627
152.19202079663359
147.47368746962766
142.77969641659735
138.11009011270932
133.46482030434782
128.8437846541967
124.24690238316532
119.67411427038736
115.12538265322183
110.60069142725276
106.10004604628861
101.62347352236321
97.17102242573489
92.74276288488745
88.33878658652935
83.95920677559356
79.60415825523864
75.27379738684787
70.96830209002931
66.68787184261583
62.432727680665124
58.20311219846082
53.9992953757603
49.82219372430338
45.672410375988385
41.550665040735495
37.45844274930361
33.397993853289385
29.372334025127824
25.38524425809251
21.44127086629445
17.548071738877542
13.719081708774942
9.982703300987387
6.393439542313984
3.0991521714515833
0.6555866774269078
0.025191047798772296
0.002963857126078138
0.0026189151613704364
0.0026931230091648984
0.002778507571256526
0.0028677591868242276
0.0029608951599196746
0.0030581842448603016
0.0031598009633879557
0.003266062203407852
0.003377230684592704
0.0034935534876160182
0.0036153903678307507
0.0037430429113468324
0.003876911951512042
0.004017380510788722
0.004164895944803349
0.004319897188433701
0.0044828951839898604
0.0046543866951643635
0.004835042161824142
0.0050254471185300865
0.005226281811371288
0.005438322468431961
0.00566245702859755
0.005899450914094864
0.006150386953580688
0.006416336230546029
0.006698479334098015
0.006998087141657987
0.007316677516377875
0.0076558413197055745
0.008017219234175199
0.008402847151316934
0.008814965181923365
0.00925579376288748
0.009728214460548513
0.010235149789022206
0.01078003312665111
0.011366592591918757
0.011999178845033268
0.01268268329044208
0.013422528295297524
0.014224983829618934
0.015097237256145172
0.016047662751857303
0.017085342756606163
0.018221546306362836
0.0194688011197561
0.020841760689143257
0.022357901485032524
0.024037617360102195
0.02590507862327511
0.027989124273308144
0.030324249119748084
0.032952053706809585
0.03592353358003866
0.0393007147462613
0.043161010327412576
0.04760063564525097
0.052741577264291364
0.05874020142794629
0.06579863551409311
0.07418343814487993
0.08425241573477936
0.09649161725386687
0.11158195866181025
0.13049623526423007
0.15466631285860552
0.18628085177374654
0.22880146054082473
0.28802465791733184
0.3742092835939025
0.5067263281206313
0.7254204254598274
1.118906872985624
1.8939589650039725
3.5158665185909053
6.815800347028722
12.6417654688691
21.18440872647469
31.55522887952155
42.43006057847569
53.26117995937359
64.02695189493737
74.72851928162592
85.36917284609544
95.95072383422779
106.47449814497216
116.9416644979254
127.35323443333523
137.71006231209785
148.01284531575809
158.26212344651134
168.45827952720117
178.60169927618063
188.69285370783965
198.7321006530835
208.71978457157206
218.6562367008286
228.541775056242
238.37670443106487
248.16131639641424
257.8958893012731
267.5806882724867
277.2159652147667
286.80195881068846
296.3388690799579
305.826884360411
315.2662714143047
324.65728372650364
334.00015800599533
343.2951141858918
352.54235542342985
361.7420680999696
370.89442182099606
379.999569416118
389.05764693906764
398.0687736677037
407.03305210400566
415.9505679740807
424.8213902281572
433.64557104058986
442.4231458098558
451.154133158558
459.8385349334225
468.4763362052996
477.067505269165
485.61199364411493
494.1097360733746
502.5606505242909
510.96463818833513
519.3215605353987
527.631368679048
535.8950022747746
544.1129506535273
552.2849406208886
560.4099364570744
568.486139916933
576.5109902299478
584.4811641002335
592.3925757065387
600.2403767022448
608.0189562153666
615.7219408485539
623.3421946790859
630.8718192588782
638.3021536144789
645.6237742470676
652.8264951324593
659.8993677211017
667.2821743283845
675.1483799260849
682.6419548321489
689.0603352339997
693.8690265774264
696.7016035665869
697.3597101640069
695.8130595905798
692.199434325567
686.8246861065978
680.1627359296689
672.8555740491457
665.6966286517707
658.7226027798598
651.701637938872
644.6547966013588
637.599626213497
630.5501591950884
623.5169129395588
616.5068898139601
609.5235771589688
602.5669472888868
595.6350370363305
588.7314501264224
581.8572174726702
575.0127544059671
568.1984371285619
561.4146027140586
554.6615491074156
547.9395351249478
541.2487804543252
534.5894656545732
527.9617321560726
521.3656822605585
514.8013791411225
508.26884684221153
501.7680702796276
495.29899524052786
488.8615283834245
482.45553723818597
476.0808502060354
469.7372572433462
463.4246848658458
457.14311537242645
450.8924433245993
444.6725606356725
438.4833565707516
432.3247177467403
426.1965281323381
420.0986690480436
414.0310191661523
407.9934545107573
401.98584845774934
396.0080717348157
390.05999242144185
384.14148925359325
378.25244004028286
372.39270970482534
366.562164019237
360.76066960423816
354.9880939292514
349.2443053124023
343.52917292051933
337.842566769133
332.18435772247733
326.55441749348904
320.9526186438076
315.3788345837757
309.8329395724374
304.3148087175409
298.824317975537
293.3613441515788
287.9257648995229
282.51745872192794
277.13630497005556
271.78218384387077
266.4549763920405
261.154564511935
255.88083094962784
250.6336592998936
245.41293400621223
240.21854036076343
235.0503645044333
229.90829342680638
224.79221496617353
219.70201780952831
214.63759149256288
209.59882639967975
204.58427127851832
199.5920152518779
194.622374512047
189.67567876090044
184.75224692154995
179.85238713834312
174.97639677686513
170.12456242393765
165.29715988761907
160.4944541972048
155.7166996032258
150.9641395774511
146.2370068128859
141.53552322377195
136.8598999455885
132.21033733505004
127.58702497010925
122.99014164995472
118.4198553950121
113.87632344694383
109.35969226864842
104.87009754426148
100.40766417915603
95.97250629994078
91.5647272544621
87.18441961180133
82.8316651622787
78.50653491745007
74.20908911010822
69.93937719428237
65.697437845239
61.48329895948044
57.29697765474694
53.13848027001342
49.00780236549443
44.90492872263913
40.82983334413429
36.782479453901914
32.76281949710331
28.770795140135515
24.806337270628536
20.87161050882631
16.98641216848004
13.168668770088132
9.449777500909416
5.889207387222927
2.6674071871700447
0.4507403745837926
0.015326157806271265
0.0027904539408132468
0.0026321074953528094
0.00271059482303259
0.002796917291468011
0.0028870747762083445
0.002981173145597358
0.003079456766365336
0.0031821816337633028
0.0032895713243088127
0.0034018979293775203
0.0035194898495589616
0.0036426778835050924
0.00377175132907726
0.003907138473556318
0.004049235600202423
0.0041984217399336984
0.004355272100821454
0.004520171834854823
0.004693782719514613
0.004876627624930973
0.005069419642887895
0.005272790133827398
0.005487574158989208
0.005714557366974715
0.005954734440280768
0.006209051484337998
0.006478673149299293
0.006764751541345929
0.00706864607012754
0.007391879658853492
0.007736048879037007
0.008103042190745844
0.008494964936938163
0.008914095116702235
0.009363040273534316
0.009844449963503072
0.010361525773786356
0.010917792282774315
0.011517122869321545
0.012164021278844223
0.012863487609928986
0.013621199625996184
0.01444366460224252
0.01533836980440061
0.016313615679244338
0.017379461334208937
0.018546901709561647
0.019829183328805056
0.021241694550804945
0.022801804964898875
0.024531472549250734
0.026455118392245885
0.028602481794643007
0.031009447429969948
0.033719265494901215
0.03678366422486865
0.04026795963096262
0.0442515739770363
0.04883407295768333
0.054142388043942266
0.060337263744495676
0.06762985653961837
0.07629553290050231
0.08670647278015256
0.09936969232748769
0.11499454710509119
0.1346011246347591
0.15969758505044737
0.19259921955645506
0.2370190949696094
0.29921517888300486
0.390404099338217
0.5320819088138969
0.7687972504169744
1.200594852760591
2.061169385517023
3.8692764664755592
7.490472035876217
13.724433538820888
22.617284364834415
33.12729179019898
44.000042160746915
54.82538918949902
65.58145947892989
76.27395783272848
86.90566430495602
97.47857575320943
107.99413018802828
118.45333894624483
128.85706907449742
139.20608443320003
149.50104569654394
159.74251035249472
169.930932702795
180.06672169321908
190.1503004201887
200.1820232762834
210.16223107822807
220.0912517978291
229.96940056197337
239.79697965262824
249.5742785068432
259.3015737167467
268.97912902954886
278.60719534754037
288.1860107280916
297.71580346715035
307.1968061670067
316.62924183621465
326.0133236753675
335.3492556089599
344.6372322853906
353.87743907695864
363.0700520798652
372.21523811421406
381.31315472401013
390.36395017716274
399.3677634654813
408.3244770907529
417.2342119312993
426.0973885394037
434.91433543220575
443.6852890916973
452.41039396472513
461.0897024629908
469.72317496304896
478.3106798063109
486.8519932990403
495.3467997123555
503.79469128222973
512.1951682094893
520.5476386598176
528.8514187637492
537.1057326166751
545.3097122788387
553.4623977753397
561.5627370961316
569.6095861960223
577.6017089946727
585.5377773765991
593.4163711911735
601.235978252619
608.9949943400155
616.7865899630916
625.3371130617719
634.4068929823427
643.5547186791704
652.3920385190827
660.5829602813719
667.8442511577939
673.9453377525676
678.7083060823768
682.0079015763678
683.7715290761507
683.9792528357995
682.6637965218516
679.910543213308
675.8575354016333
670.6954749907568
664.667723297068
658.070301049425
651.2518883891443
644.4565430202533
637.5948494318494
630.6839355047866
623.7429861158962
616.7886221756766
609.8349006283006
602.8933144516092
595.9727926571139
589.0797002900003
582.2178384291204
575.3884441870019
568.5901907098383
561.8191871774968
555.0736100587119
548.358267915887
541.6734271234
535.0192204211572
528.3957642483505
521.8031587434593
515.2414877442449
508.7108187877571
502.2112031103281
495.74267564757565
489.3052550344047
482.8989436050025
476.52372739284414
470.17957613068825
463.8664432505781
457.5842658838437
451.3329648610987
445.11244471224427
438.92259366646476
432.7632836522278
426.63437029729
420.53569292869247
414.46707793469596
408.42847066253046
402.4197900189848
396.4409004261984
390.49166716927965
384.5719563963127
378.68163511835183
372.82057120942346
366.9886334065291
361.1856913096395
355.4116153817008
349.66627694862945
343.94954819931417
338.2613021856185
332.6014128223753
326.96975488739315
321.36620402145047
315.790636728298
310.24293037466174
304.72296319023656
299.2306142676933
293.76576356267225
288.32829189378674
282.91808094262507
277.53501325374333
272.1789722346752
266.84984215592374
261.5475081509629
256.2718562162438
251.02277321118598
245.8001468581836
240.60386574260193
235.43381931277818
230.28989788002593
225.17199261862498
220.07999556583238
215.01379962187764
209.97329854995783
204.95838697624802
199.968960389892
195.0049151430083
190.06617753063028
185.1526973998478
180.26435817645387
175.4010478627077
170.56266144108105
165.749100874253
160.96027510511234
156.19610005675958
151.456498632502
146.74140071585933
142.05074317055877
137.38446984053712
132.74253154994304
128.12488610313167
123.5314982846709
118.96233985933587
114.41738957211149
109.89663314819458
105.40006329298785
100.9276796921075
96.47948901137727
92.05550489682994
87.65574797470897
83.28024585146721
78.9290364548347
74.60237663285292
70.30045033986262
66.02342207302696
61.771590667736035
57.545389297611536
53.34538547450234
49.17228104848705
45.026912207874574
40.91024947920148
36.82373638593113
32.76911993896963
28.748135892089923
24.76516846650916
20.827387940454102
16.9447506491656
13.130211394453612
9.411147839781624
5.853569995198812
2.6363930687588164
0.4379263124977623
0.01480134215388804
0.002774436790028698
0.002626005814281601
0.0027043754888618184
0.0027904548946568854
0.0028802945519118156
0.0029741060839278692
0.0030720716916992183
0.003174424611705099
0.00328145118098585
0.00339341172408438
0.0035106111636741383
0.00363333299950776
0.0037619732925132593
0.0038968633819490934
0.0040384368327175384
0.0041871226049816496
0.004343352503138177
0.004507645087821152
0.004680572608544314
0.004862710884724466
0.005054712647369352
0.005257266336810371
0.00547118603304821
0.005697250021310337
0.005936405241872433
0.006189638414004816
0.006458052686576397
0.006742886758839895
0.007045366531086516
0.007367109386339418
0.0077095867838848815
0.008074648574516468
0.008464342774444213
0.008880812239169058
0.009326460165822307
0.009804115038503761
0.010316778868431601
0.010867973211093547
0.011461498620831729
0.012101699862962534
0.012793671678600654
0.013542892881009056
0.014355845774267888
0.015239839845032703
0.016203169692496938
0.01725565181121667
0.01840832566696652
0.0196741990088652
0.02106844627501899
0.022608745827536834
0.024316038481583844
0.02621528223562168
0.0283360471504686
0.030713600079414857
0.03339115926835768
0.036420927367741766
0.039867442519802634
0.0438108873208797
0.04835065874803318
0.053614186646407366
0.05976321350660456
0.06700909833531715
0.0756319667156766
0.08600397033774299
0.0986384281247257
0.114253033165167
0.13387818410208674
0.15903886241170992
0.1920771466924786
0.23674337137763962
0.29934388745893864
0.39114971394027154
0.5337639069360933
0.7720955263472181
1.20691456382104
2.0742514313210876
3.8928106617995804
7.543861430478502
13.805066730804286
22.718074634442544
33.24043091865265
44.12396795776221
54.944238898644365
65.6997360679012
76.39159660013584
87.02282159861937
97.59519954447946
108.110056049461
118.56853922707562
128.97161969261225
139.32009056313208
149.61456745746557
159.85549657865042
170.04336585486186
180.1786223551469
190.2616508867579
200.29281966650035
210.27248032074294
220.2009678854063
230.07860080597254
239.9056809374819
249.6824935445267
259.40930730126405
269.0863742313257
278.71392633818647
288.2922127861666
297.82148601819466
307.3019870320641
316.73394538042265
326.11757917078137
335.45309506551087
344.74068828183755
353.9805425918522
363.17283032250043
372.3177123555907
381.4153381277913
390.4658456306259
399.46936141048326
408.4260005686067
417.33586676110133
426.19905219893417
435.01563764792564
443.785692428763
452.50927441698633
461.1864300429979
469.8171942904102
478.4012228545522
486.9387096120123
495.4302669206623
503.87621950389405
512.2766044506161
520.6311712152498
528.939381617738
537.2004098435353
545.4131424436167
553.5761783344732
561.6878287981095
569.746117482051
577.7487803993356
585.6932659285205
593.5767348136803
601.3960601644026
609.1478274557951
616.8283345284786
624.4335915885948
631.959321207799
639.4009583232627
647.0036378046601
655.3708461489416
663.8825036273988
671.9158829441132
678.95936114718
684.6124196287158
688.5856441248513
690.7007247157368
690.8904558255387
689.1987362224403
685.780569018643
680.9020616703656
674.9404259778436
668.3839780853289
661.7007166853801
654.8845510150744
647.9659968015933
640.9828779947034
633.9667601153812
626.9429502558173
619.9304970794085
612.942190820766
605.9845632857088
599.0578878512657
592.1561794656805
585.2750702244797
578.4223524664137
571.5987514570417
564.804717485422
558.0406552747831
551.3069239825165
544.6038372001841
537.9316629535123
531.2906237023939
524.6808963408913
518.1026121972311
511.5558570338095
505.04067104718695
498.5570488680912
492.10493956141937
485.68424662623136
479.29482799575885
472.93649603739686
466.60916318934136
460.3128591052046
454.0474682027183
447.812873333972
441.6089568561025
435.43560063129644
429.29268602679264
423.18009391487664
417.0977046728871
411.0453981832101
405.0230538332812
399.03055051558874
393.06776662766737
387.1345800721047
381.23086825653616
375.3565080936465
369.5113760011736
363.6953479019006
357.9082992236649
352.1501048993508
346.4206393668926
340.71977656927663
335.0473899545364
329.40335247575683
323.7875365910728
318.199814263668
312.64005696177674
307.1081356586826
301.6039208327187
296.12728246727124
290.6780900507703
285.2562125767021
279.8615211691191
274.49390759308
269.1532498033277
263.8394234135145
258.55230667806467
253.29178049216964
248.05772839179335
242.85003655366745
237.6685937952938
232.51329157494624
227.38402399166495
222.28068778526327
217.20322118555382
212.15154631434763
207.12554121325275
202.12508858662275
197.15007580156256
192.20039488792347
187.275942538305
182.37662010805747
177.50233361527674
172.6529937408099
167.82851582825035
163.02881988394003
158.2538305769712
153.5034772391822
148.77769386516218
144.07641911224678
139.39959630052024
134.7471734128169
130.11910309471713
125.51534265455295
120.93585406340154
116.38060395508994
111.84956362619347
107.34270903603726
102.86002080669202
98.40148422298022
93.967089232469
89.55683044547852
85.17070713507259
80.8089455138931
76.47171752870686
72.15903670574968
67.87105341559152
63.608054885360055
59.37046519874569
55.15884529599731
50.97389297392403
46.816442885897004
42.687466541845666
38.58807230826109
34.519511843687326
30.484340977821766
26.485128082281964
22.526696055478844
18.617784713623738
14.771050790723855
11.005546740766967
7.36581538290707
3.963108161681512
1.1753264267577164
0.06803897751150649
0.0038088387820022483
0.002611210181027784
0.0026685274401045105
0.0027526959052312887
0.00284093139520461
0.0029329862509246633
0.0030291349343795388
0.0031295831373165358
0.0032345439757316104
0.0033443487917831955
0.003459225812124292
0.0035795039021703345
0.0037055611736118714
0.003837714030622394
0.003976322113987658
0.004121853921486138
0.004274762166833846
0.004435512756772761
0.0046046317782907934
0.004782682017272384
0.00497037336968119
0.00516829092871693
0.005377139437843645
0.005597840548255359
0.005831192664556919
0.0060782074209721
0.006339917915071294
0.006617470466732671
0.006912165295411631
0.007225454644877222
0.0075586789378219825
0.007913762480385573
0.008292572075680479
0.008697139115936395
0.009129835409405098
0.009593280097959699
0.01009041495587801
0.010624466139663249
0.011199209025785356
0.011818650378262187
0.012487652825328035
0.013211393268789342
0.013995959771863358
0.014848320208293297
0.0157762080092512
0.016788884157756853
0.017896660609656355
0.01911196455237818
0.020448596519446808
0.021923342182434535
0.023555573730132826
0.025368463967371125
0.027389193479522813
0.029650648524796316
0.03219244592417479
0.03506281945890279
0.03832013498790581
0.04203751285788831
0.04630549358194301
0.0512380824006393
0.0569813875969208
0.06372314621357658
0.07171056538069118
0.08127277531511576
0.09285510325766956
0.10707603834849636
0.1248136066741018
0.147349263879267
0.17661860022215486
0.21566302859932085
0.2694798465770858
0.3467673387567974
0.46366604212261103
0.6525997152591433
0.9840832735678111
1.6211484036232655
2.940683406119415
5.678734155314003
10.74729121670167
18.581097879191642
28.589433149750054
39.41398987635538
50.26837062776613
61.05263792857129
71.77161295408172
82.42876391736262
93.02641811907425
103.56601952881252
114.04878556364676
124.47575591015752
134.8477925244306
145.1655796320544
155.42962376324797
165.64039338255344
175.79837278233677
185.90395693710758
195.95752352434272
205.95943292449672
215.91002822098972
225.8096352002183
235.6585623515504
245.45710086732112
255.2055246428436
264.9040902760547
274.55303775221756
284.1526187417228
293.7030860148085
303.20468152275686
312.6576363978837
322.0621709535475
331.41849468414586
340.7268062651103
349.98729355291795
359.20013358507833
368.3654925801439
377.48352593770625
386.5543782383916
395.57818324387046
404.55506389684655
413.48513232106706
422.368489821317
431.20522688341754
439.9954231742309
448.7391475416588
457.4364580146394
466.0873343387676
474.69159514518986
483.24931505721383
491.76049737199025
500.2250396106778
508.6427335184389
517.0132650644371
525.3362144418443
533.6110560678322
541.8371585835799
550.0137848542711
558.1400919690901
566.2151312412294
574.2378482078811
582.2115247805887
590.1684404171114
598.11235949157
606.0345654212166
613.9203762050635
621.7491444238909
629.4942572402441
637.1231363984294
644.5972382245226
651.8720536263597
658.8971080935447
665.6159616974466
671.9662090911953
677.87947950969
683.281436769591
688.0917792693265
691.4208201661968
692.4081831150355
691.2654472167451
688.2527282742785
683.6771355415021
677.8927717231953
671.3007329750536
664.3491089036827
657.3988065047403
650.405312617272
643.3815523579908
636.3448284126247
629.3093934686706
622.2864502154027
615.284151343865
608.3075995468746
601.3588475190244
594.4368979566766
587.5405900727621
580.6733495333831
573.8357428812589
567.028170686851
560.2509900730163
553.5045147150142
546.7890148405005
540.1047172295295
533.4518052145571
526.8304186804351
520.2406540644171
513.682564356154
507.15615909769355
500.66140438348776
494.1982228603826
487.766493727625
481.36605273686143
474.99678547910855
468.65872521380874
462.3517633015884
456.0757842773136
449.83067195868017
443.61630944621663
437.43257912328676
431.27936265608355
425.1565409936359
419.0639943678026
413.00160229327537
406.9692435675811
400.96679627107557
394.9941377669505
389.0511447012284
383.13769300276397
377.25365788324643
371.39891383719527
365.573334641965
359.7767933577415
354.0091623275418
348.2703131772189
342.5601168154543
336.8784434337666
331.22516250650466
325.6001427908478
320.00325232681234
314.4343584372437
308.8933277278235
303.38002317599967
297.8942852173421
292.43597652073146
287.00496835415674
281.6011344934435
276.22435122224846
270.8744973320615
265.55145412220827
260.255105399845
254.98533747996387
249.7420391853887
244.52510184677695
239.33441930261847
234.16988789924054
229.03140649079967
223.91887643928717
218.83220161452752
213.77128839417756
208.73604566373137
203.72638481651256
198.74221975367917
193.7834668842228
188.8500451249672
183.9418759005732
179.05888314353174
174.20099329416774
169.36813530063932
164.56024061893777
159.7772432128907
155.01907955415535
150.2856886222239
145.57701190442253
140.89299339590772
136.23357959967566
131.59871952654885
126.98836469518801
122.40246913208577
117.84098937156476
113.30388445578723
108.79111593474641
104.30264786626744
99.83844681600806
95.39848185746169
90.9827245719568
86.59114904865088
82.22373188453732
77.88045218444215
73.5612915610234
69.26623413477925
64.99548428145508
60.75014231186453
56.5303922711584
52.33659203983944
48.169465069159756
44.030100381113314
39.91995256844099
35.840841794629426
31.794953793909634
27.78483987126129
23.81367469555912
19.88798931829687
16.01776157094669
12.222269032144458
8.534754252211005
5.03230828676586
1.9655782375315893
0.21113716482594436
0.007239873802312369
0.002650125918496685
0.0026431315302599084
0.002724988372719486
0.002811987907587806
0.002902796539459861
0.00299760856712556
0.0030966092183622247
0.003200084853535855
0.0033082976360733368
0.0034215030577451743
0.0035400193539543916
0.0036641733233514135
0.0037943126832857103
0.003930798397653233
0.004074051990327362
0.004224534525366417
0.004382697062639495
0.004549071880027957
0.0047242000108136005
0.004908719593614794
0.005103202263845372
0.005308550661257974
0.0055253074962609726
0.005754569787936237
0.00599709868427227
0.006254014761027461
0.006526379532951817
0.006815462997803296
0.007122654900016909
0.007449323306435074
0.007797326712982921
0.008168329480460345
0.00856444383636326
0.008987947327972652
0.00944134430683476
0.009927436150957982
0.010449383561062744
0.011010776521990714
0.011615450193689163
0.012268136538489358
0.012973729207664418
0.013738207290027242
0.014567944990646849
0.015470775945272575
0.016455126598195004
0.01753106662055946
0.018710283264333577
0.02000598346728527
0.021434186586192006
0.02301300835448426
0.024764426176347804
0.026714111169216324
0.028893271599642157
0.03133859035630999
0.03409563262934363
0.03721896123924156
0.04077652408917766
0.04485250404039526
0.049552740066694016
0.055011539430488116
0.06140276982165105
0.0689512442623453
0.07795605079515977
0.08882077117144414
0.10209917620489178
0.11857304318421556
0.13937341174371043
0.16618499873347722
0.2016176607611169
0.2498960691738337
0.31821892920583883
0.4196865738859119
0.5798983166130428
0.8530872973751608
1.3628122234410547
2.398231768238791
4.570885089049972
8.795384603686614
15.735355586024676
25.167716828075577
35.86611810166157
46.73929720209915
57.545362190474734
68.28518396518778
78.96225190358939
89.5793219986666
100.13784534770943
110.63905055569336
121.08402548554093
131.47371725812448
141.8089322522542
152.0903361046958
162.31845371015987
172.49366922130324
182.61628776107773
192.6867840960645
202.70552037561959
212.67282978755722
222.5890338175261
232.45444224901252
242.26935316332853
252.03405293962922
261.74881625490156
271.41390608396665
281.0295736994833
290.5960586719368
300.1135888696533
309.5823306867297
319.0024272861005
328.37416696883145
337.6978214891333
346.97364004582664
356.20184928233124
365.3826532866687
374.51623359146487
383.6027491739397
392.6423364559227
401.6351093038424
410.5811590287299
419.48055438621935
428.33334157653974
437.13954424453055
445.8991634796284
454.6121778158727
463.27854323190815
471.89819315097213
480.4710384409115
488.99696741417483
497.47584582780803
505.9075168834656
514.2918012273941
522.6284969504501
530.9173795880901
539.1582021203678
547.3507680158198
555.4985028858265
563.6037986044697
571.665949727693
579.6826701670594
587.6500931897533
595.562771418572
603.4136768319383
611.1942007638926
618.8941539040944
626.5017662978246
634.0036873459769
641.3849858050709
648.6291497872435
655.7180867602497
662.6321235474684
669.3500063278891
675.8450629487292
681.8942361836613
687.0484976560425
690.9378779181541
693.2940307453912
693.95023313627
692.8413853124223
690.0040107185972
685.5762560226599
679.7978911155964
673.0103091115066
665.6565263476084
658.2811823842371
651.2174458375993
644.1592954793063
637.1019854412305
630.0532530977797
623.0196224185252
616.0064039681994
609.0176949067035
602.0563789890962
595.1241265656016
588.221394581607
581.3474844913229
574.5033896144109
567.6901872506471
560.9080217542937
554.157021098073
547.4372968731645
540.7489442892137
534.0920421743193
527.4666529750426
520.8728227564037
514.3105812018811
507.779941613418
501.2809009114124
494.8134396347236
488.37752194067014
481.97309560502924
475.6000920220421
469.2584262044057
462.94799678327706
456.66868600827405
450.4203597474721
444.20286748741086
438.016042333085
431.8597019249765
425.73376841488874
419.6381725532509
413.5727825821805
407.53746710609107
401.5320950916998
395.55653586802504
389.6106591263853
383.6943349204056
377.80743366600734
371.94982614141526
366.12138348715564
360.32197720605444
354.55147916324455
348.809761586155
343.09669706451825
337.4121585503683
331.756019358039
326.1281531641711
320.52843400770035
314.9567362898686
309.4129347742157
303.89690458658436
298.40852121512313
292.947660510275
287.5141986847891
282.108012313714
276.7289783344001
271.3769740465016
266.05187711197254
260.75356555506795
255.48191776234432
250.23681248265834
245.01812882717465
239.8257462693522
234.65954464495653
229.51940828999213
224.40527582237826
219.31705003487517
214.2546185855937
209.21787226249145
204.20670498337134
199.22101379588005
194.26069887751405
189.32566353561037
184.41581420735332
179.53106045977208
174.67131498973998
169.83649362397952
165.0265153190546
160.24130216137561
155.48077936719852
150.74487528262276
146.03352138359716
141.34665227591276
136.6842056952058
132.04612250695854
127.43234670649719
122.84282541899769
118.27750889947582
113.73635053279473
109.21930683366438
104.72633744663639
100.25747258276351
95.81282064714341
91.39232399301837
86.99597808530949
82.62384258729314
78.27604136060579
73.95276246523662
69.65425815953265
65.38084490019709
61.132903342288515
56.91087833922572
52.71527894277995
48.54667840308043
44.40571416861264
40.29345980632602
36.211458088358675
32.161358319067105
28.146290449231167
24.170906616402863
20.241381144904974
16.366319695421822
12.56233599741462
8.862581359781608
5.338757947893331
2.2096491024193115
0.2816105838015576
0.009283198152998622
0.0026815190181804557
0.0026361932469088625
0.002716957968322411
0.0028036523856588527
0.0028940783444121447
0.0029884548521089548
0.003087097354203964
0.0031901642209728022
0.003297905815634998
0.003410618389298324
0.0035286401981284997
0.00365225981288673
0.003781789363375342
0.003917713847228127
0.004060286944980728
0.004210093858772373
0.004367476947190529
0.004533066752310099
0.004707313112291694
0.0048908963020743495
0.005084442092742492
0.0052886952619423605
0.005504323234608466
0.00573227587114258
0.005973486732853888
0.006228939745446334
0.006499721611403781
0.006787123782481284
0.007092453652798436
0.007417204832337754
0.007762939338661082
0.00813167802668027
0.008525164570036704
0.008945894373843626
0.00939615957033173
0.009878882109211189
0.010397157231369109
0.01095449880113767
0.011554666320376262
0.012202487361396168
0.012902715816118104
0.013661086884651485
0.014484326660636405
0.01537955013308425
0.016355704224026334
0.017422495443874055
0.018591162833674017
0.019875423679199252
0.021290332219138543
0.02285447774363063
0.02458873674836958
0.026519195015631793
0.028676008676957552
0.031095678879703298
0.03382257653856215
0.0369108053233119
0.04042714906418782
0.044453064856215425
0.04909327064045144
0.05447888037157366
0.06077878635424767
0.06821296864877616
0.07707217580467818
0.08774793802298651
0.10077811813073806
0.11692003394494578
0.13726502198984936
0.16343595539461397
0.19793876424409956
0.24481507532486727
0.3109120123968674
0.40859610984868144
0.5618700887871229
0.8211987570431396
1.301070414908475
2.269168537494891
4.304555025758507
8.305593606025594
14.993787963536185
24.23585086896702
34.88000013843634
45.7515109208207
56.56465094259646
67.31036318978764
77.99290907434788
88.6150536657342
99.17868732657519
109.68509865103765
120.13529558033234
130.53016142307467
140.8704548552731
151.15680992033174
161.38973602905378
171.56966309303257
181.69704931802713
191.77227227748637
201.79569096874548
211.76764983299427
221.68847875526623
231.55849306445455
241.37799353330206
251.14726637840286
260.8665832602072
270.5362012830064
280.15636286378134
289.72728462966415
299.2492059146056
308.7223746026036
318.1470260129633
327.52338290031287
336.85165545459336
346.13204130106055
355.3647255002885
364.54988054815806
373.6876663758738
382.7782303499523
391.82170727222535
400.81821937984364
409.7678763452629
418.67077527626435
427.5270007159399
436.33662464269906
445.09970647026546
453.81629304767375
462.4864186592809
471.11010502475267
479.6873607446724
488.2176735061672
496.7011885612187
505.13853320931617
513.5300052428482
521.8755729471055
530.1748751002829
538.4272209734697
546.6315903306648
554.7866334287663
562.8906710175742
570.9416943397927
578.9373651310208
586.8750156197665
594.7516485274375
602.5639370683432
610.3082249496968
617.9805263716077
625.5765260270924
633.0915791020689
640.5207112753554
648.205638304306
656.601821823292
665.0434600218049
672.9267791801592
679.7586918182311
685.15679669546
688.8493788108434
690.6754094029452
690.5845459498895
688.6371321693629
685.0041980186124
679.9674596944498
673.9193196332476
667.36286651094
660.6742503333278
653.8415886167421
646.9097939099555
639.9174767597881
632.8965188262829
625.8720728827053
618.8625628155397
611.8796836244984
604.9284014225095
598.0069534357249
591.1070581974975
584.2301683580715
577.3818949964344
570.5627528944792
563.7732077960648
557.0136764070144
550.2845263951135
543.5860763901177
536.9185959837404
530.2823057296619
523.6773771435261
517.1039327029396
510.56204584747826
504.05174097867723
497.57299346003686
491.1257296170228
484.70982673706163
478.32511306955075
471.9714340604737
465.6488507098345
459.35726972695875
453.0965760665309
446.86665407190674
440.6673874751033
434.49865939680524
428.36035234636375
422.2523482217944
416.1745283097843
410.1267732856816
404.1089632135023
398.12097754592867
392.1626951243077
386.2339941786577
380.3347523276582
374.46484657865574
368.6241533276648
362.81254835936295
357.02990684710005
351.27610335288665
345.55101182740066
339.8545056099875
334.1864574286566
328.54673940008803
322.9352230296248
317.35177921127536
311.7962782277164
306.2685897502889
300.7685828390045
295.2961259425353
289.851086898224
284.4332380192023
279.04208921279366
273.67751625943436
268.3394372197887
263.0277721245902
257.74244297463963
252.48337374080396
247.25049036402206
242.04372075529577
236.8629947956959
231.70824433636076
226.57940319849484
221.47640717337407
216.39919402233804
211.34770347679486
206.32187723822028
201.3216589781562
196.34699433821615
191.3978309300768
186.4741183354838
181.57580810625063
176.70285376425602
171.85521080145145
167.0328366798508
162.23569083153714
157.46373465866105
152.7169315334398
147.995246798161
143.29864776517616
138.62710371690653
133.9805859058402
129.35906755453036
124.76252385560345
120.19093197174813
115.6442710357222
111.12252215035178
106.62566838852825
102.15369479321436
97.70658837743694
93.28433812429112
88.88693498694005
84.51437188861226
80.16664372260801
75.84374735229221
71.54568161109738
67.27244730252367
63.024047200137204
58.80048604757645
54.60177055854222
50.4279094168046
46.278913276203134
42.15484075434217
38.059015514817446
33.994228784786614
29.962802971779897
25.968681449980508
22.017428560223394
18.116276158385432
14.277510433063442
10.52222111725148
6.907392800603546
3.5531206288121346
0.9119816065181439
0.04261851046840926
0.0032972699123400037
0.00261350810605251
0.0026810062920765206
0.0027658706564350505
0.0028546773102157887
0.0029473702903176436
0.0030441488121831567
0.003145249477020363
0.0032509379219147405
0.0033615090508918185
0.0034771903182696947
0.003598333813891669
0.0037252794796307728
0.00385838191905318
0.003998022644871371
0.004144677819823908
0.0042987243559719805
0.004460731976658668
0.0046311914885672715
0.004810753146857853
0.004999993662202444
0.00519961032312614
0.005410347537949191
0.005633056267413571
0.005868627360234448
0.006117996726351021
0.0063822808441885235
0.006662623195969308
0.006960360130180476
0.007276899617972579
0.007613760301631777
0.007972783739442766
0.00835590381290697
0.008765131176364127
0.009202952507706816
0.00967200798817211
0.010175215389600437
0.010716055131151135
0.011298095506645019
0.011925674993930734
0.01260359247903095
0.013337113008916305
0.014132517213862885
0.014996829223799678
0.01593815239406069
0.016965472029446652
0.018089845313179698
0.01932336175242479
0.020680551966943038
0.022178735094695166
0.02383692319854431
0.025679289659662312
0.0277336286866597
0.030033385047136422
0.03261921176871735
0.03554030963109163
0.038856433262101774
0.04264256762128345
0.046991825513208844
0.05202128238655948
0.05788174525619601
0.06476585070716584
0.07293019142623797
0.0827157666184777
0.09458655164844722
0.1091902943689452
0.1274505666090447
0.15071969190947956
0.18104742726589473
0.22167015501922488
0.27793734848331486
0.3592231749225093
0.4831244097619421
0.6853503896776285
1.0442463841579743
1.7420852516148293
3.194889911818031
6.18902915066164
11.607972078677514
19.786613355438945
29.993737620642914
40.8317824971822
51.67282690117992
62.4484191332304
73.15919384346432
83.8085626083719
94.39851809396382
104.93058283855129
115.40602957179306
125.82588121471355
136.1909108796906
146.5016720488714
156.75875054636919
166.96263151738836
177.11375135366657
187.2125224254521
197.25933308150672
207.2545476491083
217.1985064340402
227.09152572060736
236.93389777162542
246.72589674239478
256.4678057085859
266.15989201993665
275.80241276636167
285.39561629101183
294.9397421902773
304.4350213137901
313.881675764413
323.2799188982566
332.6299553246677
341.93198090623207
351.18618275877765
360.3927392513633
369.55182000629554
378.6635858991164
387.72818905860794
396.7457728667929
405.7164719589286
414.6404122235147
423.52082432224273
432.36496079657593
441.1718961841406
449.940243953371
458.6685515476694
467.35530038539645
475.9989058598732
484.5977173393841
493.1500181671667
501.6540256614268
510.1078911153279
518.5096997969952
526.8574709495157
535.1491577909308
543.3826475142491
551.5557612874385
559.6662542534262
567.7118155301034
575.6900682103145
583.598569361872
591.434810027546
599.1962152250683
606.8801439471326
614.4838891613866
622.0046778104471
629.439670811887
636.7859630582417
644.0405834170067
651.2004947306355
658.2625938165457
665.4829313738257
673.2553565895755
680.812732647912
687.4604930363022
692.6576377981637
696.016733532855
697.3039133956783
696.4388770978784
693.4948909066453
688.6987876451109
682.4309666923521
675.2253939833871
667.7696020091782
660.706741800835
653.6875882086305
646.6440935485618
639.5902402532155
632.5379197554629
625.4969324884685
618.4749878856782
611.4777043808259
604.5086094079339
597.5691394013094
590.6586397955507
583.7751076658044
576.9211801862502
570.0978569693639
563.3053285965935
556.5437657780892
549.8133193526908
543.114120287936
536.4462796800586
529.8098887539862
523.205018863348
516.6317214904628
510.0900282463483
503.57995087071686
497.10148123197575
490.65459132723345
484.23923328228767
477.85533935163625
471.5028219184701
465.18157349467504
458.89146672084
452.63235436624336
446.4040693288582
440.2064246353587
434.03932115564845
427.90271245967875
421.7964689283829
415.7204611475708
409.674559922416
403.6586362774541
397.6725614565897
391.7162069230858
385.7894443595711
379.89214566803776
374.02418296984035
368.18542860570204
362.3757551357044
356.595035339295
350.8431422152849
345.11994898184685
339.42532907652327
333.7591561562144
328.1213040971862
322.5116469950684
316.9300591648534
311.376415140901
305.8505896769309
300.3524577460279
294.8818945406399
289.43877547257904
284.022976173023
278.6343724925093
273.27284050094295
267.9382564875916
262.6304969610826
257.34943864941516
252.09495849994425
246.8669336793947
241.66524157385214
236.48975978876314
231.34037110496965
226.21702143311842
221.11961551440928
216.0480405551903
211.0021868462828
205.98194776298686
200.98721976507306
196.01790239678783
191.0738982868523
186.15511314846088
181.26145577928656
176.39283806147307
171.54917496163972
166.73038453088094
161.93638790476385
157.16710930333457
152.4224760311099
147.70241847708212
143.00687011471854
138.33576750195985
133.6890502812247
129.0666611794027
124.46854600785997
119.89465366243607
115.34493612344522
110.81934845567866
106.31784880839936
101.84041214959298
97.3871844942033
92.95813832893747
88.55323191952739
84.17249221286711
79.8160148370177
75.48396410120625
71.17657299582406
66.89414319243257
62.63704504375487
58.405717583681245
54.20066852726787
50.0224742707358
45.871779891474766
41.74929914803815
37.65649011191456
33.59498829626994
29.566934974137528
25.576436709177994
21.629569709950868
17.73437982991845
13.902883683256857
10.160296753033139
6.561511897905815
3.2465458221128136
0.7341677508691824
0.02987736297802711
0.0030500580243824674
0.0026148417156513413
0.0026872246409083717
0.0027724539160410813
0.002861538614160568
0.002954536502899174
0.003051652559309729
0.003153090387690594
0.0032591382986287467
0.003370061561613097
0.0034861619750593724
0.0036077389800565204
0.0037351507598148218
0.003868711011122256
0.0040089351467555955
0.0041560812648161185
0.004310751193674467
0.004473354797474667
0.0046444635293600624
0.004824678635285633
0.005014584886706264
0.005214917625869898
0.00542642769391248
0.005649972579378049
0.005886345847862212
0.00613654615543639
0.00640184668567712
0.006683160408347493
0.006981998584447146
0.007299625031421674
0.0076377404157706415
0.007998065527259662
0.008382527902454275
0.008793336483832837
0.009232840901051264
0.009703716339292297
0.010208990570661415
0.010752004588993622
0.011336377188554575
0.011966873949630516
0.012647903791768361
0.013384924191662225
0.014184279854711957
0.015053166005970403
0.015999492901406044
0.017032899003719862
0.018164103366252137
0.019405592097994657
0.020772108642606656
0.02228109284407775
0.02395218519371979
0.025809989925163597
0.027882617668902134
0.030204486759421632
0.03281679757935723
0.03576971065237818
0.03912538935968453
0.04296001077791782
0.04736901362169421
0.052473069799330675
0.058426133398209075
0.06542889440534182
0.07374370682508075
0.08372209518078219
0.095843929872174
0.11077785207480276
0.12947793525238768
0.15334895240520455
0.18453056085348407
0.22641469556391458
0.2846440812101341
0.3691689497899835
0.49878723863537255
0.711909544977848
1.0934914103048679
1.842233253593989
3.40675849089897
6.603511750751808
12.29567412683277
20.71805011973098
31.034160560777096
41.9016719972744
52.73816395868427
63.50713778653916
74.21172582264239
84.85511660335845
95.4393972221259
105.9659228322861
116.43586113633226
126.85020804283339
137.20978766643702
147.5152523278574
157.76708369623532
167.96575437239784
178.11173026794523
188.2054003340446
198.24713674452994
208.2372948959193
218.17621340740342
228.0642141208487
237.90160210079938
247.68866563446812
257.4256762317483
267.11288862521076
276.75053909864056
286.33887565344656
295.8781509710714
305.3686065915259
314.8104729076605
324.2039691651684
333.5493034625878
342.84667275129203
352.09626283550404
361.2982483722879
370.4527928715492
379.5600486960396
388.6201570613444
397.6332480359008
406.59944054098486
415.51884235071446
424.3915500920547
433.21764924480505
441.9972141416147
450.73030796797053
459.4169827622079
468.0572535353938
476.6510099899399
485.1988202348698
493.70118326658917
502.15831938976163
510.5701702173109
518.9363986704112
527.2563889785023
535.5292466792787
543.7537986186929
551.9285929509579
560.0518991385369
568.1217079521587
576.1357314708066
584.0914030817225
591.9858774804081
599.8160306706159
607.5784599643633
615.2694839819237
622.8851426518257
630.4211972108627
637.8731302040748
645.236911171126
653.1701993921317
661.6861069802521
670.0473730537215
677.6400530047438
683.9735184995085
688.68045747818
691.5168741548998
692.3620890177875
691.2187388289393
688.2127766244304
683.5934717143122
677.7334096826143
671.1284923873418
664.3728887102765
657.5663972208449
650.6561243095906
643.6784443175526
636.6639878318055
629.6376416854685
622.618548957693
615.6201089736702
608.6499773046304
601.7100657678391
594.7965424266067
587.9040535565368
581.0393651902456
574.2037298994121
567.3976010082389
560.6213874843834
553.8754539389453
547.1601206264747
540.4756634449708
533.8223139358793
527.2002592840998
520.6096423179752
514.0505615092983
507.52307097331106
501.02718046870194
494.5628553976137
488.13001680563167
481.7285413817922
475.3582614585789
469.0189829382721
462.71073073094806
456.4334481238036
450.1870171507329
443.97131939893626
437.78623600891854
431.6316476744961
425.5074346427863
419.4134767142143
413.34965324251186
407.3158431347151
401.31192485117134
395.33777640552927
389.3932753647454
383.47829884908265
377.592723532108
371.73642564070053
365.9092809550399
360.1111648086136
354.34195208821603
348.60151723394574
342.88973423921186
337.20647665072636
331.551617568508
325.9250296458817
320.3265850894772
314.75615565923613
309.21361266840006
303.69882698351876
298.21166902445015
292.752008764355
287.3197157297041
281.9146590002722
276.5360839762038
271.18309930192976
265.8557234420999
260.5539788217455
255.27788647178036
250.02746602900686
244.80273573611436
239.60371244167774
234.43041160016332
229.28284727192028
224.161032123186
219.0649774260849
213.9946930586272
208.95018750471453
203.93146785413066
198.9385398025487
193.97140765152793
189.0300743085139
184.11454128684315
179.22480870573497
174.36087529029706
169.5227383715247
164.71039388629768
159.92383637738817
155.16305899345087
150.42805348902797
145.7188102245502
141.03531816633281
136.37756488658312
131.7455365633903
127.13921798073248
122.55859252847488
118.00364220236861
113.47434760405572
108.97068794106042
104.49264102679632
100.04018328056371
95.61328972754877
91.21193399882823
86.83608833136178
82.48572356799956
78.1608091574752
73.8613131544105
69.5872022193181
65.33844161859142
61.114995224517656
56.91682551526387
52.74389357488718
48.59615909333702
44.47358036643988
40.376114295918654
36.30371638937738
32.25644566374996
28.24109857994442
24.264509390222504
20.333098029004006
16.45662250512709
12.6509083122369
8.947212432249417
5.4192836035799345
2.274947326102427
0.30263632389930145
0.009951423464359226
0.002696661977435358
0.0026393493575456164
0.002720069833734482
0.0028068508513769503
0.0028974355041865504
0.002992004765257066
0.003090750781519622
0.003193995885332383
0.003301908204594123
0.0034148300949179
0.003533020736371347
0.003656810381446599
0.003786593162391617
0.003922708811561814
0.004065564483212269
0.0042156103309576734
0.004373277770353629
0.004539174625800963
0.004713833511001928
0.004897838097793495
0.005091954937650489
0.0052967870920320815
0.005513152283983601
0.005741957665311183
0.005984077810403751
0.006240556397664747
0.006512525020299508
0.006801216547530667
0.007107990060598451
0.007434309575376957
0.007781897131381247
0.008152476410018868
0.008548143559916928
0.008971197885237944
0.009424011603460751
0.009909447620582426
0.010430745092895601
0.01099129625021563
0.011595201167031567
0.012246686272996897
0.01295099503525406
0.013713840357596967
0.014541807993740274
0.015442199471658823
0.01642376082244
0.01749623798342334
0.018671104213961183
0.019961694021513106
0.02138313334571226
0.0229541351897064
0.024695445881631795
0.026633014295386868
0.028796670408198163
0.031222863437264558
0.03395618227358061
0.03704884130025734
0.040567967833637524
0.04459484219477249
0.04923198571044626
0.054610350316720166
0.06089559399507124
0.0683062316969493
0.07712899161747212
0.0877516562823686
0.10070566179175856
0.11673827843041718
0.13692957055208482
0.16288971608577493
0.19710505307651377
0.24357466526657495
0.30906629569225447
0.4057757213279835
0.5573075803620416
0.8132473150966151
1.2857396878984138
2.237541975747418
4.2360330246047715
8.183336880410891
14.802781805892133
23.998539374071942
34.62322490563723
45.503633278811144
56.31598697129229
67.06317688578508
77.74718621731196
88.37090410697009
98.93593335768674
109.4435553652679
119.89489077560766
130.2908994847058
140.63238063862664
150.91997263354565
161.15415311570862
171.3352835028617
181.46385258381721
191.54025174937843
201.5648381708208
211.53795498480164
221.4599312933778
231.33108216402232
241.1517086295845
250.9220976883359
260.64252230393055
270.31324140542
279.93449988727485
289.50651607668317
299.02948709298823
308.50367191041005
317.929320598589
327.3066682858237
336.6359351590329
345.91732646379836
355.1510325043284
364.33722864347266
373.47607530273865
382.56771796225485
391.61228716081183
400.60989849582757
409.56065262336074
418.4646352581284
427.32191717346797
436.13255420137943
444.8965872324905
453.6140422160685
462.2849301600401
470.9092471309514
479.48697425401326
488.01807771305965
496.50250875057105
504.94022924088335
513.3324315025488
521.6803147087492
529.9841259618938
538.243524805413
546.4575832237712
554.6247856424342
562.7430289279073
570.8096223877017
578.8212877703493
586.7741592654158
594.6637835034694
602.4851195561162
610.2325389359692
617.8998255966624
625.4801759328628
632.9661987802406
640.3499154155029
647.6227595563647
654.7755773615615
661.7986274308619
669.2128498756947
676.9551940581271
684.2011157305849
690.2892002495164
694.7213094067683
697.1625814295649
697.4414309805256
695.5495491576543
691.6419034943485
686.036737959387
679.2155729569466
671.82320532658
664.642474970318
657.6460872341653
650.6123765594681
643.5592991800692
636.5019256557102
629.4524408720598
622.4201440407008
615.4114486991191
608.4298827107315
601.4760882648529
594.548136101617
587.6481473071098
580.7778690877074
573.937645137361
567.1277872643021
560.34857539107
553.6002575544999
546.8830499057118
540.1971367101369
533.5426703474873
526.9197713117824
520.3285282113382
513.7689977687546
507.2412048209438
500.7451423190977
494.28077132871704
487.8480210295969
481.4467887158185
475.07693979577436
468.7383077921362
462.4306943418857
456.1539911457253
449.90820907555826
443.69322452234474
437.5089120865861
431.35514627271306
425.23180148907477
419.1387520479286
413.0758721654645
407.043035961777
401.0401174608901
395.0669905907458
389.1235291831949
383.2096069740201
377.32509760290986
371.46987461348044
365.6438114532673
359.84678147371443
354.07865793019795
348.3393139819985
342.62862269232653
336.94645702831
331.29268986098646
325.6671939653244
320.06984202019896
314.5005066084126
308.9590602166872
303.44537523565276
297.95932395986995
292.50077858780924
287.0696112218652
281.6656938683518
276.2888984374942
270.93909286752154
265.616039923045
260.3195692661394
255.04956565555145
249.8059173366394
244.58851604139423
239.39725698841553
234.23203888293259
229.09276391679518
223.97933776846503
218.89166960303606
213.82967207221137
208.79326131432336
203.78235695432485
198.79688210378103
193.83676336088882
188.90193081045476
183.99231802391446
179.1078620593238
174.24850346135122
169.4141862612969
164.6048579770709
159.82046961321157
155.06097566087809
150.3263340978427
145.61650638850784
140.93145748388736
136.2711558216232
131.63557332597676
127.02468540782405
122.43847096467162
117.87691238063483
113.33999552645955
108.82770975951172
104.34004792376884
99.87700634984031
95.4385848549468
91.02478674293532
86.63561880427595
82.27109131604945
77.9312180419699
73.61601623235852
69.32550662416676
65.0597134409685
60.818664392946914
56.60239067691739
52.410926976309234
48.244498549950826
44.10555852311698
39.99521438179764
35.91482423762662
31.86682077668822
27.85471125953335
23.883077521172723
19.957575971069776
16.08697798130963
12.289063974678774
8.599072256361264
5.093064119569113
2.012398020713775
0.22371512762189233
0.007584651378127967
0.0026558195475449337
0.002642251723632063
0.002723937619696249
0.002810908097265244
0.002901680632278843
0.0029964137487217975
0.0030953955086734713
0.0031988404815472505
0.0033069818203458946
0.0034201037289332144
0.003538595627848174
0.003662655424112554
0.003792740277997775
0.003929141614062313
0.004072311267187576
0.004222701015428527
0.004380741385890576
0.004547049904646171
0.004722024291359118
0.004906399499047989
0.00510079894119926
0.005305966481350677
0.00552263370730004
0.005751696745445571
0.005994059527024011
0.006250793606515314
0.006523011579366097
0.006811929012682523
0.007118885809355098
0.007445409789509494
0.007793239910633811
0.008164031991917661
0.00855995807197041
0.008983203488250846
0.009436381879555214
0.009922191219333663
0.010443911401837378
0.011004963474361706
0.011609486605652478
0.01226179266395388
0.01296706451926649
0.01373111519351864
0.014560477390261667
0.01546280989026224
0.01644659911875994
0.017521901011996462
0.01870038005457818
0.01999520347820525
0.02142228607673879
0.022999826556715987
0.024749617036949754
0.026697471163880045
0.02887393930599545
0.031316293252894256
0.03406921984371488
0.03718727828982645
0.04073838127646199
0.044805561774702345
0.049494446222426734
0.054937949945924984
0.06130889735901296
0.0688306201441344
0.07780114040622464
0.08862135488600759
0.10184334666585645
0.11824548501979587
0.1389488038395802
0.16562855727228395
0.20087660861926804
0.2488784726177128
0.3167682891371359
0.4174825224051747
0.5762820141670691
0.8466630604921657
1.3504189543858158
2.3719361374700694
4.516076828224655
8.696878959811041
15.586551458162498
24.98389465349959
35.67538307208408
46.548985323730946
57.35580470631651
68.09675986135773
78.77495138212241
89.39336877536009
99.95332222332303
110.45588502741211
120.90204237543622
131.29269134165983
141.62864088676105
151.91061185785045
162.13923698848723
172.3150608986394
182.4385400947295
192.51004296959567
202.52984980250682
212.49815278023135
222.41525935559676
232.2815808311194
242.09740351690044
251.86300528319475
261.5786555604275
271.244615339155
280.8611371701099
290.4284651641607
299.94683499233105
309.4164738858131
318.83760063593195
328.21042559418714
337.53515067221696
346.81196934181065
356.04106663492973
365.222618126893
374.35659081772195
383.4431400519414
392.4825966814464
401.47524118609914
410.42130367369293
419.3209638799932
428.17435116870166
436.981544531472
445.74257258792437
454.4574135856107
463.1259954000545
471.7481955347161
480.32384112100743
488.85270891830714
497.33452531392487
505.7689663231431
514.1556575891807
522.4941743832071
530.78404160436
539.0247337797083
547.2156750642905
555.3562392410847
563.4457497210204
571.4834795429924
579.4686513738268
587.4004597894335
595.2821068723687
603.1190240497019
610.9103662457086
618.6492032819527
626.3225198773223
633.9112156479982
641.3901051074683
648.7279176665393
655.8872976333072
662.8248042131911
669.4909115089042
675.8300085204662
681.7803991452145
686.980440069781
690.5056663643386
692.215957387875
692.0948271080517
690.2024040724843
686.675431408745
681.7272668243542
675.647882606793
668.8038656234996
661.6384173218538
654.5904381656087
647.5640840702539
640.5245442455798
633.4833977215904
626.4503386044935
619.4331760767277
612.437834396932
605.4683528999723
598.5268859969304
591.6137031750916
584.7278214659625
577.8713549302852
571.0450878494426
564.2492913357532
557.4842083788687
550.750053845801
544.0470144808909
537.375248905836
530.7348876196783
524.1260329987927
517.5487592969147
511.0031126451087
504.48911105179576
498.00674440274116
491.5559744610437
485.1367348671619
478.7489311388838
472.39244067135405
466.0671127370612
459.772768485827
453.5092885192421
447.27666986385117
441.0747907477502
434.90352589339636
428.762749917245
422.65233732977475
416.5721625354592
410.5220998327914
404.5020234142735
398.5118073664062
392.55132566971304
386.620452198713
380.7190607219441
374.84702490195343
369.00421829528733
363.1905143525141
357.4057864181979
351.6499077309218
345.9227514232782
340.2241905218586
334.5540979472754
328.91234651413953
323.29880893107855
317.7133578007298
312.1558656197299
306.62620477873696
301.12424756240523
295.6498661494097
290.2029326124314
284.7833189181533
279.3908969272757
274.02552841033156
268.6850859772062
263.3682149902743
258.0751748118221
252.8062150032125
247.56157532486085
242.34148573625603
237.14616639595144
231.9758276615561
226.83067008975533
221.7108844362872
216.61665165596324
211.5481429026593
206.50551952930712
201.48893308791455
196.49852532954245
191.5344282043249
186.5967638614601
181.6856446492028
176.80117311488317
171.94344200488473
167.11253426466425
162.3085230387425
157.531471670697
152.78143370318008
148.05845287789842
143.3625631356312
138.6937886162214
134.0521436585698
129.43763280065085
124.85025077949443
120.28998253120122
115.75680319093804
111.25067809292759
106.77156277046726
102.3194029559095
97.8941345806774
93.4956837752602
89.12396686920344
84.77889039112722
80.4603510687063
76.16823582868743
71.90242179688126
67.66277629815605
63.4491568564551
59.2614111947757
55.09937723518644
50.96288309882111
46.85174710587152
42.765777775601826
38.704773826332804
34.668524175455566
30.656807939427228
26.669394433760193
22.71114801126244
18.799392696133864
14.946711184402458
11.177560953537451
7.5318006224843845
4.113345295227046
1.277694637258616
0.08063512390861265
0.004084390874763386
0.00262315354821376
0.0026758613097693424
0.002760257612460119
0.0028487848863870207
0.002941210057400401
0.0030377230964589177
0.003138549157636934
0.0032439194199926054
0.0033541433579761843
0.0034695210361149293
0.0035903063224591776
0.0037168625491635007
0.00384956149105103
0.003988768531965445
0.004134915834013945
0.004288525070710011
0.004449971139120945
0.004619891964142401
0.004798824311328967
0.004987571830559334
0.005186656206036388
0.0053969921737379275
0.005619366641739544
0.0058546462882149986
0.0061038455431573335
0.006367976677273578
0.006648278576567997
0.00694600667177204
0.007262620256462785
0.0075997151219038515
0.007958917806095393
0.008342259454696624
0.008751857128219884
0.00919007436969767
0.009659489569302003
0.010163111582109495
0.01070426684663722
0.011286653756004461
0.011914477429455785
0.012592426751205013
0.01332590139554075
0.01412098678711427
0.014984471775866077
0.015924524626881438
0.016949946943629737
0.0180717242440262
0.01930155900090273
0.02065372787484619
0.0221448771181872
0.02379464824551498
0.025625364112170576
0.02766492928038927
0.029945392977801598
0.032506394607785025
0.035395442709441234
0.038670663628465544
0.042404273047794226
0.046684968232880465
0.051625817922357854
0.057369505218758124
0.0641022514260489
0.07206408916487284
0.08157776807610188
0.09308028137921112
0.10717438266042398
0.12471727555063594
0.14696093004978508
0.1757922340635137
0.21417693120692763
0.26700148645762034
0.34274954498229493
0.45711164928205994
0.6414498375884241
0.9636424556517017
1.5806068904352348
2.8548264094888407
5.505848620573312
10.450013678232056
18.158707846267358
28.093934963222946
38.909124491754646
49.766023326235334
60.553393097547584
71.27528020555039
81.93522687320755
92.53559736330492
103.07783327765277
113.56316237730084
123.99263833204489
134.36714072044484
144.68737502984257
154.95387265632013
165.1670521686023
175.3274200927274
185.43537698870458
195.49129763289346
205.49554048646667
215.4484476954557
225.3503450907106
235.20154218791757
245.00233218761602
254.7529919751581
264.45378212075406
274.1049451202247
283.7067082698787
293.25932498870594
302.76304317072595
312.2180988237922
321.62471606955506
330.9831071434773
340.29347239485077
349.5560002867583
358.77086739611707
367.9382384136403
377.0582661438558
386.1310915051173
395.1568435295725
404.1356393632011
413.06758426578085
421.9527716109016
430.7912828859825
439.5831876922328
448.3285437446978
457.0273968722165
465.6797810174452
474.28571291016937
482.8447047191713
491.3569978006273
499.823169438152
508.24350048915966
516.617975384879
524.946282130319
533.2278123043078
541.4616610594586
549.6466271221849
557.7812127927137
565.8636239450532
573.8917700270295
581.8632640602555
589.7754226401429
597.6252659359172
605.409517690586
613.124605220974
620.766659417692
628.3315147451524
635.8147092415763
643.2709033666072
651.4332186937813
659.960448639249
668.2144353241698
675.6628875685577
681.8793808912485
686.543357509933
689.4401263411308
690.4608630002049
689.6026098013593
686.9682757576378
682.7666365809193
677.3123346819276
671.0258791702283
664.4162003747505
657.67200363908
650.8018580096937
643.8476922200307
636.844991935148
629.8227997517079
622.8037151980058
615.8038947339387
608.8330517510324
601.8944565724308
594.9849364528834
588.0958790146155
581.2317146416782
574.3964284540064
567.5904935627553
560.8143371936087
554.0683406868053
547.3528394971083
540.6681231938326
534.0144354608323
527.3919740964901
520.8008910137439
514.2412922400563
507.7132379174403
501.2167423024499
494.75177376616693
488.3182547942274
481.9160619867941
475.5450260585786
469.2049877059876
462.89599799468556
456.617964872073
450.37077178227946
444.1543016558797
437.9684369098835
431.8130594477251
425.68805065928734
419.5932914208741
413.52866209523467
407.4940425315531
401.489312065438
395.5143495189466
389.56903320055744
383.6532409051939
377.76684991421445
371.90973699540245
366.08177840298885
360.28284987762686
354.512826646415
348.771583422885
343.0589944069951
337.3749332851508
331.71927323018025
326.09188690135494
320.49264644438176
314.921423491393
309.37808916096935
303.8625140581127
298.37456827426865
292.9141213873193
287.48104246157203
282.07519887225743
276.6959125780095
271.3426692251873
266.0154401526739
260.7141970812604
255.43891211366775
250.1895577345222
244.96610681037652
239.7685325897008
234.59680870287391
229.45090916220374
224.33080836190422
219.23648107811525
214.1679024688942
209.12504807420743
204.1078938159501
199.1164159979234
194.15059130585468
189.21039680738866
184.295809952079
179.40680857140805
174.54337087876448
169.70547546946295
164.89310132073558
160.1062277917232
155.3448346234956
150.60890193902893
145.89841024322504
141.21334042290292
136.55367374679156
131.9193918655477
127.31047681173472
122.72691099984225
118.16867722627602
113.63575866935246
109.12813888931575
104.64580182831727
100.18873181043256
95.75691354165636
91.35033210989111
86.96897298496842
82.6128220186275
78.28186544453206
73.97608987826229
69.69548231730931
65.44003014109106
61.20972111093494
57.004543370092165
52.824485443728186
48.66953623892508
44.53968504468576
40.434921531925134
36.35523575348151
32.30467776380295
28.288553618284155
24.31054481461656
20.37793711431707
16.501625884441836
12.696285910869314
8.991413874535343
5.460004844367238
2.30833741452734
0.3138478772155647
0.010318635627776672
0.0027011075475948903
0.0026370873694585447
0.0027175394773574692
0.002804221443998884
0.002894698183224547
0.002989126501973542
0.003087750904233929
0.0031908544262100455
0.0032986228470458473
0.003411381136837061
0.0035294155084030173
0.0036530602014889554
0.003782639798013053
0.00391853257484539
0.004061198766365851
0.00421103356956745
0.004368475333675878
0.004534102110085743
0.004708492119961269
0.004892200177111147
0.005085897616393242
0.005290337372474459
0.0055062969787372995
0.005734625013092864
0.005976148834391367
0.006232077221092797
0.006503401805595839
0.006791357569314759
0.007097357024808718
0.00742283536138341
0.007769479485505212
0.008139032178758278
0.008533609996892073
0.008955357246603816
0.009406872752344064
0.00989096574605378
0.010410673144587424
0.010969525725489437
0.011571496421586119
0.012221009332257834
0.012923167009639915
0.013683561464495439
0.014508844865868118
0.01540636961662185
0.016384743468563945
0.017453757964542717
0.01862491809921502
0.019911235213765883
0.02132822257186455
0.022893977106070742
0.024629924214504117
0.026561207127110416
0.028718008628014942
0.031136608032632154
0.03386093105075629
0.03694446095233936
0.040452738146225395
0.04446764946112716
0.0490912241227024
0.05445348097509743
0.06072060954442155
0.06811006780189574
0.07690853266248812
0.08750227439282174
0.10042194722611823
0.11641332034145895
0.13655387691320806
0.1624487841993156
0.19656820453193058
0.24288846741329811
0.30812757380504935
0.4043811476912903
0.5550707901094082
0.809300958099548
1.2779712193227155
2.22137665904747
4.204058215195579
8.119882518173677
14.707889670394698
23.875381482927917
34.493478475801496
45.364689591595244
56.180831265513596
66.92885178733586
77.61357902038961
88.23781893401
98.80347058309664
109.3119059484514
119.76410458938074
130.16092676675623
140.50312671809323
150.79135265750938
161.02614677577253
171.20794556302184
181.33717086706528
191.4142313702082
201.4394797433807
211.41325567986883
221.33588589527412
231.20768412753173
241.02895113692594
250.7999747060523
260.5210296398607
270.1923777656178
279.81426793292394
289.38693601372665
298.9105840683683
308.38542224946343
317.8117035312192
327.1896664573077
336.519534518775
345.8015161540046
355.03580474875935
364.2225786361448
373.3620010966245
382.4542203580363
391.4993695955559
400.49756693173777
409.4489154364785
418.35350312703446
427.21140296803486
436.0226728714465
444.78735569661586
453.50547925023267
462.17705628634303
470.80208450636985
479.38054655907024
487.91241004058213
496.3976274943886
504.8358811868328
513.2264849439881
521.5701572008353
529.8673194281231
538.117921144287
546.3214399154649
554.4768813555097
562.5827791259577
570.6371949360649
578.6377185427758
586.5814677507352
594.4650884123043
602.2847544275282
610.0361677441695
617.714558357681
625.3146843112162
632.830831695644
640.2568146495171
647.5916166272153
655.5373708230812
663.9911587731765
672.2026355300537
679.5523223238728
685.5516065624371
689.8427418311634
692.1988478930978
692.5239106889168
690.8527823369193
687.351181133029
682.3156915507984
676.1737642414089
669.4837160336581
662.756108163373
655.907996875549
648.9647641583663
641.9644077692398
634.9379938480432
627.9096569171373
620.8965998813383
613.9090940279448
606.9504790267265
600.017162929913
593.103760594935
586.2174930698401
579.3596342284469
572.5307677089479
565.7314193725076
558.962057303289
552.2230918084236
545.5148754180378
538.8377028852414
532.191811186116
525.5773795197422
518.9945293081687
512.4433241964397
505.92377005258123
499.4358149675933
492.97934925547327
486.55420545318793
480.16018680095124
473.79735861649976
467.4656719968463
461.16501585380735
454.8952782275584
448.656346286659
442.4481063280424
436.2704437770047
430.12324318722955
424.0063882407601
417.91976174802323
411.8632456478199
405.83672100731354
399.8400680220552
393.87316601595563
387.9358934413097
382.02812787878435
376.14974603741217
370.30062375461085
364.48063599615887
358.6896568562183
352.9275595573239
347.194216450376
341.48949901465846
335.81327785781866
330.1654227158857
324.5458024532623
318.95428506271395
313.3907376653965
307.85502651081964
302.3470169768841
296.86652890749514
291.4133849436605
285.98746022211066
280.5886324715431
275.2167820015994
269.87179170285583
264.5535470468142
259.2619360859231
253.99684945355403
248.75818036402214
243.54582461257735
238.35968057539517
233.199649209598
228.0656340532312
222.95754122528334
217.87527942567797
212.8187599352646
207.78789661583934
202.78260591012088
197.80280684177197
192.84842101538956
187.91937261649687
183.01558841156378
178.1369977479829
173.28353255409056
168.45512733915706
163.65171919338022
158.87324778790233
154.11965537479108
149.3908867870548
144.68688943863967
140.00761332441508
135.3530110201988
130.7230376827304
126.11765104969452
121.5368114397081
116.98048175231636
112.44862746800993
107.94121664820186
103.4582199352521
98.9996105524484
94.56536430401269
90.15545957510649
85.76987733182047
81.40860112118112
77.07161707116009
72.75891389064407
68.4704828694727
64.2063178784094
59.96641536915667
55.75153556144278
51.563038584406286
47.40150143039172
43.26788442749666
39.163545125309994
35.09023829490456
31.050115928830415
27.04612384584972
23.08237933600638
19.165073227189293
15.307327230887733
11.529512175690773
7.867726689945664
4.419176692571166
1.497172809683848
0.11243049603019328
0.0047742734898575615
0.002618599503645731
0.002657711057640635
0.002741058060113442
0.0028287633404094708
0.0029203392160951146
0.0030158990042136948
0.003115731403583945
0.003220059177651173
0.0033291834532667803
0.003443359547606335
0.003562927885229834
0.003688166809871798
0.003819456088670822
0.003957201224681945
0.004101779782595985
0.004253654734348388
0.004413320769496721
0.004581304258100592
0.004758144241879413
0.004944513563835877
0.005140989276864207
0.005348420469575906
0.005567501282122797
0.005799185667724855
0.006044360021637507
0.006304086792231175
0.006579570819151053
0.006871919570137711
0.0071826854897670276
0.007513334124996562
0.00786551825301847
0.008241179665474972
0.00864233561920526
0.009071317079266242
0.009530690854054285
0.01002334355933217
0.01055252510791739
0.011121846283790142
0.011735337204935062
0.012397623193988686
0.013113971676684023
0.013890202887746696
0.014733324714954671
0.015650843064420127
0.016651860214703305
0.0177461847023052
0.018946355609201687
0.020265880866932862
0.02172092066294601
0.02333056489543962
0.0251169479018156
0.027107283173348734
0.029333147385785387
0.03183330494892123
0.034653646773782965
0.03785242958110823
0.04149926941243467
0.04568154010968825
0.050510797702532015
0.05612696114417527
0.06271148691562246
0.07050267148707577
0.07981618215523315
0.09107862053173142
0.10487999719138832
0.12205511690489845
0.14381740460450254
0.17198896528621455
0.20941442645107528
0.2607393542449128
0.33397189795353893
0.44385612322960466
0.6196045693393292
0.9241626628969563
1.5022544545210659
2.6900698093343456
5.170809266075142
9.867630807780289
17.320904747169322
27.098523993206403
37.87871113552279
48.74520184877023
59.538221237682784
70.26614393457697
80.93181550965657
91.53774181343785
102.08545295873009
112.5761690798678
123.01094276294714
133.39065904584393
143.71603541817146
153.98762182132933
164.20585668513218
174.37124235598992
184.48418114685643
194.5450508944192
204.55421280066864
214.51201143285786
224.4187747235199
234.27481397048456
244.0804238368385
253.83588235097181
263.5414509065362
273.19737275895676
282.80388502553643
292.36124235071134
301.869690758083
311.32946506547125
320.7407888849311
330.1038746227684
339.4189234795023
348.6861254499087
357.90565932298153
367.0776926819508
376.2023819042962
385.27987216171186
394.3102974201473
403.29378043977107
412.2304327749876
421.12035477445136
429.9636355810311
438.7603531318485
447.51057415825113
456.2143541858129
464.871737534365
473.4825990182551
482.04719156942474
490.56613332849963
499.0397664916877
507.468152660728
515.8510728428574
524.1880274508486
532.4782363029768
540.7206386230343
548.9138930403441
557.0563775897272
565.1461897115407
573.1811462516437
581.1587834614126
589.0763569977544
596.9308419230749
604.718932705315
612.437043217917
620.0813067398427
627.6475759555835
635.1314229551281
642.5281392340019
650.1386395947713
658.5352390773089
667.0266531075347
674.9562052230318
681.790177894347
687.117812524959
690.6513094512956
692.2258279427355
691.7994862015978
689.453361363148
685.3914894955983
679.9408656001092
673.551443610778
666.7961363946612
660.0383574283433
653.1624300346487
646.2059535807554
639.2018848065676
632.1773844763513
625.1538173787023
618.1467523265736
611.1659621572638
604.2154237324065
597.2933179379946
590.392858104931
583.5178380415193
576.6716850619823
569.8548709254101
563.0678227530955
556.3109230285036
549.5845095972983
542.8888756673308
536.2242698086288
529.5908959534221
522.988913396113
516.4184367933026
509.8795361637791
503.3722368885077
496.8965197106552
490.4523207355604
484.0395314307624
477.6579986259869
471.30752455979416
464.98805264791844
458.6995917168956
452.4420241121627
446.2152317232588
440.01909598381434
433.8534978715761
427.718317908379
421.6134361601704
415.5387322369998
409.49408529300837
403.47937402645334
397.49447667968013
391.53927103914674
385.61363443541285
379.7174437431306
373.85057538106736
368.0129053120797
362.2043090431352
356.42466162530485
350.67383765375115
344.95171126775153
339.258156150674
333.5930455299957
327.95625217729884
322.34764840825625
316.7671060826556
311.2144966043751
305.68969092140424
300.19255952583353
294.7229724538468
289.2807992857448
283.8659091459123
278.47789273888264
273.1156515953043
267.7790992676469
262.46824854866674
257.1831111820255
251.92369786231126
246.69001823502916
241.48208089659298
236.29989339434553
231.14346222653523
226.01279284233667
220.90788964184148
215.82875597605016
210.77539414689195
205.74780540720204
200.7459899607413
195.76994696218824
190.81967451712964
185.8951696820817
180.996428464466
176.12344582262998
171.27621566583875
166.4547308542656
161.65898319901345
156.88896346208998
152.14466135643008
147.42606554588468
142.73316364521443
138.06594222010762
133.42438678716002
128.8084818138916
124.21821071874078
119.65355587105434
115.1144985911078
110.6010191500826
106.1130967700866
101.65070962414327
97.21383483618747
92.8024484810793
88.41652558458928
84.05604012340949
79.72096502515213
75.41127216833593
71.12693238241118
66.86791544773239
62.63419009557942
58.425724008148435
54.242483818547946
50.08443511081419
45.95154241988693
41.843769231633246
37.76107798283695
33.703430061192705
29.675483626913824
25.68410051306425
21.734105761940533
17.835595382923618
14.00396867797338
10.26065606724865
6.655738173863838
3.330121007833242
0.7809750384969332
0.03290813008795668
0.0031118678908481855
0.0026183851501903185
0.0026897213286013488
0.0027750261532792824
0.002864227348308314
0.0029573328217242173
0.003054545828788712
0.003156126366606321
0.0032623266109489176
0.003373369909212811
0.0034896302750013807
0.003611378242622733
0.0037389616837214894
0.003872740560621135
0.004013097750048653
0.004160472740097286
0.0043153455760342975
0.004478218215242101
0.004649640283734436
0.00483019073797161
0.005020563779490588
0.005221433891012541
0.005433506597229101
0.005657696754961933
0.00589484643692728
0.006145977325341626
0.006412228464949402
0.00669467013470578
0.00699469196699413
0.007313683961178663
0.007653349253604353
0.008015307137654611
0.00840161523366697
0.008814424926143007
0.009256115749397038
0.009729409695738567
0.010237232597429051
0.010783087145612451
0.011370688197283697
0.012004320834957085
0.012688852609424473
0.013429666754683784
0.014233174541579406
0.01510627316835565
0.01605737915652067
0.01709559461182317
0.01823194499437437
0.019478809501060738
0.0208509728089384
0.0223655459218148
0.0240425244874149
0.0259059067317186
0.027983778698823885
0.030310911144327986
0.032927259210768514
0.03588354342893859
0.03924045368169541
0.043073851801547006
0.04747795952418397
0.05257268828287038
0.05850946841144743
0.06548674943662766
0.07376384564225216
0.08368830420754
0.09573315528676068
0.11055919222362598
0.12910947487508187
0.15277445266345796
0.18367612100172706
0.22519375803412675
0.2828116926553853
0.366422587750891
0.49447156030107414
0.7045773348863196
1.0798240834692958
1.8143494019788484
3.347390706684422
6.487607244244488
12.104238278775425
20.459275807902493
30.741925770481917
41.608839567602914
52.44648400639419
63.21723816025776
73.92350456944995
84.56843177244902
95.15415023401914
