0.5
12.822791208221433
24.48881634301074
35.98923029251236
47.37869747096928
58.67620134846814
69.89066098716876
81.02730364937162
92.08936151735858
103.07906292196233
113.99816391178491
124.84801919636617
135.62969866192583
146.34411677807572
156.99205393660154
167.57423630921608
178.09133584755858
188.54397028319568
198.93270312762067
209.2580458505194
219.52051497931905
229.72059171655258
239.858730258505
249.9353766203795
259.95096863629743
269.90593595929835
279.8007000613397
289.6356742332974
299.41126358496575
309.12786504505647
318.78586736119985
328.38565109994465
337.9275886467575
347.412044322504
356.8393931224634
366.2100039069471
375.52423110482016
384.78242662504636
393.9849398566882
403.1321176689074
412.22430441096463
421.2618419122191
430.24506948212917
439.1743239102518
448.04993946624364
456.87224789985953
465.64157844095286
474.35825779947726
483.022610165484
491.6349572091241
500.19561808064697
508.70490941040094
517.1631453088328
525.5706373664902
533.927694654017
542.2346237221592
550.4917286017567
558.6993108037548
566.8576693191909
574.9671006192087
583.0279014550795
591.0403795011039
599.0048270092846
606.9215320764897
614.7907812365811
622.6128594604139
630.3880501558372
638.1166351676931
645.7988947778176
653.4351077050402
661.0255511051838
668.5705005710648
676.0702301324935
683.5250122562729
690.9351178462008
698.3008162430674
705.622375224657
712.900061005747
720.1341382381089
727.3248700105077
734.4725178487013
741.5773417154417
748.639600010474
755.6595495705376
762.6374456693646
769.573542017681
776.4680907632064
783.3213424906538
790.1335462217295
796.9049494151335
803.6357979665603
810.3263362086961
816.9768069112221
823.5874512808125
830.158508961135
836.6902180328509
843.1828150136141
849.6365348580752
856.0516109578734
862.4282751416476
868.7667576750225
875.0672872606248
881.3300910380674
887.5553945839602
893.7434219119062
899.8943954725053
906.0085361533456
912.0860632790087
918.1271946110735
924.1321463481115
930.1011369283283
936.0343879018851
941.9321134357259
947.7945263290572
953.6218381761838
959.4142593665091
965.1719990845352
970.8952653098628
976.5842648171913
982.2392031763187
987.8602847521416
993.4477127046551
999.0016889889533
1004.5224143552285
1010.010088348772
1015.4649093099733
1020.8870743743208
1026.2767794724016
1031.6342193299015
1036.959587467604
1042.253076201393
1047.514876642249
1052.745178696253
1057.944171064583
1063.1120412435173
1068.2489755244314
1073.3551589937986
1078.4307755331945
1083.4760078245524
1088.4910384140953
1093.4760487943893
1098.4312187552655
1103.3567270440471
1108.252751365549
1113.1194683820781
1117.9570537134318
1122.7656819369004
1127.5455265872647
1132.2967601567977
1137.019554095264
1141.7140788099205
1146.3805036655144
1151.018996984285
1155.629726045964
1160.2128570877735
1164.7685553376532
1169.296985230471
1173.7983101093864
1178.2726923195714
1182.7202932453545
1187.1412733102204
1191.5357919768105
1195.9040077469226
1200.2460781615105
1204.5621598006844
1209.1327705209549
1211.444396350492
1207.8526588623351
1199.6966253418432
1189.4921770603394
1178.552421489334
1167.3059955943506
1155.9371112674687
1144.5405820435876
1133.140062177286
1121.7595754746467
1110.412781872205
1099.109225947963
1087.8548687455846
1076.6532119145672
1065.5070968556427
1054.4180759407627
1043.3874545909198
1032.4163018355189
1021.5054503123771
1010.6554962677228
999.8667995561966
989.1394836408498
978.4734379135971
967.8686709840148
957.3251993278203
946.8428669970639
936.4215045304542
926.060928953356
915.7609437777932
905.5213390024467
895.3418911126546
885.2223630804136
875.1625043643775
865.1620509098573
855.2207251488222
845.3382359998985
835.5142788683715
825.7485356461815
816.0406902954004
806.3904760918184
796.7975832769708
787.2616968911688
777.7825028178933
768.3596877837938
758.9929393586877
749.6819459555625
740.4263968305731
731.2259820830445
722.0803926554686
712.9893203335077
703.9524577459919
694.9694983649207
686.0401365054618
677.1640673259512
668.3409868278951
659.5705918559669
650.8525800980095
642.1866500850343
633.572501191222
625.0098336339208
616.4983484736481
608.0377476140915
599.6277338021048
591.2680106277128
582.9582825241079
574.6982547682383
566.4876432916625
558.3261665261396
550.2135359094824
542.1494646640293
534.1336677966449
526.1658620987193
518.2457661461688
510.3731002994345
502.5475867034841
494.76894928781104
487.03691376643434
479.35120763789837
471.711560185274
464.1177024761578
456.5693673626713
449.0662894814625
441.6082052537053
434.19485288509935
426.82597236586906
419.50130547076594
412.22059575906616
404.98358857457305
397.7900310456143
390.6396720850437
383.53226239024184
376.4675544431135
369.4453025100903
362.4652626421296
355.5271926747137
348.63085222785105
341.776002706077
334.9624072984522
328.1898309785605
321.45804050451585
314.76680441895473
308.11589304903987
301.50507850646
294.9341346874315
288.4028372726948
281.91096372751366
275.4582933016843
269.0446070295212
262.66968772986917
256.3333200060993
250.03529024610364
243.77538662230444
237.55339909164886
231.36911939561082
225.22234106018536
219.11285939589732
213.0404729698189
207.005042879789
201.00638830567286
195.04429884827485
189.11857477953194
183.22902704251177
177.3754772514136
171.55775769156924
165.7757113194412
160.0291917626236
154.3180633198434
148.64220096095752
143.0014903269555
137.39582772995846
131.8251201532184
126.28928525112048
120.78825134918006
115.32195744404453
109.89035320349294
104.49339896643656
99.13106574291616
93.80333521410809
88.5101997323164
83.25177318854931
78.02840165481139
72.8401424711857
67.6872599691811
62.570266477271524
57.489922320896795
52.447235822463746
47.4434633013442
42.48010907387583
37.55892545336337
32.68293319547213
27.856194506886204
23.086071671544687
18.385359987659054
13.774003990536304
9.291108464298162
5.055785580308957
1.4687790815629502
0.04993580312405715
0.0006949500619700752
0.00026857941968044086
0.00026313433306236945
0.000261167018995872
0.00025926920450917475
0.00025740079698608484
0.00025553695980172817
0.00025374809195896343
0.0002524128888964965
0.00025226783579151166
0.0002537792225019114
0.00025691145078777134
0.0002611166252261482
0.0002658893595948254
0.00027096807501491947
0.0002762682716092204
0.00028175380775033655
0.00028740817605530197
0.00029321497915315615
0.00029919516411044657
0.00030532840119940264
0.00031162548198790006
0.00031808558916174203
0.00032471895493190676
0.00033153004110583626
0.00033851135917964273
0.00034568549812907177
0.00035303316161331013
0.00036059219232470235
0.000368349288846924
0.00037630591644993337
0.000384481331880387
0.00039288012917313017
0.00040149250519386237
0.0004103479801518741
0.00041943923775679013
0.0004287863163954618
0.00043838754445791787
0.0004482685251340279
0.0004584171424223222
0.0004688486467034342
0.0004795789730169999
0.000490616636361889
0.0005019685141875259
0.000513651220315345
0.0005256685364581615
0.0005380456369187064
0.0005507816445701783
0.0005639000349408589
0.0005773963875131119
0.0005913094064262422
0.0006056525296655411
0.0006204261065674108
0.0006356446092895
0.0006513542282286602
0.0006675342621176584
0.0006842351070915515
0.0007014663356853656
0.0007192389319167219
0.0007375926860259946
0.000756540503517498
0.0007761112356312995
0.0007963157959231212
0.0008172058460547936
0.0008387933847311903
0.0008611119305490586
0.0008841915930634095
0.0009080494846634873
0.0009327605766600096
0.0009583169886259066
0.0009847924373858374
0.0010122052536842027
0.0010405992502125678
0.001070030439304593
0.0011005389671057697
0.0011321805218139315
0.001164966079626412
0.0011990583860377066
0.0012344182394226192
0.0012711431483113048
0.0013093002426528245
0.0013489442526377119
0.0013901693129058131
0.0014330716562332181
0.0014776994187730606
0.0015241651542010103
0.0015725199763183659
0.0016229433853200597
0.0016755036377132384
0.0017303170297567835
0.0017875247643423643
0.0018472229802259774
0.0019095890001023376
0.0019747927069877075
0.0020429350963757317
0.002114272074465519
0.0021889117646396892
0.002267113639152227
0.0023490582814366195
0.002435010905448303
0.002525191569807029
0.002619921932304838
0.0027194687164291765
0.0028241493280618053
0.0029342877787478685
0.003050307849620283
0.0031725836840551694
0.00330154608252382
0.003437728878603165
0.003581604203942094
0.003733779639316716
0.003894863196526592
0.004065497383340846
0.004246532453660568
0.004438740518869104
0.00464300398464172
0.004860413541313364
0.005091968665989564
0.0053389726437580425
0.005602776010899308
0.005884821619629705
0.006186915049077576
0.00651078424707093
0.006858708860412104
0.007232918690454573
0.007636178982991507
0.008071381111320351
0.00854202310343265
0.009051905144061333
0.009605426788652624
0.010207592999010147
0.010864174536538285
0.011581899975363907
0.012368183634897311
0.013232247815225548
0.014184245708476288
0.015236523868172027
0.016403101888876018
0.017701271971483808
0.01915134345819818
0.020777280006182657
0.02260851612226698
0.024680972089797488
0.02703826752627707
0.029735012880049105
0.032838646683678356
0.036435169627796166
0.04063468510866136
0.045578379409498326
0.05145401930862463
0.058512158040205826
0.06709223862234165
0.07766812998707492
0.09091639722906024
0.10782904374932632
0.12991299533101977
0.15955508134955868
0.20072419538565567
0.2604368954371171
0.35207019162923514
0.5036210195702866
0.7806252087057167
1.3546492485743036
2.698343572872538
5.933366540396864
12.574488968443319
23.078328383190872
35.822670437658445
48.868274755021986
61.820657836674826
74.67970251752652
87.45110395929673
100.13807541958573
112.74306235379106
125.2680202103102
137.71441443053803
150.0832462193048
162.37546166790133
174.59192844282205
186.733406683224
198.8005930214375
210.7941412380274
222.71465312431198
234.5626899864747
246.3387989255118
258.0435128372371
269.6773504122796
281.2408161360826
292.73440028890593
304.1585789458259
315.5138139767316
326.80055310007225
338.01925125132925
349.1703559985756
360.2542962477458
371.2714973320088
382.2223810117662
393.1073654746567
403.9268653355513
414.68129163655726
425.3710518470166
435.99654986350396
446.5581860098302
457.0563570370414
467.4914561234155
477.86387287446786
488.17399332294804
498.4221999288375
508.60887157935673
518.7343835889551
528.7991076993236
538.8034120793818
548.7476613252865
558.6322183082945
568.4574558750136
578.2237338047792
587.9314066773236
597.5808269522038
607.1723449687937
616.7063089462887
626.183064983708
635.602957059889
644.9663270334894
654.2735146429915
663.5248575066951
672.7206911227208
681.8613488690137
690.9471620033362
699.9784596632719
708.9555688662286
717.8788145094314
726.7485193699272
735.5650041045855
744.3285872500953
753.039585222965
761.6983123195283
770.3050807159359
778.8602004681594
787.3639795119951
795.8167236630566
804.2187366167797
812.5703199484186
820.8717731130556
829.1233934455862
837.3254761607276
845.478314353025
853.5821989968357
861.6374189463448
869.644260935552
877.6030095782846
885.5139473681849
893.3773546787207
901.1935097631779
908.9626887546632
916.6851656661056
924.3612016614917
931.9910467677194
939.5749812873011
947.1132834628685
954.606227938757
962.0540857610076
969.4571243773624
976.8156076372666
984.1297957918712
991.3999454940284
998.6263097982943
1005.8091381609275
1012.9486764398924
1020.0451668948549
1027.0988481871832
1034.109955379952
1041.078719937937
1048.0053697276164
1054.8901290171748
1061.7332184764985
1068.5348551771756
1075.2952525925004
1082.0146205974695
1088.6931654687808
1095.331089884839
1101.9285929257508
1108.4858700733237
1115.0031132110723
1121.4805106242136
1127.9182469996656
1134.3165034260521
1140.6754573937014
1146.99528279464
1153.2761499226033
1159.5182254730275
1165.7216725430517
1171.8866506315203
1178.0133156389766
1184.1018198676745
1190.1523120215656
1196.1649372063057
1202.1394987098593
1208.0759245731344
1213.9746658311592
1219.836044088427
1225.6602482697228
1231.4473346201255
1237.1972267050035
1242.909715410017
1248.5844589411195
1254.2209828245543
1259.8186799068567
1265.3768103548548
1270.894501655667
1276.3707486167034
1281.804413365667
1287.1942253505513
1292.5387813396412
1297.8365454215143
1303.0858490050393
1308.2848908193766
1313.4317369139767
1318.524320658586
1323.5604427432374
1329.2063060771204
1335.9547169694806
1343.0729362122008
1349.9133722237032
1355.9236223759633
1360.6464729945046
1363.7198993584032
1364.8770657002854
1363.9463252063294
1360.851220016263
1355.6104812233655
1348.3380288744672
1339.24297196995
1328.6296084637447
1316.8974252633357
1304.541098229758
1292.1504921775909
1280.0139433102113
1267.8479427973048
1255.679893028249
1243.5353006929859
1231.4328704525042
1219.384504938841
1207.3953047550763
1195.4641750866062
1183.594160403699
1171.7875127052625
1160.0448277284456
1148.3666230067713
1136.7533378701307
1125.205333444793
1113.7228926534003
1102.3062202149633
1090.9554426448706
1079.6706082548835
1068.451687153133
1057.2985712441262
1046.2110742287443
1035.1889316042377
1024.2318006642329
1013.3392604987308
1002.5108176544942
991.7462693726769
981.0454290617856
970.4079645671977
959.8335437049741
949.3218342618535
938.872503995255
928.4852206332735
918.1596518746861
907.8954653889504
897.6923288161985
887.5499097672456
877.4678758235865
867.4458945373914
857.483633431514
847.580759999485
837.7369417055144
827.9518459844911
818.2251402419865
808.5564918542452
798.9455681681974
789.3920365014478
779.895564142284
770.4558183496681
761.0724663532475
751.7451753533444
742.4736125209618
733.2574449977807
724.096349964094
714.9900164518849
705.938123957153
696.9403535583181
687.9963880584587
679.1059119853189
670.2686115913057
661.4841748534847
652.7522914735871
644.0726528780069
635.444952217797
626.8688843686758
618.3441459310244
609.8704352298826
601.447452314956
593.0748989606126
584.7524786658797
576.4798966544502
568.2568598746789
560.0830769995803
551.9582584268339
543.8821162787827
535.8543644024267
527.8747183694345
519.9428954761346
512.0586147435158
504.22159691723215
496.4315644675993
488.6882415895948
480.9913542028588
473.34062995169336
465.7357982050645
458.1765900565983
450.6627383245846
443.1939775519769
435.7700440063872
428.3906756800952
421.0556122900366
413.7645952778165
406.5173678096956
399.3136747766023
392.15326279412443
385.0358802025125
377.9612770666818
370.92920517620695
363.9394180453231
356.9916709129385
350.0857207426079
343.2213262225579
336.3982477656819
329.61624786540153
322.8751033961067
316.17458147082397
309.5144436542625
302.8944546919318
296.314382510147
289.7739982160262
283.2730760974882
276.811393623257
270.3887314428599
264.00487338662464
257.6596064656848
251.35272087197615
245.0840099782358
238.85327033800615
232.66030168563256
226.504906936261
220.3868921858426
214.3060667111325
208.2622429696852
202.25523659986138
196.28486642082441
190.3509544325387
184.45332581577335
178.59180893210151
172.7662353238972
166.9764397143369
161.22226000740383
155.50353728788073
149.82011582135482
144.17184305421532
138.55857567158617
132.98030910624504
127.43691611903941
121.92823362561376
116.45414578235668
111.01458398640494
105.60952687564144
100.23900032869312
94.90307746493514
89.60187864448896
84.33557146821967
79.10437077774135
73.90853865541321
68.74838442433987
63.62426464837179
58.53658313210937
53.485973149063696
48.47380771925012
43.50081418409376
38.56898406842354
33.6818565319835
28.84451836943056
24.063604010335474
19.347606200352082
14.713862722557378
10.200237448876385
5.904609019597969
2.0906916538353197
0.12248027961021472
0.0013371223195935728
0.00021893750396674347
0.0002134188920665997
0.0002173020053728353
0.00022142488015200156
0.00022564515369999952
0.00022996520764156906
0.0002344103383933828
0.00023897619493342662
0.00024367797132622237
0.0002484715068871961
0.00025338761584556394
0.0002584292514924826
0.00026360241684168865
0.00026890020997748747
0.0002743294869044637
0.00027988759892513934
0.0002855928541003
0.0002914371032732654
0.0002974339391426431
0.00030357564938818634
0.00030987224382598354
0.00031632761564533
0.00032294297743072273
0.0003297375058906849
0.00033670507530860155
0.0003438562608556289
0.00035117468709397893
0.0003587093597401923
0.0003664230089409089
0.0003743562378560261
0.0003824906874316401
0.00039083908016162883
0.00039941687394487213
0.00040822933278227724
0.0004172744370810237
0.000426574346682196
0.00043612920567328493
0.00044595302477463917
0.0004560392947868078
0.000466419678873381
0.000477092124004936
0.0004880603423426717
0.0004993485272209525
0.0005109656421747136
0.0005229170417722497
0.000535209362779596
0.0005478732793166942
0.000560906079008596
0.000574332398821831
0.000588155594892019
0.0006024066320024624
0.0006170874129873266
0.0006322209918330629
0.0006478214155657923
0.0006639027034203377
0.0006804973737317597
0.000697613189775133
0.0007152759086470748
0.000733500282631736
0.0007523197491524837
0.0007717570189507025
0.0007918306836294554
0.000812574204276334
0.0008340094050441289
0.0008561706295585276
0.0008790797946794249
0.0009027827644210085
0.0009273055161648231
0.0009526948273344316
0.0009789644662027178
0.001006172678572832
0.001034358185411669
0.0010635693023821734
0.001093846913457089
0.001125247144714006
0.0011578241465891722
0.0011916188026472338
0.0012266980352195992
0.0012631182008573977
0.0013009684265640011
0.0013403037057126044
0.0013811946127039855
0.0014237199178534262
0.0014679746834036838
0.001514044322573623
0.0015620169824186144
0.0016119831142378184
0.0016640957937421133
0.0017184321114909827
0.0017751148650436673
0.0018342848594550796
0.0018960913138152892
0.001960680459446497
0.0020282050324627724
0.0020988271541640454
0.0021727662881449606
0.002250188193029515
0.00233134621827573
0.0024164370610030173
0.0025057142029426193
0.002599471188871817
0.0026979615487607096
0.002801550301067863
0.002910536081378527
0.0030252840957238716
0.003146197223771698
0.0032737515663303794
0.0034083954282119727
0.0035506266681889207
0.0037009876854879865
0.0038601536474761906
0.004028772634378148
0.00420756247273495
0.004397354623948566
0.004599031608568235
0.004813592673113078
0.005042145957365625
0.005285788772700111
0.005545953871841978
0.005824095598777375
0.006121992096321424
0.0064410395791452725
0.006783845705656445
0.007152428200806476
0.007549373844643839
0.007977726581585357
0.008440682914059784
0.008942144040011884
0.009486191991457567
0.010077884500641952
0.010722667984119773
0.011426965279850229
0.012198525246859182
0.013045603468495679
0.013978390591658764
0.01500870873428292
0.016150255952735268
0.017419591270859326
0.018836191708088455
0.020423428297970243
0.02220966417862608
0.024228848432951644
0.026523369313885298
0.029145077696742027
0.03215852445007187
0.035645662075620546
0.03971038207088284
0.04448642663204704
0.05015319179611175
0.05694288073775565
0.06517403472388335
0.07529045303564437
0.08791758969930324
0.10397126498866678
0.1248302506346178
0.1526599283883822
0.1910221315904737
0.2461174168513415
0.3295660767436737
0.46520514909040506
0.7075090145202657
1.1960596467299607
2.315682543232627
5.0334878462663015
10.879978712080472
20.658628212432493
33.14329307318945
46.201664932829665
59.17260947622361
72.05038292642689
84.83947293018608
97.5437394773128
110.16555442154532
122.70685606196196
135.1692313690513
147.55391598470348
159.86181037894883
172.0937828103493
184.25060551502958
196.33297050625805
208.34153764470634
220.27693463844113
232.13975704292778
243.93056826103492
255.64989954302575
267.29825052317597
278.8761311472007
290.384033708062
301.8224245124462
313.19176448417113
324.49250916417833
335.7251087105382
346.89000789844744
357.9876461202344
369.0184573853505
379.9828703203757
390.88130816902134
401.7141887921213
412.4819246676385
423.18492289066654
433.82358517342266
444.3983078452523
454.909481852633
465.35749763183014
475.7427566478433
486.0656425041457
496.3265346119795
506.5258100028857
516.6638433287073
526.7410068615828
536.7576704939487
546.7142017385443
556.6109657284035
566.4483252168592
576.2266405775467
585.9462698043958
595.6075685116365
605.210889933796
614.7565849257039
624.2450019624852
633.6764871395632
643.0513841726629
652.3700343978055
661.6327767713096
670.8399478697971
679.9918818901855
689.088910649688
698.1313635858229
707.1195677564034
716.0538478395403
724.9345261336456
733.7619225574296
742.5363546498993
751.2581375703609
759.9275840984224
768.545004633985
777.1107072980035
785.625002135136
794.0882022844731
802.5006185627067
810.862559086895
819.1743292744675
827.4362318432228
835.6485668113322
843.8116314973329
851.9257205201359
859.9911257990194
868.0081365536325
875.977039303994
883.8981178704909
891.7716533738859
899.5979242353056
907.3772061762486
915.1097722185837
922.795892684549
930.4358351967534
938.0298646781727
945.5782433521592
953.0812307424295
960.539083673071
967.9520562685423
975.3203999536707
982.6443634536531
989.9241927940603
997.1601313008279
1004.3524196002643
1011.5012956190459
1018.6069945842216
1025.669749023206
1032.68978876379
1039.6673409341297
1046.602629962751
1053.495877578552
1060.3473028108
1067.1571219891296
1073.9255487435505
1080.6527940044382
1087.33906600254
1093.9845702689715
1100.5895096352199
1107.1540842331417
1113.678491494962
1120.162926153278
1126.607580241057
1133.0126430916346
1139.3783013387156
1145.704738916376
1151.9921370590628
1158.2406743015931
1164.4505264791499
1170.6218667272913
1176.7548654819393
1182.8496904793924
1188.9065067563147
1194.9254766497447
1200.9067597970827
1206.850513136108
1212.756890904962
1218.7879442400586
1225.4257457663693
1232.5724015892476
1240.0885986216485
1247.8421705839435
1255.7080980039186
1263.5685082167756
1271.3126753651302
1278.8370203990119
1286.0451110758697
1292.847661960563
1299.1625344253675
1304.9147366499737
1310.0364236214862
1314.4668971344254
1318.1526057907276
1321.0471449997426
1323.1112569782345
1324.3128307503832
1324.626902147784
1324.0356538094454
1322.528415181793
1320.1016625186646
1316.7590188813156
1312.5112541384158
1307.3762849660454
1301.3791748477088
1294.5521340743162
1286.9345197441958
1278.5728357630912
1269.5207328441604
1259.839008507978
1249.5956070825337
1238.8656197032285
1227.7312843128768
1216.2819856617143
1204.6142553073917
1192.8317716149652
1181.0453597569149
1169.3663067660261
1157.7629156685455
1146.2030180523943
1134.6893296397286
1123.2243779410567
1111.8105022552397
1100.4498536694935
1089.1443950593782
1077.8959010888148
1066.705958210074
1055.5759646637787
1044.507130478904
1033.500477472781
1022.5568392510845
1011.6768612078492
1000.8610005254613
990.1095261746574
979.422518914528
968.799871292516
958.2412876444182
947.7462840943772
937.3141885548938
926.9441407268209
916.6350920993648
906.3858059500805
896.1955897805617
886.0656950697357
875.9959203741586
865.9859335581773
856.0354036753126
846.1440009682585
836.3113968688845
826.5372639982264
816.8212761665009
807.1631083730948
797.5624368065689
788.0189388446572
778.5322930542694
769.1021791914812
759.728278201549
750.4102722189003
741.1478445671352
731.9406797590283
722.7884634965261
713.6908826707523
704.6476253619957
695.6583808397259
686.7228395625843
677.8406931783837
669.0116345241121
660.2353576259322
651.511557699174
642.8399311483463
634.2201755671298
625.6519897383783
617.1350736341199
608.6691284155576
600.253856433059
591.888961226176
583.5741475236276
575.3091212433089
567.0935894922853
558.9272605668028
550.8098439522672
542.7410503232717
534.7205915435748
526.7481806661095
518.8235319329856
510.94636077548284
503.11638381405857
495.3333188583316
487.596884907109
479.90682089515
472.262883080624
464.664798542064
457.11229577582753
449.60510530271625
442.14295966798636
434.72559344134174
427.3527432169357
420.02414761337076
412.7395472737005
405.4986848654229
398.30130508049024
391.14715463530257
384.0359822707094
376.9675387520092
369.94157686895187
362.95785143573175
356.016119290997
349.1161392978439
342.2576723438177
335.4404813409142
328.66433122557663
321.9289889587003
315.2342235256263
308.57980593614633
301.96550922450416
295.3911084493898
288.8563806939439
282.3611050657571
275.9050626968673
269.48803674376194
263.1098123873804
256.7701768331102
250.46891931078773
244.2058310746999
237.98070540357764
231.79333760061067
225.64352499343025
219.53106693411954
213.45576479921343
207.41742198969385
201.41584393098861
195.45083807298278
189.52221389000417
183.6297828808332
177.77417978140872
171.9628080722061
166.19622282308868
160.47289944318908
154.79136558773763
149.15020115805706
143.54803830156376
137.98356141176788
132.4555071282745
126.96266433677859
121.5038741690726
116.07803000304146
110.68407746266391
105.32101441801217
99.98789098525354
94.68380952664523
89.40792465054207
84.15944321139096
78.93762430973298
73.74177929220265
68.57127175152914
63.425517526532445
58.30398470212889
53.20619360932835
48.13171682523367
43.08017917304158
38.05125772204268
33.04468178762251
28.060232931255687
23.09774496051594
18.15710392906804
13.238248136671105
8.34116812917787
3.465906698536036
-1.3874411172167782
-6.218728033945926
-11.027754521423484
-15.814268803328707
-20.577966857246093
-25.318492414666117
-30.035436960988868
-34.728339735517096
-39.39668773146139
-44.039915695938284
-48.65740612997019
-53.248489288486184
-57.812443180322276
-62.34849356821983
-66.85581396882674
-71.33352565269975
-75.78069764429632
-80.19634672198472
-84.57943741803771
-88.92888201863585
-93.24354056386392
-97.5226695140207
-101.77211117881623
-105.99422735086061
-110.18928478899012
-114.35754509288527
-118.49926470306487
-122.61469490089
-126.70408180856299
-130.76766638912753
-134.8056844464675
-138.81836662531094
-142.80593841122445
-146.76862013061674
-150.70662695073773
-154.62016887967874
-158.50945076637143
-162.37467230059136
-166.21602801295265
-170.03370727491208
-173.82789429876675
-177.5987681376557
-181.34650268555956
-185.07126667729827
-188.77322368853672
-192.45253213577791
-196.10934527636738
-199.74381120849137
-203.35607287117773
-206.94626804429504
-210.51452934855456
-214.06098424550797
-217.58575766861813
-221.08901318834816
-224.5709007797612
-228.03155789098474
-231.4711207156749
-234.88972419301132
-238.28750200770048
-241.664586589975
-245.02110911559342
-248.35719950583965
-251.672986427526
-254.96859729298836
-258.2441582600896
-261.4997942322185
-264.73562885829
-267.951784532745
-271.14838239554973
-274.32554233219884
-277.48338297371043
-280.6220216966298
-283.741574623028
-286.8421566205024
-289.9238813021754
-292.98686102669785
-296.0312068982443
-299.0570287665163
-302.0644352267411
-305.0535336196722
-308.0244300315887
-310.9772292942972
-313.9120349851291
-316.82894942694156
-319.72807368811874
-322.6095075825702
-325.4733496697312
-328.31969725456474
-331.14864638755836
-333.96029186472583
-336.7547272276072
-339.5320447632685
-342.29233550430195
-345.0356892288249
-347.7621944604829
-350.47193846844556
-353.1650072674091
-355.8414856175956
-358.50145702475436
-361.1450037401582
-363.77220676060927
-366.38314582843327
-368.9778994314831
-371.55654480313694
-374.11915792229973
-376.66581351340153
-379.19658504640034
-381.7115447367777
-384.2107635455444
-386.69431117923267
-389.16225608990584
-391.6146654751486
-394.0516052780759
-396.4731401873264
-398.8793336370646
-401.27024780698207
-403.645943622295
-406.0064807537496
-408.3519176176116
-410.68231137567807
-412.99771793527145
-415.29819194923743
-417.5836168856984
-419.8538772361985
-422.10922965251865
-424.34987458263686
-426.5759483068929
-428.7875229379903
-430.98460642099593
-433.1671425333401
-435.33501088481574
-437.4880269175808
-439.62594190615494
-441.7484429574217
-443.8551530106279
-445.94563083738365
-448.0193710416619
-450.07580405980065
-452.1142961604994
-454.1341494448215
-456.1346018461938
-458.1148271304065
-460.073934895613
-462.0109705723294
-463.92491542343697
-465.81468654417824
-467.6791368621602
-469.51705513735294
-471.3271659620896
-473.1081297610665
-474.8585427913443
-476.5769371423467
-478.26178073585936
-479.8971884439813
-481.3801714014405
-482.6949506308869
-483.8474591553902
-484.84440410781707
-485.69326673083305
-486.402302376902
-486.98054050828597
-487.4377846970453
-487.78461262503885
-488.03237608392357
-488.1932009751547
-488.2799873099858
-488.306409209469
-488.28691490445425
-488.2367267355902
-488.17184115332367
-488.1090287178998
-488.06583409936184
-488.0605760775516
-488.11234754210926
-488.24101549247285
-488.46722103787926
-488.81237939736315
-489.298679899758
-489.9490859836954
-490.7873351976047
-491.8379391997143
-493.0995266962538
-494.44149386312887
-495.83602899907163
-497.2758338691675
-498.7541075033187
-500.2645461962441
-501.8013435074802
-503.35919026137947
-504.9332745471114
-506.5192817186625
-508.11339439483584
-509.7122924592515
-511.313153060346
-512.9136506113737
-514.511956790405
-516.1067405403268
-517.6971680688436
-519.2829028484762
-520.864105616562
-522.4414343752566
-524.0160443915308
-525.5885689594634
-527.1561732267694
-528.718349777948
-530.2749174808313
-531.825702961472
-533.3705406041411
-534.9092725513291
-536.4417487037462
-537.9678267203215
-539.4873720182032
-541.0002577727605
-542.50636491758
-544.0055821444683
-545.4978059034519
-546.9829404027756
-548.4608976089045
-549.9315972465221
-551.3949667985326
-552.8509415060582
-554.2994643684412
-555.7404861432431
-557.1739653462442
-558.5998682514447
-560.0181688910645
-561.4288490555421
-562.8318982935355
-564.2273139119221
-565.6151009757991
-566.9952723084821
-568.3678484915068
-569.7328578646287
-571.0903365258209
-572.4403283312778
-573.7828848954114
-575.1180655908541
-576.4459048878708
-577.7663841404308
-579.0795278828348
-580.3853623589723
-581.6839139862388
-582.9752093555359
-584.2592752312703
-585.5361385513561
-586.8058264272123
-588.0683661437638
-589.3237851594419
-590.5721111061835
-591.813371789431
-593.0475951881343
-594.2748094547477
-595.4950429152318
-596.7083240690534
-597.9146815891851
-599.114144322105
-600.3067412877981
-601.4925016797547
-602.671454864971
-603.8436303839492
-605.0090579506974
-606.1677674527294
-607.3197889510661
-608.4651526802329
-609.6038890482617
-610.7360286366904
-611.8616022005627
-612.9806406684284
-614.0931751423426
-615.1992368978676
-616.2988573840705
-617.3920682235247
-618.4789012123094
-619.5593883200103
-620.6335616897179
-621.70145363803
-622.7630966550494
-623.818523404385
-624.8677667231518
-625.9108596219706
-626.9478352849679
-627.978727069777
-629.0035685075362
-630.0223933028905
-631.0352353339894
-632.04212865249
-633.0431074835545
-634.0382062258516
-635.0274594515554
-636.0109019063452
-636.9885685094081
-637.9604943534356
-638.9267147046261
-639.8872733112858
-640.8422292309705
-641.7916110233351
-642.7354448535327
-643.673756923427
-644.606573471592
-645.533920773312
-646.4558251405828
-647.3723129221094
-648.283410503308
-649.1891443063053
-650.0895407899382
-650.9846264497539
-651.874427818011
-652.7589714636778
-653.6382839924332
-654.5123920466668
-655.3813223054785
-656.2451014846786
-657.1037563367884
-657.9573136510392
-658.8058002533728
-659.6492430064418
-660.4876688096091
-661.321104598948
-662.1495773472421
-662.9731140639865
-663.7917417953856
-664.605487624355
-665.4143786705203
-666.2184420902179
-667.0177050764944
-667.8121948591076
-668.6019387045251
-669.3869639159253
-670.1672978331967
-670.9429678329388
-671.7140013284611
-672.4804257697842
-673.2422686436389
-673.9995574734661
-674.7523198194177
-675.5005832783559
-676.2443754838531
-676.9837241061929
-677.7186568523689
-678.4492014660854
-679.1753857277566
-679.8972374545081
-680.6147845001752
-681.328054755304
-682.0370761471519
-682.741876639685
-683.4424842335815
-684.1389269662292
-684.8312329117267
-685.5194301808831
-686.2035469212184
-686.8836113169616
-687.5596515890544
-688.2316959951471
-688.8997728296015
-689.5639104234893
-690.0044943597043
