0.5
16.73730700259657
32.16954545850198
47.37869747096928
62.42326844786056
77.32351049200234
92.08936151735858
106.72653258519469
121.23902762735216
135.62969866192583
149.9007789613495
164.05410567819908
178.09133584755858
192.0139551423056
205.82327787311078
219.52051497931905
233.10683105845746
246.58329976907513
259.95096863629743
273.2108593289911
286.36396765976417
299.41126358496575
312.35369120468715
325.19216876275993
337.9275886467575
350.56082012845684
363.0927492725528
375.52423110482016
387.8561007753563
400.08918547012655
412.22430441096463
424.26226885557224
436.2038820975192
448.04993946624364
459.8012283270517
471.45852808111766
483.022610165484
494.4942380530617
505.8741672526292
517.1631453088328
528.3619118021892
539.47119834908
550.4917286017567
561.4242182483405
572.2693750128171
583.0279014550795
593.7005178044247
604.2879173836492
614.7907812365811
625.2097854671761
635.5456012395179
645.7988947778176
655.9703273664145
666.0605553497749
676.0702301324935
685.9999981792922
695.8505010150208
705.622375224657
715.3162524533055
724.9327594062004
734.4725178487013
743.936144606297
753.3242515646035
762.6374456693646
771.8763289264521
781.0414984018648
790.1335462217295
799.1530595723011
808.1006206999624
816.9768069112221
825.782190572719
834.5173391112194
843.1828150136141
851.7791758269271
860.3069741583045
868.7667576750225
877.159069104488
885.4844462342284
893.7434219119062
901.9365240453096
910.0642756023502
918.1271946110735
926.1257942924365
934.0605953917576
941.9321134357259
949.7408533132854
957.4873161052961
965.1719990845352
972.795395715696
980.3579956553893
987.8602847521416
995.3027450463967
1002.6858547705144
1010.010088348772
1017.2759163973628
1024.483805724397
1031.6342193299015
1038.7276164058192
1045.7644523360111
1052.745178696253
1059.670243254239
1066.5400899695787
1073.3551589937986
1080.1158866703431
1086.8227060382612
1093.4760487943893
1100.0763417958726
1106.6240083282148
1113.1194683820781
1119.5631386532834
1125.9554325428107
1132.2967601567977
1138.5875283065423
1144.8281405084997
1151.018996984285
1157.1604946606715
1163.2530271722387
1169.296985230471
1175.2927564866068
1181.240725379239
1187.1412733102204
1192.9947786446637
1198.801616710941
1204.5621598006844
1210.4341023133018
1209.7100533514993
1199.6966253418432
1185.8947163996354
1171.0756681296343
1155.9371112674687
1140.7394361534864
1125.5499019309627
1110.412781872205
1095.352115879376
1080.38101151195
1065.5070968556427
1050.7346556613215
1036.0666888709604
1021.5054503123771
1007.0524466992348
992.7084376310407
978.4734379135971
964.3473772690991
950.3301946981221
936.4215045304542
922.6208783870477
908.9278451800205
895.3418911126546
881.8624596793974
868.488951665861
855.2207251488222
842.057095496222
828.9973353671678
816.0406902954004
803.1864916812573
790.4340110460221
777.7825028178933
765.2312240898989
752.7794346198965
740.4263968305731
728.1713758094456
716.0136393088598
703.9524577459919
691.9871042028469
680.1168544262603
668.3409868278951
656.6587824842468
645.0695251366384
633.572501191222
622.1669997189816
610.8523124557291
599.6277338021048
588.4925608235811
577.4460932504603
566.4876432916625
555.6165431692916
544.8321105557118
534.1336677966449
523.520542877796
512.9920694248523
502.5475867034841
492.1864396193443
481.9079787180681
471.711560185274
461.5965458465627
451.5623031675177
441.6082052537053
431.7336308506747
421.937964343957
412.22059575906616
402.5809207615001
393.01834065673813
383.53226239024184
374.12209854745663
364.7872673538103
355.5271926747137
346.34130401555865
337.2290365217218
328.1898309785605
319.2231338114181
310.3283970856152
301.50507850646
292.7526414192409
284.0705548092315
275.4582933016843
266.9153371618363
258.4411722949088
250.03529024610364
241.69718820060586
233.42636898358165
225.22234106018536
217.08461853554783
209.01275604388152
201.00638830567286
193.0650264490032
185.18820126014464
177.3754772514136
169.62645266117343
161.94075945383184
154.3180633198434
146.758063675707
139.2604936639687
131.8251201532184
124.45174373809371
117.14019873927582
109.89035320349294
102.70210890351885
95.57540133817083
88.5101997323164
81.50675408285859
74.56564961288487
67.6872599691811
60.87270158587303
54.12387468996542
47.4434633013442
40.834935232774036
34.30299853470897
27.856194506886204
21.51066702510698
15.299228030973723
9.291108464298162
3.745493817713208
0.20976195677622858
0.0006949500619700752
0.0002651262157469835
0.00026181412172787417
0.00025926920450917475
0.0002567639783735495
0.0002543113101162861
0.0002524128888964965
0.00025257541898584895
0.0002557107344776746
0.0002611166252261482
0.00026756032197295195
0.0002744801889833778
0.00028175380775033655
0.0002893329943533179
0.000297176199854306
0.00030532840119940264
0.00031376686551040997
0.0003224913653009221
0.00033153004110583626
0.00034087939128517775
0.00035057404913161277
0.00036059219232470235
0.0003709764466998504
0.0003817325062290736
0.00039288012917313017
0.0004044150384141256
0.0004163772615402134
0.0004287863163954618
0.000441658639233064
0.00045499772130764486
0.0004688486467034342
0.0004832258291298131
0.0004981447760223772
0.000513651220315345
0.000529755513156798
0.0005464830092564664
0.0005639000349408589
0.0005819922442559927
0.000600819454213335
0.0006204261065674108
0.0006408187708500741
0.0006620851932593889
0.0006842351070915515
0.0007073301680174371
0.0007314112261033751
0.000756540503517498
0.0007827711827192824
0.0008101665618022743
0.0008387933847311903
0.0008687096320321502
0.000900005815835538
0.0009327605766600096
0.0009670424637968415
0.0010029493623747352
0.0010405992502125678
0.0010800792637487597
0.0011215098164297132
0.001164966079626412
0.0012107107666728043
0.0012587440949029891
0.0013093002426528245
0.0013625123913333435
0.0014186215307521776
0.0014776994187730606
0.0015400387083197118
0.0016059032139445896
0.0016755036377132384
0.0017491177605089526
0.0018270340044708785
0.0019095890001023376
0.001997168450351967
0.002090129832014873
0.0021889117646396892
0.0022939736854523333
0.002405889638460164
0.002525191569807029
0.0026525544510494293
0.002788655141372575
0.0029342877787478685
0.0030903487692216882
0.0032578133372004477
0.003437728878603165
0.0036313750554854813
0.0038401156997958006
0.004065497383340846
0.0043093248882207615
0.004573521648832679
0.004860413541313364
0.005172525551906082
0.005512879615425941
0.005884821619629705
0.006292331988052612
0.006739966878271271
0.007232918690454573
0.007777537827726731
0.008381005868248878
0.009051905144061333
0.009800504971741274
0.010638877282622904
0.011581899975363907
0.01264714469108296
0.013856472799338567
0.015236523868172027
0.016820284161128136
0.018649651988704014
0.020777280006182657
0.023270724051011157
0.026217791824860413
0.029735012880049105
0.03397794166693682
0.039159831571973884
0.045578379409498326
0.05366103497614871
0.0640371178749481
0.07766812998707492
0.09608578439064223
0.12185344680881502
0.15955508134955868
0.21808665831930793
0.3167033995262307
0.5036210195702866
0.9248087856108905
2.112483106009919
5.933366540396864
15.684084082405814
31.477818869619462
48.868274755021986
66.1170434786531
83.20348613308452
100.13807541958573
116.92685797578223
133.57427535560223
150.0832462193048
166.4559949343536
182.69453502047517
198.8005930214375
214.77573233682236
230.62136308225715
246.3387989255118
261.92930863895543
277.3941160995624
292.73440028890593
307.9512952931649
323.045890303116
338.01925125132925
352.8724443926867
367.6064863252491
382.2223810117662
396.7211211232873
411.10368803915634
425.3710518470166
439.5241713428059
453.56399403076165
467.4914561234155
481.3074825415985
495.0129869144377
508.60887157935673
522.0960275820755
535.4753346766139
548.7476613252865
561.9138705428619
574.9748369677
587.9314066773236
600.7844159690193
613.5346944392614
626.183064983708
638.7303437972081
651.1773403737961
663.5248575066951
675.7736912883115
687.9246311102429
699.9784596632719
711.9359529373701
723.797880221693
735.5650041045855
747.2380804735799
758.8178585153955
770.3050807159359
781.7004828602954
793.0047940327537
804.2187366167797
815.3430262950238
826.3783720493301
837.3254761607276
848.185034209431
858.957735074843
869.644260935552
880.2452872693377
890.7614828531629
901.1935097631779
911.5420233747212
921.8076689972346
931.9910467677194
942.0928053028808
952.1136027192604
962.0540857610076
971.914889799877
981.6966388352292
991.3999454940284
1001.0254110308467
1010.5736253278611
1020.0451668948549
1029.4406028692147
1038.7604890159353
1048.0053697276164
1057.1757780244634
1066.272235554286
1075.2952525925004
1084.2453280421305
1093.1229494338024
1101.9285929257508
1110.6627233038125
1119.3257939814343
1127.9182469996656
1136.440513027163
1144.893011360186
1153.2761499226033
1161.5903252658877
1169.8359225691177
1178.0133156389766
1186.1228669097554
1194.1649274433478
1202.1394987098593
1210.0463402257658
1217.8863883884737
1225.6602482697228
1233.3681056078535
1241.009726807805
1248.5844589411195
1256.0912297459392
1263.5285476270076
1270.894501655667
1278.1867615698623
1285.4025777741383
1292.5387813396412
1299.5917840041172
1306.557578171913
1313.4317369139767
1320.2094139678575
1327.1646551653464
1335.9547169694806
1345.4131841154049
1354.0426302185613
1360.6464729945046
1364.328974258899
1364.4952399275226
1360.851220016263
1353.4037086411204
1342.4603440182066
1328.6296084637447
1312.8208283940712
1296.2441743256277
1280.0139433102113
1263.7907543536762
1247.5795971883952
1231.4328704525042
1215.3814750136282
1199.4348139688698
1183.594160403699
1167.8661502442499
1152.2521647129447
1136.7533378701307
1121.370556614071
1106.1044606809496
1090.9554426448706
1075.9236479178608
1061.0089747498637
1046.2110742287443
1031.5293502802865
1016.962959668198
1002.5108176544942
988.1722603410382
973.9467648126039
959.8335437049741
945.8318095612601
931.9407748319057
918.1596518746861
904.4876529547117
890.9239902444214
877.4678758235865
864.1185216793108
850.8751397060307
837.7369417055144
824.7031393868599
811.7729443665
798.9455681681974
786.220222223047
773.5961178694779
761.0724663532475
748.648478827449
736.3233663525023
724.096349964094
711.9666857364006
699.9336164072624
687.9963880584587
676.1542522225499
664.4064658828827
652.7522914735871
641.1909968795815
629.7218554365652
618.3441459310244
607.057152600228
595.8601651322335
584.7524786658797
573.7333937907916
562.8022165473775
551.9582584268339
541.2008363711391
530.529272773056
519.9428954761346
509.4410377747069
499.023038413893
488.6882415895948
478.4359969485007
468.26565958808254
458.1765900565983
448.16815435308996
438.2397239273853
428.3906756800952
418.6203919626158
408.92826057712904
399.3136747766023
389.77603326478385
380.3147401962124
370.92920517620695
361.6188432608719
352.3830749570961
343.2213262225579
334.1330284657156
325.1176260703268
316.17458147082397
307.3033312088927
298.503318900876
289.7739982160262
281.1148328765038
272.52529665737705
264.00487338662464
255.55305694513163
247.16935126669156
238.85327033800615
230.60433819868766
222.42208894125383
214.3060667111325
206.2558257066578
198.2709301790764
190.3509544325387
182.49548282410527
174.7041097637459
166.9764397143369
159.31208719166554
151.7106767644239
144.17184305421532
136.69526663012465
129.28084997839383
121.92823362561376
114.63712431651207
107.40737809990495
100.23900032869312
93.1321456598645
86.08711805449381
79.10437077774135
72.1845063988561
65.32827679117142
58.53658313210937
51.810958151337935
45.15403517378101
38.56898406842354
32.063582543333666
25.6504995971693
19.347606200352082
13.192867202215583
7.300226061678336
2.0906916538353197
0.027312686499956416
0.0002545587626430144
0.0002134188920665997
0.00021866060539661933
0.00022423304282258763
0.00022996520764156906
0.00023592163906565293
0.0002420878428455872
0.0002484715068871961
0.00025505811950659295
0.0002618674430504033
0.00026890020997748747
0.0002761682208139814
0.00028367546950793887
0.0002914371032732654
0.00029945830500296446
0.0003077513287186513
0.00031632761564533
0.0003251915599734202
0.00033436735242897545
0.0003438562608556289
0.00035367142456964475
0.00036383097259811846
0.0003743562378560261
0.0003852484631280053
0.00039653189999221654
0.00040822933278227724
0.00042035232116644465
0.0004329143147602214
0.00044595302477463917
0.0004594686736471808
0.0004735003644157702
0.0004880603423426717
0.0005031839103409278
0.0005188915952536711
0.000535209362779596
0.0005521758763033691
0.0005698203575433621
0.000588155594892019
0.0006072527696447836
0.000627125148743379
0.0006478214155657923
0.0006693765267574845
0.0006918479784026997
0.0007152759086470748
0.0007397024525716769
0.0007652032955499481
0.0007918306836294554
0.0008196408552603295
0.000848701444814701
0.0008790797946794249
0.0009108665883718467
0.0009441272293889633
0.0009789644662027178
0.0010154603352831926
0.0010537171495975427
0.001093846913457089
0.001135962299480604
0.0011802128786099922
0.0012266980352195992
0.001275569008058639
0.0013270212032675116
0.0013811946127039855
0.0014382713502133625
0.0014984780544460925
0.0015620169824186144
0.0016291327886364753
0.001700060174241747
0.0017751148650436673
0.0018545966003032798
0.0019388196445183322
0.0020282050324627724
0.002123107626607711
0.0022239887867369886
0.00233134621827573
0.002445725333359545
0.0025677183015293654
0.0026979615487607096
0.0028372643090044942
0.0029863650303627747
0.003146197223771698
0.0033178075368243084
0.0035023336647733118
0.0037009876854879865
0.003915256685262275
0.0041467648181241394
0.004397354623948566
0.004669068601757256
0.004964332913302837
0.005285788772700111
0.005636578789561986
0.006020331801796416
0.0064410395791452725
0.006903719757992472
0.0074137870342290135
0.007977726581585357
0.008603373290396846
0.009299807304506745
0.010077884500641952
0.01095049831282121
0.011933396448342338
0.013045603468495679
0.01431031182820321
0.015756382558627467
0.017419591270859326
0.019345003561460277
0.0215902563732749
0.024228848432951644
0.02735802656244105
0.031105634540696786
0.035645662075620546
0.041216181191654974
0.04815259261243493
0.05694288073775565
0.06831082654463622
0.08338040821454303
0.10397126498866678
0.13319337916705962
0.1767564855635613
0.2461174168513415
0.3672094482827624
0.6090776358810327
1.1960596467299607
2.9730744875302553
8.501297186836569
20.658628212432493
37.4942528448815
54.859318862846465
72.05038292642689
89.08352384116412
105.967317185603
122.70685606196196
139.30604097454176
155.7676620557863
172.0937828103493
188.28630034408934
204.3468422843223
220.27693463844113
236.07800179573786
251.75136652741222
267.29825052317597
282.7198508695903
298.0173225433032
313.19176448417113
328.24425861951454
343.1758698641196
357.9876461202344
372.6806182775749
387.25580021332144
401.7141887921213
416.05676386608155
430.2844882747786
444.3983078452523
458.3991513920119
472.28795279849385
486.0656425041457
499.73312082720474
513.2912805319393
526.7410068615828
540.0831775383406
553.3186627633856
566.4483252168592
579.4730200578729
592.3935949245023
605.210889933796
617.9257376817695
630.5389632434083
643.0513841726629
655.4638105024559
667.7770447446763
679.9918818901855
692.109109408806
704.1295072493366
716.0538478395403
727.882896086151
739.617409374868
751.2581375703609
762.8058230162704
774.2612005336558
785.625002135136
796.8979684250244
808.0808350874722
819.1743292744675
830.179169605831
841.0960661692224
851.9257205201359
862.6688256819018
873.3260661456864
883.8981178704909
894.3856482831553
904.7893162783494
915.1097722185837
925.3476579342038
935.50360672339
945.5782433521592
955.5721840543642
965.4860365316925
975.3203999536707
985.0758649576547
994.7530136488419
1004.3524196002643
1013.8746478527881
1023.3202549151173
1032.68978876379
1041.9837888431812
1051.2027860655037
1060.3473028108
1069.4178529269536
1078.4149417296821
1087.33906600254
1096.190713996916
1104.9703654320367
1113.678491494962
1122.3155548405878
1130.882009591651
1139.3783013387156
1147.8048671401862
1156.1621355223062
1164.4505264791499
1172.6704514726284
1180.8223134324896
1188.9065067563147
1196.923417309529
1204.8734224253797
1212.756890904962
1220.9351117019685
1230.1423902422619
1240.0885986216485
1250.4576303768451
1260.9559664852873
1271.3126753651302
1281.279412875243
1290.630422315219
1299.1625344253675
1306.6951673867175
1313.0703268210154
1318.1526057907276
1321.8291847990379
1324.0098317898498
1324.626902147784
1323.6353386981805
1321.012671707099
1316.7590188813156
1310.8970853683286
1303.4721637563507
1294.5521340743162
1284.2274637918756
1272.6112078193983
1259.839008507978
1246.0690956494204
1231.4822864762525
1216.2819856617143
1200.6941853197761
1184.9674650051184
1169.3663067660261
1153.9046458717196
1138.5219315295053
1123.2243779410567
1108.0176044663
1092.9066356234111
1077.8959010888148
1062.9892356971864
1048.18987944145
1033.500477472781
1018.9230801005996
1004.459142792585
990.1095261746574
975.8744960309907
961.7537233040063
947.7462840943772
933.8506596610239
920.0647364211181
906.3858059500805
892.8122576574525
879.3458524643253
865.9859335581773
852.7317160034829
839.5824186230913
826.5372639982264
813.5954784684877
800.7562921318469
788.0189388446572
775.3826562216412
762.8466856358975
750.4102722189003
738.0726648604983
725.8331162089158
713.6908826707523
701.6452244109806
689.6954053529486
677.8406931783837
666.0803593273837
654.4136789984212
642.8399311483463
631.3583984923816
619.9683675041274
608.6691284155576
597.4599752170169
586.3402056572351
575.3091212433089
564.3660272407116
553.5102326732903
542.7410503232717
532.0577967312535
521.4597921962086
510.94636077548284
500.5168302848069
490.17053229827724
479.90682089515
469.72510687524
459.6247487327108
449.60510530271625
439.6655418186696
429.8054299122441
420.02414761337076
410.3210793502455
400.69561594931884
391.14715463530257
381.6750990311685
372.278859158148
362.95785143573175
353.7114986816708
344.53923011197367
335.4404813409142
326.41469438102007
317.4613176430811
308.57980593614633
299.7696204675257
291.03022884278624
282.3611050657571
273.7617295385254
265.2315890614415
256.7701768331102
248.37699245040073
240.0515419084379
231.79333760061067
223.60189831856212
215.47674925220215
207.41742198969385
199.4234545174625
191.49439122019288
183.6297828808332
175.83198334440678
168.11353681835487
160.47289944318908
152.90656057605713
145.4111746975635
137.98356141176788
130.6207054461907
123.3197566518049
116.07803000304146
108.89300559778818
101.76232865738905
94.68380952664523
87.65542367381414
80.67531169060872
73.74177929220265
66.85329731722136
60.008501727749945
53.20619360932835
46.445339170954554
39.72506974508229
33.04468178762251
26.403636877941896
19.80156171886387
13.238248136671105
6.7136530811000235
0.22789862534370836
-6.218728033945926
-12.625774576663419
-18.992623559243025
-25.318492414666117
-31.60243345245523
-37.84333385867635
-44.039915695938284
-50.190735903394824
-56.294186296742616
-62.34849356821983
-68.35171928661158
-74.3017598972429
-80.19634672198472
-86.03304595924813
-91.80925868399316
-97.5226695140207
-103.18250612259382
-108.79392258132022
-114.35754509288527
-119.87398355448508
-125.34383155782636
-130.76766638912753
-136.14604902911483
-141.4795241530281
-146.76862013061674
-152.01384902614117
-157.2157065983721
-162.37467230059136
-167.4912092805911
-172.5657643806754
-177.5987681376557
-182.59063478285796
-187.54176224211682
-192.45253213577791
-197.3233097786982
-202.15444418024427
-206.94626804429504
-211.69909776923842
-216.41323344797325
-221.08901318834816
-225.72680534098745
-230.32693522833546
-234.88972419301132
-239.415489612877
-243.90454490103727
-248.35719950583965
-252.7737589108754
-257.15452463497604
-261.4997942322185
-265.80986129192155
-270.0850154386468
-274.32554233219884
-278.53172366762476
-282.7038371752147
-286.8421566205024
-290.946951804262
-295.01848856251286
-299.0570287665163
-303.0628303227762
-307.03614717304
-310.9772292942972
-314.88632269878036
-318.7636694339658
-322.6095075825702
-326.42407126255523
-330.20759062712494
-333.96029186472583
-337.68239719904744
-341.3741248890221
-345.0356892288249
-348.66730054787365
-352.26916521082984
-355.8414856175956
-359.3844602033185
-362.89828343838667
-366.38314582843327
-369.8392339143323
-373.2667302722015
-376.66581351340153
-380.0366582845362
-383.3794352674504
-386.69431117923267
-389.9814487722167
-393.24100683397455
-396.4731401873264
-399.67799969032984
-402.85573223628876
-406.0064807537496
-409.1303842064997
-412.22757759357035
-415.29819194923743
-418.3420417869714
-421.35908825722265
-424.34987458263686
-427.3147491482721
-430.25385753776675
-433.1671425333401
-436.05434411579034
-438.91499946449755
-441.7484429574217
-444.553806171103
-447.33001788066235
-450.07580405980065
-452.7896878807994
-455.4699897145209
-458.1148271304065
-460.72211489647924
-463.28956497934206
-465.81468654417824
-468.29478595475166
-470.72696677340616
-473.1081297610665
-475.43497287723784
-477.70399128000463
-479.8971884439813
-481.83684338709344
-483.4809216331874
-484.84440410781707
-485.9447183057754
-486.80173829109447
-487.4377846970453
-487.8776247261382
-488.14847215012225
-488.2799873099858
-488.30427711595644
-488.2558950475006
-488.17184115332367
-488.0915620513705
-488.0569509288247
-488.11234754210926
-488.30453821688576
-488.68275584805536
-489.298679899758
-490.2064364053728
-491.46259796751804
-493.0995266962538
-494.90086866143986
-496.7912989867629
-498.7541075033187
-500.77415564458835
-502.8378764464364
-504.9332745471114
-507.04992618724623
-509.17897920985746
-511.313153060346
-513.4467387864966
-515.5755990384783
-517.6971680688436
-519.8104517325293
-521.9160274868568
-524.0160443915308
-526.1116952945354
-528.1982386810901
-530.2749174808313
-532.3413176683143
-534.397049737898
-536.4417487037462
-538.4750740998269
-540.4967099799126
-542.50636491758
-544.50377200621
-546.4886888589882
-548.4608976089045
-550.4202049087522
-552.3664419311303
-554.2994643684412
-556.2191524328923
-558.1254108564949
-560.0181688910645
-561.8973803082214
-563.7630233993899
-565.6151009757991
-567.4536403684815
-569.2786934282749
-571.0903365258209
-572.8886705515658
-574.67382091576
-576.4459048878708
-578.2049124854916
-579.9508947138228
-581.6839139862388
-583.4040332644792
-585.1113160586476
-586.8058264272123
-588.4876289770057
-590.1567888632248
-591.813371789431
-593.4574440075506
-595.089072317873
-596.7083240690534
-598.3152671581107
-599.9099700304286
-601.4925016797547
-603.0629316482017
-604.6213300262463
-606.1677674527294
-607.7023151148575
-609.2250447481995
-610.7360286366904
-612.2353396126291
-613.723051056679
-615.1992368978676
-616.6639716135873
-618.1173302295944
-619.5593883200103
-620.9902220073199
-622.4099079623735
-623.818523404385
-625.2161461009333
-626.6028543679614
-627.978727069777
-629.3438436190519
-630.698283976823
-632.04212865249
-633.3754587038194
-634.6983557369394
-636.0109019063452
-637.313179914895
-638.6052730138116
-639.8872733112858
-641.1593078845543
-642.4214484003974
-643.673756923427
-644.916295634279
-646.1491268296123
-647.3723129221094
-648.5859164404756
-649.7900000294397
-650.9846264497539
-652.1698585781936
-653.3457594075572
-654.5123920466668
-655.6698197203674
-656.8181057695276
-657.9573136510392
-659.0875069378169
-660.2087493187993
-661.321104598948
-662.4246366992475
-663.519409656706
-664.605487624355
-665.682934871249
-666.7518157824662
-667.8121948591076
-668.8641367182978
-669.9077060931844
-670.9429678329388
-671.9699869027548
-672.9888283838503
-673.9995574734661
-675.0022394848663
-675.9969398473384
-676.9837241061929
-677.962657922764
-678.9338070744091
-679.8972374545081
-680.8530150724652
-681.8012060537075
-682.741876639685
-683.6750931878719
-684.6009221717644
-685.5194301808831
-686.4306839207716
-687.3347502129964
-688.2316959951471
-689.1215883208376
-690.0044943597043
