0.5
10.851106148447796
20.623674967742165
30.254822170010662
39.79677773727359
49.2676863759115
58.67620134846814
68.02709679519619
77.32351049200234
86.5675025716357
95.76053994947931
104.90377434028952
113.99816391178491
123.04447328464583
132.04331908976812
140.99526534340743
149.9007789613495
158.76029848531223
167.57423630921608
176.34297867918363
185.0668856935399
193.7462913028129
202.38150330973153
210.97280969818812
219.52051497931905
228.02489235541418
236.48620506608103
244.90471240557528
253.2806697228005
261.6143284213082
269.90593595929835
278.15573584961845
286.36396765976417
294.5308670118792
302.65666558275603
310.74159110383357
318.78586736119985
326.7897141955918
334.75334750239136
342.6769792316329
350.56082012845684
358.4050921235494
366.2100039069471
373.97576046642354
381.7025655745225
389.3906217885575
397.04013045061225
404.65129168754015
412.22430441096463
419.75936631727905
427.25667388764646
434.7164223880002
442.1388058690434
449.5240171662487
456.87224789985953
464.18368847488784
471.45852808111766
478.6969546931007
485.89915507016
493.06531475638786
500.19561808064697
507.29024815656925
514.3493868825569
521.3732149417833
528.3619118021892
535.3156557164873
542.2346237221592
549.1189916414562
555.9689340814028
562.7846244337874
569.5662348751722
576.3139363668907
583.0279004508311
589.7083031295642
596.3553135847857
602.9690995022265
609.5498277750871
616.0976645040372
622.6127749972155
629.0953237702302
635.5454745461583
641.9633902555464
648.3492330364103
654.7031642342351
661.0253444019745
667.3159333000522
673.5750898963609
679.802972366262
685.9997380925869
692.1655436656354
698.3005448831776
704.4048967504517
710.4787534801661
716.5222684924972
722.5355944150922
728.5188830830662
734.4722855390039
740.3959520329594
746.2900320224561
752.1546741724865
757.9900263555118
763.7962356514641
769.5734483477423
775.3218099392159
781.0414651282232
786.7325578245732
792.3952311455422
798.0296274158765
803.6358881677911
809.21415414097
814.7645652825695
820.2872607472112
825.7823788969876
831.2500573014588
836.6904327376576
842.1036411900832
846.9034200136625
849.6045306972645
850.3451857688149
849.3464302714706
846.8175680932482
842.9561619670237
837.9480334705324
831.9672630263692
825.1761899019884
817.7254122097036
809.7537869066878
801.3884297949736
792.7447155214526
783.9262775778767
775.0250083008563
766.1210588718617
757.2828393172225
748.5670185081274
740.0185241606255
731.6705428356245
723.5445199388918
715.6501597210536
707.9854252775964
700.536538548865
693.2779803200666
686.1724902212625
679.1710667273798
672.2129671581982
665.2257076783648
658.1250632973776
650.8939531427474
643.6876905815658
636.5158688249799
629.3784675703032
622.2754548243801
615.2067869035858
608.1724084338264
601.172252350539
594.2062398986918
587.274280632784
580.3762724168457
573.5121014244371
566.681642138651
559.884771331951
553.121379701957
546.3913259414634
539.6944673864258
533.0306615441554
526.3997660933204
519.8016388839447
513.2361379374094
506.70312144645106
500.2024477751629
493.73397545899485
487.2975632047525
480.89306989059827
474.5203545660509
468.1792764519849
461.8696949406319
455.5914695955795
449.34446015177144
443.1285265155085
436.94352876444646
430.7893271475992
424.66578208533537
418.5727541693807
412.5101041628175
406.4776930000834
400.4753817869739
394.5030318006389
388.56050448958666
382.64766147368067
376.7643645441401
370.9104756635428
365.08585696581946
359.2903707562605
353.5238795115121
347.7862458795731
342.0773326798036
336.397002902917
330.74511971098417
325.1215464374334
319.5261465870455
313.95878383596266
308.4193220316777
302.9064399709206
297.418998506631
291.9570929805734
286.5208142917965
281.1102488966313
275.7254788086925
270.3665815988784
265.0336303953697
259.72669388363107
254.44583630640986
249.19111746373707
243.96259271292703
238.7603129685767
233.5843247025671
228.43466994406154
223.31138627950722
218.2145068526349
213.14406036445766
208.1000710732727
203.08255879465923
198.0915389014814
193.1270223238854
188.1890155493008
183.27752062244096
178.39253514530165
173.53405227716283
168.70206073458692
163.8965447914196
159.11748427879098
154.3648545851123
149.63862665608005
144.93876699467307
140.26523766115326
135.6179962730659
130.99699600524053
126.40218558978742
121.83350931610327
117.29090703086548
112.77431413803636
108.28366159885994
103.8188759318643
99.37987921286157
94.9665890749461
90.57891870849522
86.21677686116958
81.88006783791553
77.56869150095778
73.28254326980904
69.02151412126308
64.78549058939635
60.57435476556989
56.387984298427526
52.22625239389481
48.08902781518301
43.976174882787966
39.88755347448239
35.82301902532761
31.782422527668754
27.767925119313414
23.791654063765343
19.861036064886317
15.986975910786496
12.186799230835778
8.49337447023718
4.991764113154124
1.9262254640686014
0.1985004878433127
0.005289436513033693
0.0009930198755059602
0.0009339294229583812
0.0009536702009300027
0.0009754536700865851
0.0009979094025103525
0.0010210342310456237
0.0010448496730585323
0.0010693906361900806
0.00109470646258802
0.001120766395451892
0.0011476265199272422
0.0011753643118709014
0.001203938436703391
0.0012334332902769404
0.001263879134704762
0.0012953114445835503
0.0013277353307042132
0.0013612572330915856
0.001395870658114684
0.001431654906870769
0.0014686333793781476
0.0015068785892337789
0.001546437826995791
0.001587360567941154
0.0016297298694173785
0.001673575060764798
0.0017189863294329935
0.0017660542880741576
0.0018148203663673013
0.001865362441489102
0.0019177954662558498
0.001972190804376334
0.00202865629782701
0.002087261231299153
0.0021481664690251464
0.0022114333300719794
0.0022772022407517188
0.002345602523384364
0.0024167464090522014
0.0024908323944657805
0.002567978750776951
0.002648345356574791
0.002732125938142436
0.002819491955663655
0.002910653320959034
0.0030058198754744476
0.0031052327344493684
0.0032091120986309568
0.0033177504044761786
0.0034314056234206807
0.003550424222170572
0.0036751093352980265
0.003805842383096817
0.003942955684657831
0.00408698812374491
0.004238324574679492
0.004397451878210503
0.004564923440680696
0.00474126358672975
0.0049270987454453396
0.005123187464274533
0.005330114050915938
0.00554875176664725
0.005779963055644176
0.006024676041131891
0.006283960573758306
0.006558930900251041
0.006850843361685229
0.0071610856166699636
0.007491136620188308
0.00784270968129235
0.00821764399124029
0.00861802263723779
0.009046104629679358
0.00950445550822158
0.00999584436959226
0.010523498953582415
0.011091088580717718
0.011702487813862437
0.012362346158859143
0.013075746637273778
0.013848487910668474
0.014687352353405327
0.015599626031642595
0.0165943891164355
0.017681444339120056
0.018872555906863143
0.020181028906184225
0.021622828985416963
0.02321614854759698
0.024983410297062646
0.026949718696193867
0.029146294009940985
0.0316104543239363
0.034386801062806845
0.03753055403786602
0.04110890375390647
0.04520602836034727
0.0499271180341836
0.05540590809129829
0.061814291776365236
0.06937633457235293
0.07838952662873512
0.08925507004715152
0.10252475781480475
0.11897732343523916
0.13974177803069066
0.16650127198414133
0.2018957979848631
0.2501702748993375
0.31858695238852275
0.4203252636516544
0.581165529929615
0.8558126024898565
1.3690066506145386
2.4126315943724923
4.602044001685266
8.864216942378603
15.843272038970882
25.306384574244987
36.013480497531916
46.897248555350366
57.705750008433455
68.44999500936161
79.13162864857138
89.75332794569904
100.316778605572
110.82325556849827
121.27385519458029
131.66949526371386
142.01091497559165
152.2986749496983
162.53327769769217
172.71523020871456
182.8449529688592
192.92284937921667
202.94930575587048
212.9246913298991
222.84935824737602
232.72364156936914
242.54785927194197
252.32231224615268
262.04728591501174
271.72308163921207
281.34998296835334
290.9282602926439
300.45818094717646
309.9400092119303
319.3740063117713
328.7604304164509
338.0995366406087
347.3915770437685
356.63680063034167
365.8354533496247
374.9877780958003
384.0940147079397
393.1543999699987
402.16916761081865
411.13854830412816
420.0627696685417
428.94205626756195
437.77662960957383
446.56670802551224
455.3124844076698
464.01416964573826
472.6719943209293
481.2861850415621
489.856964443066
498.38455118797975
506.8691599659511
515.3110014937389
523.7102825152097
532.06720580134
540.381970150216
548.6547703870326
556.8857973640959
565.0752379608199
573.2232750837279
581.330087666454
589.3958506697402
597.4207350814397
605.4049079165137
613.348532217033
621.2517670521793
629.1147675182408
636.9376847386189
644.7206658638219
652.4638540714682
660.1673885662858
667.8314045801113
675.4560333718928
683.0414022276851
690.587634460655
698.0948494110789
705.5631624463371
712.9926849609296
720.3835243764544
727.7357841416289
735.0495637322708
742.3249586513177
749.5620604288051
756.7609566218878
763.921502522054
771.0435104764416
778.1274612207066
785.1736917461308
792.1823654844123
799.1534723076679
806.0868285284314
812.9820768996548
819.8386866147082
826.6559533073787
833.4329990518717
840.16877236281
846.8620481952338
853.5114279446026
860.1153394467915
866.6720369780953
873.1796012552251
879.63593943531
886.0387851158973
892.3856983349531
898.6740655708585
904.9010997424139
911.0638402088389
917.1627952892659
923.9025828327767
931.3328964340166
938.8298543765962
945.8579281255053
951.969942327115
956.8070748091739
960.0988565808118
961.663171832537
961.4062579362387
959.3227054451851
955.4954580940232
950.0958127987818
943.383419656867
935.7062819470669
927.5007561295458
919.2830478157904
911.1225550799594
902.8988746215732
894.6364188588944
886.3562000790281
878.0758304379248
869.8095219603788
861.5680865400278
853.3589359393551
845.186081789685
837.0501355911885
828.9483087128795
820.8767885633664
812.840406855724
804.8401505277004
796.8762337433491
788.9488463810668
781.0581540335946
773.2042980080182
765.3873953257653
757.6075387226099
749.8647966486692
742.1592132684045
734.4908084606211
726.8595778184682
719.2654926494396
711.7084999753723
704.188522532449
696.7054587711954
689.259182856479
681.8495446675158
674.4763697978632
667.1394595554225
659.8385931389862
652.573683634544
645.344644327207
638.1513186939652
630.9935503784352
623.8711831908598
616.7840611081067
609.7320282736715
602.714928997675
595.7326077568647
588.7849091946147
581.8716781209233
574.9927595124171
568.1479985123485
561.3372404305952
554.5603307436626
547.8171150946803
541.1074392934057
534.431149316222
527.788091306138
521.17811157279
514.6010565924388
508.0567730079725
501.54510762890544
495.0659074313776
488.6190195581561
482.20429131863244
475.82157018882646
469.4707038113824
463.15153999557185
456.86392671729436
450.6077121190689
444.38274451004935
438.18887236601006
432.0259443293549
425.8938092091086
419.79231598092974
413.7213137870972
407.68065264416833
401.67019079868214
395.6897856285366
389.73929391889544
383.8185731981804
377.92748173806905
372.0658785534957
366.2336234026513
360.4305767869822
354.6565999511926
348.91155488324273
343.19530431434924
337.5077117189857
331.84864131488126
326.2179580630221
320.6155276676516
315.0412165762686
309.49489197962924
303.9764218117453
298.4856747498854
293.0225117249508
287.58678654081325
282.17835986073226
276.7970952915985
271.4428593839362
266.1155216319016
260.8149544732833
255.5410332895028
250.2936364056127
245.07264509029923
239.87794355588076
234.70941895830777
229.5669613971637
224.45046391566316
219.3598225006546
214.29493608261805
209.25570653566587
204.24203867754406
199.2538402696289
194.2910220169306
189.35349756809157
184.44118351538614
179.55399939472198
174.6918676856371
169.85471381130475
165.04246613852862
160.25505597774503
155.4924175830233
150.75448815206497
146.0412078262032
141.3525196904046
136.6883697732682
132.04870704702392
127.43348342753637
122.84265377430026
118.2761758904442
113.73401052272958
109.21612136154847
104.72247504092496
100.25304113851993
95.8077921756218
91.38670361715269
86.98975387166752
82.61692429135483
78.26819917203399
73.94356575315685
69.64301421780725
65.36660081478773
61.11520867281231
56.88888678871962
52.68778586216228
48.51261210744035
44.364627253503095
40.24564854394499
36.15804873701018
32.10475610558842
28.089254437217075
24.115583034082956
20.188336713017144
16.312689927862223
12.504980765915576
8.800007989113555
5.277309318133191
2.1542305355695612
0.261371740926193
0.007053662882764529
0.0010209913166344148
0.0009298400584083047
0.0009488804188160438
0.0009705365446016479
0.0009928779770632934
0.001015887308705686
0.0010395824684092448
0.0010639958577543305
0.00108914625385804
0.001115081229486842
0.0011418022929129054
0.0011693630148389216
0.001197787464656207
0.0012271092264717054
0.0012573806664802954
0.0012886199696511608
0.0013208731358196452
0.0013541642773569529
0.0013885823918876015
0.0014241450889897623
0.0014608943990417
0.0014989023530851753
0.0015381977130346145
0.0015788691703639635
0.0016209481282494671
0.0016645242046645114
0.0017096352832349743
0.0017563697676690909
0.0018048018131123175
0.001855015597549017
0.00190708075262275
0.0019610997249896217
0.002017145026391797
0.002075346981238206
0.002135788651643916
0.002198611365144873
0.002263897711959835
0.002331779069177589
0.0024024021229257925
0.0024759198990802456
0.0025524664611611255
0.0026322097782405574
0.0027153190312834406
0.002801983394393007
0.002892409914821966
0.0029868030514084137
0.0030854076084352636
0.0031884130434787702
0.0032961182677114583
0.0034088155482670185
0.0035267905841166384
0.0036503802934359157
0.003779866749299673
0.003915722881095351
0.0040582724092793915
0.004208014965426709
0.0043654011058163345
0.004530901722323229
0.0047050944763881546
0.004888614940128954
0.005082118147608384
0.005286270775402141
0.005501894511089789
0.005729819473056609
0.0059709721223740325
0.006226395507215575
0.006497155415410448
0.00678450687962648
0.0070897687551789365
0.007414483425241864
0.007760242970098639
0.008128925041093037
0.008522448256103841
0.008943135697766651
0.009393465394133545
0.009876253027767913
0.01039453177500235
0.01095190907939962
0.011552244125446675
0.012200181911451986
0.012900502496353999
0.013659049258036775
0.014482392539905263
0.015377961316318729
0.016354352854453993
0.017421393028714975
0.01859042863425961
0.019874934116915703
0.021290167951932427
0.02285466931562886
0.02458953430049261
0.02652047287302953
0.02867777580690932
0.031098318796656192
0.03382593019516845
0.036915078375779606
0.04043186906770678
0.04445984255421083
0.04910232372214212
0.05449150484996891
0.06079652476760679
0.06823878929205857
0.07711135187137683
0.08780790469120116
0.10087020017389543
0.11706193326827306
0.13748061406069229
0.1637638533640457
0.19843297556459435
0.24555028795719447
0.3120123387495126
0.4102724011876736
0.5645837737965438
0.8260771336913072
1.3111355457030813
2.2913075118748427
4.35274418550523
8.400327728991691
15.143062210870513
24.441714121069342
35.112582776043304
45.99002308103247
56.80408445395838
67.55374643641875
78.24057894340534
88.86743182200902
99.43583404257438
109.94705328465469
120.40220815877468
130.80226820644103
141.1480539001381
151.44023664332295
161.67933877043646
171.86573354689057
181.99982055605332
192.08207522312583
202.11286438857343
212.09254418260153
222.02146002514385
231.89994662587222
241.72832798419287
251.50691738924158
261.2360174198943
270.9159199447558
280.54690612216734
290.1292464002053
299.66320563296256
309.14906492375496
318.5870839290831
327.9775163766939
337.3206135938471
346.61662450731063
355.8657956433711
365.06837112782205
374.22459268597373
383.3346996426492
392.39892892218023
401.4175150484164
410.390690144715
419.31868393394984
428.2017237385072
437.0400344802822
445.8338386806882
454.5833564606458
463.28880554059134
471.95040124047654
480.56835647975794
489.14288177741344
497.6741852519276
506.1624726212987
514.6079472030427
523.0108099141797
531.3712482231496
539.6894541662255
547.9656339966538
556.1999894916246
564.3927179248093
572.544012066369
580.6540601829447
588.723046037666
596.7511488901474
604.7385434964842
612.6854001092622
620.5918844775464
628.4581578468909
636.2843769593342
644.0706940533962
651.8172568640867
659.5242086228951
667.1916880578001
674.8198293932642
682.4087623502312
689.9586121461358
697.4694994948912
704.941540606901
712.3748471890506
719.7695264447096
727.1256810737375
734.4433959300346
741.7223914106688
748.9627974990274
756.1649181736308
763.3289697023597
770.4550806424465
777.5432918404831
784.5935564324171
791.6057398435493
798.5796197885403
805.514886271403
812.4111415855091
819.2679003135869
826.0845893277169
832.8605477893406
839.5950271492505
846.2871911475985
852.9361158138937
859.540789466996
866.100112715128
872.6128984558617
879.0778718761289
885.4936704522204
891.8588439497754
898.4267742610903
905.3819531933093
912.4646407145278
919.4357450383023
926.079541241091
932.2036712622603
937.6391439040783
942.2403348317201
945.8849865732651
948.4742085196962
949.9324769249021
950.2076349056755
949.2708924417145
947.1168263756214
943.763380412903
939.2518651219724
933.6469579341451
927.0367031436425
919.5352851272629
911.6007188009548
903.5298522359618
895.3637935253644
887.1382744805737
878.8836506313351
870.6249012257313
862.3816292301747
854.168061329416
845.993047926537
837.8600631429533
829.7672048184178
821.7071945110127
813.6728129072701
805.6729761362562
797.7089382493647
789.7809451636311
781.8892153490198
774.0339398284318
766.2152821776986
758.4333785255837
750.6883375537877
742.9802404969388
735.3091411426037
727.675065831277
720.078013456388
712.5179554643007
704.9948358543087
697.5085711786421
690.0590505424618
682.6461356038596
675.2696605738663
667.9294322164376
660.62523049837
653.3569544707229
646.1245288804779
638.92779915233
631.7666108242048
624.6408095472676
617.5502410859157
610.4947513177813
603.4741862337349
596.4883919378785
589.5372146475527
582.6205006933307
575.7380965190202
568.8898486816681
562.0756038515516
555.2952088121873
548.5485104603239
541.8353558059454
535.1555919722738
528.5090661957624
521.8956258261039
515.3151183262224
508.7673912722777
502.25229235366754
495.76966937302103
489.31937024620663
482.9012430023244
476.5151357837101
470.1608968459361
463.8383745578083
457.5474174013713
451.28787397189996
445.05959297790554
438.8624232411381
432.6962136965773
426.5608133924449
420.456071490189
414.38183726450086
408.3379601033014
402.3242899717005
396.3406859256808
390.3870068505536
384.46311028594283
378.56885453863856
372.70409868259077
366.86870255891625
361.0625267758925
355.2854327089605
349.5372825007272
343.81793906095965
338.12726606659095
332.465127961716
326.8313899575926
321.2259180326445
315.64857893245545
310.09924016977584
304.57777002451735
299.0840375437545
293.61791254172755
288.179265599838
282.76796806665243
277.38372834426224
272.0262658460652
266.69547100940275
261.3912371474197
256.1134604490707
250.8620399791146
245.6368776781169
240.43787836245193
235.26494972429774
230.11800233164175
224.99694962827613
219.90170793379934
214.83219644361876
209.7883372289454
204.7700552368
199.7772782900074
194.8099370871994
189.8679652028161
184.951299087102
180.0598780661106
175.19364434169995
170.35254299153465
165.53652196908797
160.74553210363788
155.97952710026996
151.23846353987616
146.52230087915385
141.83100145060965
137.1645304625537
132.52285599910542
127.90594902018975
123.3137833615371
118.74633573468675
114.20358572698193
109.68551580157609
105.19211129742578
100.72336042929533
96.27925428775676
91.85978683918637
87.46495492577095
83.09475826549978
78.74919945217037
74.42828395538693
70.1320201205612
65.86041916891054
61.61349519745859
57.39126517903403
53.193748962278306
49.02096927163224
44.87317847190467
40.75350159623339
36.663414443692076
32.60473573166525
28.58071642465899
24.596039734305336
20.656821119358597
16.770778630522297
12.953041985252824
9.234604378097815
5.681612763192831
2.487279190545814
0.3749674273207687
0.010757082312989705
0.0010879884916804839
0.0009288610518614564
0.0009465883986296427
0.0009681538050678151
0.0009904268329857986
0.001013355318129049
0.001036977987426334
0.0010613127925365585
0.0010863888831709253
0.001112224724631132
0.00113886337744335
0.0011662803927925604
0.0011946595117531043
0.0012238749036733775
0.0012540455586862345
0.0012851716000782775
0.0013173211882475428
0.0013504977881430074
0.0013847794563213367
0.001420222955899285
0.0014568354643928138
0.0014947014369769583
0.001533862714333873
0.0015743629717995722
0.0016162877245176047
0.0016597078118916367
0.001704637157142779
0.00175118649826087
0.0017994335055274964
0.0018494679685275952
0.001901316148987799
0.0019551023033819743
0.002010943775018251
0.002068905065330459
0.002129085834806086
0.0021916346806347014
0.002256637777608836
0.0023242347683714464
0.002394553636056929
0.002467751373134471
0.0025439522871787937
0.0026233324335464144
0.002706093194691708
0.0027923434970248025
0.002882349952236748
0.0029763161921643124
0.0030744276168407363
0.003176959227932656
0.0032841251034751127
0.003396296399902015
0.0035136401432602857
0.0036365879984364183
0.0037654232105201178
0.0039005602822977893
0.004042368890679204
0.004191278575274756
0.004347789371950292
0.004512393473924601
0.00468564744549937
0.004868133846458612
0.005060530647803146
0.005263510746529524
0.00547792023504215
0.005704505107795389
0.005944233191888171
0.006198099120775277
0.006467257707361075
0.0067529044394704215
0.007056291442447049
0.007378942722896591
0.0077225339351815634
0.008088807547157894
0.008479755208067477
0.008897580956273902
0.009344942043232314
0.009824314390036323
0.010338982296633664
0.010892356445978262
0.011488149511218628
0.012131115135724565
0.012825872014411375
0.013578359941573971
0.014394846430201292
0.01528277512253172
0.016250434580848423
0.017307609183434283
0.01846555862904192
0.0197373940114159
0.021138136342557352
0.022685777022520347
0.024401078164216265
0.02630964380653517
0.028440224244839163
0.030829503814703813
0.03352024177307125
0.03656494931391181
0.040028950305577765
0.04399174255233904
0.04855490357028561
0.05384564656957211
0.06002738321630279
0.06731465598227859
0.07598799660385287
0.08642798512981123
0.09915138287852077
0.11489422978607838
0.134702447515157
0.16013284122472626
0.19357424853051702
0.2388602094264533
0.3024528738445687
0.3959433507413102
0.5416738730219818
0.7861950738947988
1.2345636495800962
2.1328587660670273
4.022752892554144
7.7856485216643
14.194901846004868
23.230059970032805
33.80383303883133
44.680974957794255
55.50682456683256
66.2642857537043
76.95842499937862
87.59211432732326
98.16730529347242
108.68539958479784
119.1474050433681
129.55420852014453
139.90658627998323
150.20520400162385
160.45061677769908
170.64327245727273
180.7836255487148
190.87209257623067
200.90904613173498
210.89484711507149
220.82984473400867
230.7143765042357
240.5487682493724
250.3333341009566
260.0683764984573
269.754186189266
279.39104222869634
288.9792127499058
298.5189791105548
308.0106113480153
317.4543675000463
326.85050304619244
336.1992709077929
345.5009214479709
354.75570247164325
363.9638592255158
373.1256343980803
382.2412681196227
391.31099796221366
400.3350589397162
409.3136835077839
418.2471015638553
427.13554044716267
435.9792249387244
444.77837726135056
453.5332170796409
462.2439614999812
470.91082507055165
479.5340197813163
488.11375506403294
496.65021292953594
505.1435778626522
513.5940971084566
522.0020119184005
530.3675561048725
538.6909560411946
546.972430661619
555.2121914613363
563.4104424964659
571.5673803840642
579.6831943021217
587.7580659895583
595.792169746233
603.7856724329329
611.7387334713828
619.6515048442408
627.5241310950952
635.3567493284729
643.1494892098294
650.902472965557
658.6158153829821
666.2896238103616
673.9239981568893
681.5190308926892
689.0748070488223
696.5914042172823
704.0688925509947
711.5073347638207
718.9067861305533
726.2672944869206
733.5889002295861
740.8716363161395
748.1155282651139
755.3205941559698
762.4868446291017
769.6142828858403
776.7029046884489
783.7526983601224
790.7636447849917
797.7357174081196
804.6688822355046
811.5630978340791
818.4183153317057
825.2344784171811
832.0115233402377
838.7493789115447
845.4900153408705
852.2721509685313
859.0734195943594
865.8714566226705
872.6440847306001
879.3693138681066
886.0253412579634
892.5905513957701
899.0435160499458
905.3629942617297
911.5279323451842
917.5174638871868
923.310909747441
928.8877780584697
934.2277642256167
939.3107509270475
944.1168081137441
948.6261930095146
952.8193501109846
956.6769111876023
959.1400386224265
958.8693260450676
956.3577893415361
952.0680694991526
946.409645423423
939.7388339380354
932.3587897848691
924.5195056239827
916.4178120336206
908.1973775102127
899.9487084683715
891.7091492409003
883.4628820787811
875.190195088678
866.9403718956462
858.7171650045616
850.5225905205209
842.3584653424514
834.2264071631201
826.1278344691318
818.0639665409262
810.0358234527874
802.0442260728305
794.0897960630105
786.172955879119
778.2939287707839
770.4527387814765
762.6492107484991
754.882970302996
747.153565802061
739.4613882208112
731.8064752041894
724.1887162899941
716.6079988013008
709.0642078464602
701.5572263190955
694.0869348981114
686.6532120476812
679.2559340172553
671.8949748415586
664.5702063405893
657.2814981196269
650.0287175692195
642.8117298651916
635.6303979686435
628.4845826259481
621.3741423687593
614.2989335139993
607.258810163869
600.2536242058416
593.2832253126661
586.3474609423704
579.4461763382518
572.5792145288858
565.7464163281198
558.9476203350786
552.1826629341632
545.451378295048
538.7535983726792
532.0891529072843
525.4578694243581
518.8595784231265
512.2941538715963
505.76144659750156
499.261299102221
492.7935546992605
486.35805751426034
479.9546524849842
473.5831853613266
467.24350270531096
460.9354518910876
454.6588811049415
448.41363934528084
442.19957642264495
436.0165429597015
429.8643903912458
423.742970964207
417.6521377376385
411.5917445827235
405.5616461827751
399.56169803323246
393.5917564416698
387.6516785277848
381.74132222340575
375.86054627248944
370.00921023112113
364.1871744675182
358.3943001620237
352.63044930711004
346.8954847073789
341.18926997956027
335.5116695525161
329.86254866723374
324.2417733768305
318.64921054655275
313.08472785377467
307.54819378800306
302.0394776508701
296.55844955613736
291.1049804296963
285.67894200956454
280.2802068458947
274.90864830096336
269.56414054917474
264.24655857706944
258.95577818330565
253.69167597868181
248.45412938611727
243.24301664066752
238.05821678950707
232.89960969194755
227.76707601943002
222.66049725551878
217.57975569590778
212.52583492376152
207.5036829625831
202.51319522722298
197.55354962510052
192.6239459174126
187.7236057191324
182.85177249900778
178.00771157956692
173.19071013711007
168.40007720171488
163.6351436572354
158.89526224130017
154.17980754531828
149.48817601447078
144.819785947716
140.17407749778897
135.55051267119907
130.948575328236
126.36777118296136
121.80762780321498
117.26769461061227
112.74754288054339
108.24676574217877
103.76497817846128
99.3018170261111
94.85694097562445
90.4300305712725
86.02078821110649
81.62893814694992
77.25422648440389
72.89642118284513
68.55531205542643
64.23071076907881
59.92245084450722
55.63038765619358
51.35439843239483
47.09438225514505
42.85026006025661
38.621974637314075
34.40949062968058
30.21279453449421
26.031894702669597
21.866821338899484
17.717626501650297
13.584384103165025
9.467189909463562
5.366161540340609
1.2814384693691185
-2.7868179761023377
-6.838424614950916
-10.873176412274885
-14.890846479401233
-18.891186073872483
-22.873924599461496
-26.83876960616524
-30.785406790201442
-34.71349999401214
-38.622691206263404
-42.512600561847826
-46.382826341877106
-50.23294497369041
-54.06251103085195
-57.87105723314282
-61.65809444657658
-65.42311168338219
-69.16557610202402
-72.88493300717681
-76.5806058497471
-80.251996226865
-83.89848388188123
-87.51942670437407
-91.11432564089812
-94.6874706494246
-98.24113417175504
-101.77548171146668
-105.29067533580644
-108.78687367569187
-112.26423192570716
-115.72290184410917
-119.16303175282336
-122.58476653744486
-125.98824764723946
-129.37361309513958
-132.7409974577502
-136.09053187534522
-139.42234405186784
-142.73655825493194
-146.0332953158185
-149.3126726294804
-152.57480415453986
-155.81980041328845
-159.04776849168803
-162.2588120393679
-165.4530312696293
-168.63052295944257
-171.7913804494474
-174.935693643954
-178.06354901093988
-181.17502958205435
-184.27021495261613
-187.3491812816131
-190.4120012917033
-193.45874426921327
-196.48947606414023
-199.50425909015044
-202.503152324581
-205.4862113084388
-208.4534881463956
-211.40503150679996
-214.3408801741678
-217.26095965218394
-220.16532657777043
-223.0540890397855
-225.927341673901
-228.7851656625993
-231.62762873517391
-234.45478516773056
-237.26667578318376
-240.0633279512616
-242.84475558850278
-245.6109591582571
-248.36192567068653
-251.0976286827619
-253.8180282982676
-256.5230711677987
-259.2126904887611
-261.8868060053733
-264.545324008662
-267.1881373364685
-269.8151253734436
-272.42615405105
-275.0210758475618
-277.599729788063
-280.16194144444984
-282.70752293543075
-285.23627292652384
-287.74797663006007
-290.24240580517863
-292.7193187578338
-295.1784603407892
-297.6195619536195
-300.04234154271137
-302.4455367282804
-304.82784653610975
-307.18943631281485
-309.529922090655
-311.84834941251296
-314.14319333189155
-316.41235841291825
-318.6531787303424
-320.86241786953553
-323.0362689264924
-325.17035450782845
-327.2597267307831
-329.2988672232179
-331.28168712361673
-333.20152708108674
-335.0406123077153
-336.7888648728744
-338.432091146441
-339.9303174116865
-341.2177889874042
-342.20297022790805
-342.7685445230347
-342.7484577610509
-341.8226146328257
-339.2042110330965
-332.7362763845879
-316.982709718911
-254.06949118017846
2.882442680492839e14
