0.5
10.85110614844779
20.623674967742147
30.254822170010655
39.796777737273565
49.26768637591147
58.676201348468105
68.02709679519617
77.32351049200231
86.56750257163567
95.76053994947927
104.90377434028946
113.99816391178479
123.04447328464597
132.04331908976803
140.99526534340734
149.9007789613494
158.76029848531212
167.57423630921602
176.34297867918357
185.06688569353992
193.74629130281278
202.38150330973198
210.97280809466355
219.52050284644056
228.02486501770886
236.48616281067532
244.90465917519032
253.2806118087473
261.6142731564833
269.90589041117835
278.1557055132567
286.3639551507842
294.5308707594721
302.41575729042944
308.9304976352706
314.0290195577309
317.8105248989935
320.3722346741594
321.8093890722475
322.21524745619445
321.68108836285467
320.29620950300074
318.14792776132253
315.3215791964283
311.90051904084385
307.9661217010126
303.59778075729645
298.87290896397474
293.86693824924424
288.65331971522033
283.30352363793526
277.8870394673408
272.4713758273049
267.1220605156134
261.8749723109083
256.65641572055523
251.45761485916233
246.27939918359647
241.12249449722654
235.98752294992406
230.87500303806243
225.78534960451762
220.71887383866786
215.67578327639316
210.6561818000766
205.6601007851388
200.68770015016784
195.73903844199148
190.81414700900092
185.9130579215601
181.03580397200537
176.1824186746455
171.35293626576205
166.54739170360898
161.76582066841266
157.00825956237225
152.27474550965906
147.5653163564174
142.88001067076385
138.21886774278727
133.58192758454976
128.96923093008505
124.38081923539993
119.81673467847403
115.27702015925887
110.76171929967865
106.27087644363006
101.80453665698295
97.36274572757914
92.94555016523275
88.55299720173046
84.1851347908324
79.84201160827001
75.52370462062814
71.23061810226878
66.96296624700342
62.72100216179546
58.50513636788648
54.315936800796436
50.1541288103234
46.0205951605433
41.91637602981069
37.84266901075814
33.80125451159539
29.79444858163392
25.82568659692466
21.900630216122437
18.02717382880278
14.217732818801027
10.494765902624444
6.910182290463175
3.585086732760098
0.9580533901816172
0.05796232611278409
0.013638202203831811
0.013430592418152783
0.01421119593508446
0.015080024110970763
0.016026865429658053
0.017060670964053424
0.018192078891844637
0.01943389806331175
0.020800417838606578
0.022308986826894497
0.02397950169240317
0.02583598364973118
0.02790667735670242
0.030225614533198143
0.03283348200086367
0.03578096254290935
0.03912823263243344
0.04295111038954674
0.04734440496534254
0.05242667968679794
0.05835058664414582
0.06531326555472465
0.07357278376056708
0.08347656687440728
0.095490936717925
0.11027175512056042
0.1287486467144135
0.15228739499891836
0.18295604013510616
0.2240199295465506
0.28088457689287055
0.3630198501566682
0.4881525445420604
0.692199854387835
1.0537233932733854
1.7548354202992724
3.2077834845793847
6.190797621044091
11.576477948837328
19.698231340894143
29.85141951523769
40.685886199672936
51.48714233345341
62.228133676626264
72.90203728813206
83.5119762852017
94.05986457316548
104.54679541373395
114.97363076294933
125.34101284238174
135.64936413913114
145.89888740582595
156.08956566062307
166.22110154586053
176.29270109719252
186.3045012445963
196.25637842828132
206.14763424843864
215.97699546524157
225.7426139988437
235.44206692938127
245.0723564969713
254.62991010171143
264.11058030368247
273.5096448229452
282.8218065395433
291.852419563427
300.5256567590628
309.1266345819916
317.8169163808717
326.62987281974574
335.4706818780388
344.11632885055894
352.2156063474984
359.28911429443144
364.7292599323166
367.8002578174947
367.93249822983694
365.73313217132306
362.00463463798917
357.3741857872099
352.29372451950275
347.0399484785276
341.71431405108626
336.28894681659324
330.8267505425354
325.3532793467345
319.8788538701978
314.41024292942654
308.95282646743675
303.5105955537577
298.0861523844336
292.6808172871876
287.2959945561056
281.9327024891943
276.5916829740607
271.27356415240405
265.9788604200164
260.7079724267809
255.46118707667384
250.23867752776295
245.0405740376437
239.8670521613484
234.71815115900748
229.59389894550262
224.49431750190726
219.41942287548767
214.36922517970262
209.3437285942025
204.34293136483086
199.366825803623
194.41539828880695
189.48862926480336
184.58649324222458
179.70895879787562
174.8559885747536
170.02757385171407
165.22392117706573
160.44502206638276
155.69081999813338
150.9612651852355
146.25631457505798
141.57593184941996
136.92008742459058
132.28875845128985
127.6819288146876
123.0995891344046
118.54173676451201
114.00837579353042
109.49951704443225
105.01517807463897
100.5553831760233
96.12016337490807
91.70955643206649
87.32360684272177
82.9623658365482
78.62600803088941
74.31483561268152
70.02883416983734
65.7681458605106
61.53309629990916
57.3241945602962
53.142133170989425
48.98778811836099
44.86221884583853
40.76666825390339
36.702562700092486
32.671511998997445
28.67550121579397
24.71880417944182
20.80640179588142
16.94848870212402
13.161544576663394
9.471424046125339
5.940460100001202
2.740616278724947
0.5043843398974671
0.02797123651049945
0.013194468642422654
0.013633149514323907
0.014445521776140117
0.015335827641985595
0.01630622937198594
0.017366443761901936
0.018527677972816674
0.019803039899777015
0.021207831528928963
0.022759869414266606
0.02448029511600899
0.026393907174186458
0.0285307754038844
0.030926495922138437
0.03362440567569605
0.03667734898818194
0.04015009588836278
0.04412317001965263
0.048696764738637065
0.05399891188416103
0.060192561568513145
0.06749062655125604
0.07617348737130525
0.08661699942511672
0.09933548806594271
0.11504935709126365
0.13478808826196254
0.16008347821586655
0.19327464887816911
0.23810119902629573
0.30085343012503085
0.39274710203927626
0.5352382429126183
0.772688150349518
1.2043262387899525
2.0609077561649087
3.851561237292789
7.430179220824199
13.592354767100387
22.398291300563354
32.85525550984394
43.69182345417272
54.484794182743
65.20673296796414
75.86253110305398
86.45492046126193
96.9856528965472
107.45581161345234
117.8661153725998
128.21709041253166
138.5090704497089
148.74219667851452
158.91641777124795
169.03129554615967
179.0861436081114
189.08121413739318
199.0162778595646
208.8905064245766
218.70247240677438
228.45014930489637
238.13091154207396
247.7415344658342
257.2781943480949
266.73646838516913
276.1113346977622
285.39717233097264
294.4158412788178
303.11869035646805
311.76088364461174
320.4734353100078
329.26014756400883
337.9976106625638
346.4352029062137
354.19509064009503
360.77222825393807
365.53435818206765
367.72491093279245
367.0773269409459
364.3686064383658
360.3358703512318
355.5469126046418
350.4002001226107
345.12487282807257
339.78074364287886
334.3436730035952
328.8824409813472
323.4104877850395
317.93758017808574
312.4716083294094
307.0185858134436
301.5826496101322
296.16606010492757
290.769201088794
285.3924971113003
280.0377989530244
274.7055956953032
269.39632414196404
264.1103758191216
258.8480969751767
253.60978858081663
248.3957063290152
243.20606063503166
238.041016636413
232.90069419299192
227.78516788688736
222.6944670225062
217.62857562653858
212.58743244796412
207.57092998569217
202.57895211414692
197.6115129321402
192.6686500090407
187.75039543373924
182.85677581464688
177.9878122796958
173.14352047633906
168.32391057154987
163.52898725182325
158.75874972317465
154.0131917111405
149.29230146077842
144.5960617366655
139.92444982290138
135.27743752310576
130.65499116041937
126.05707157750389
121.48363413654106
116.93462871923464
112.41007859523604
107.9100072509942
103.43438360595638
98.98321119398976
94.55652816338313
90.15440727684586
85.7769559115079
81.4243160589205
77.09666432505469
72.79421193030305
68.51720470947885
64.26592311181624
60.0406822009698
55.84187716850623
51.670318744624204
47.5263590330711
43.410738112759525
39.324831028873085
35.27064779286526
31.250833382461465
27.268667741657183
23.328065780718934
19.434618638519026
15.599253487251564
11.841578740284193
8.19797025384116
4.75302391396949
1.7756610140745477
0.18147636197301867
0.01642421806234599
0.013213111900442982
0.013910454841431191
0.014752122145478429
0.01566982527006795
0.01667085477442563
0.017765427648402485
0.01896547878542862
0.020284621125239488
0.021739294828841224
0.023348253041958433
0.025133884638391946
0.02712268474847441
0.02934680074476097
0.03184394962469785
0.03466116895690826
0.037854538801315084
0.0414943935924527
0.04566762518554448
0.05048313099839568
0.05608035657012745
0.06263765078108406
0.07038912301316928
0.0796448231585232
0.09082406627833199
0.10450434762328784
0.12150201476288937
0.14299960835409878
0.1707692581123028
0.20756125532034683
0.25784178315977385
0.3292702894410611
0.43581999063998605
0.6049845003161255
0.895276449223528
1.4405348290897535
2.5497087163553203
4.865292327435767
9.29169669678844
16.438404806271514
25.999187635321594
36.715458460379686
47.55292883166087
58.31391820293259
69.01189994543701
79.64490475444315
90.2153166803546
100.72440299449238
111.17310324727362
121.56213853684797
131.89201150909295
142.16300635761684
152.37518882375787
162.52840619658372
172.62195414003804
182.6555398352469
192.62929927393986
202.54278221451128
212.3949483314116
222.18416721514978
231.90821837228964
241.56429122545234
251.1489851133156
260.6583092906133
270.0876829281378
279.4319351127364
288.6421326603753
297.41588492029945
305.9791443386529
314.56831287674504
323.28540470167343
332.0980461863262
340.83947590938163
349.20854465530755
356.7697154143636
362.9530633825976
367.0542759618479
368.29778532589427
366.8620938777425
363.6122851856179
359.24867741761585
354.2918453375148
349.08262030477596
343.78209027454375
338.38584935483834
332.93571980021875
327.4667275084541
321.9903173751515
316.5159309142034
311.0510062577861
305.6009781563616
300.1692779786767
294.7573337117633
289.364802617278
283.9932976545128
278.6439744957063
273.3173079121369
268.0137258748501
262.73360955465847
257.4772933221407
252.24506474764345
247.0371646012799
241.85378685293037
236.69507867224237
231.56114042862953
226.4520256912731
221.36774122912115
216.3082470108895
211.27345620505966
206.2632461676707
201.2775846488767
196.3164917653409
191.3799854719364
186.4680814652849
181.58079318375508
176.71813180746489
171.88010625828
167.0667231998143
162.27798703742997
157.5138999182366
152.7744617310927
148.05967010660441
143.36952041712672
138.70400577676233
134.0631170413614
129.44684280852334
124.85516941759498
120.28808094967171
115.7455592275969
111.22758381596088
106.73413202110551
102.26517889111686
97.82069721583046
93.40065752683228
89.00512715687717
84.63434467531852
80.28836413591502
75.96730677733073
71.6713749052851
67.40085189255191
63.15610217896094
58.93757127139678
54.7457857437995
50.58135323716377
46.44496245953956
42.337549489122665
38.26048310906037
34.21529519114853
30.20457753731194
26.232034546800335
22.302483216190506
18.423179212806645
14.605230144661471
10.872772271339615
7.270426401786153
3.9073047257625366
1.1653785371658754
0.07921704026138857
0.014038915064692703
0.013358489674630072
0.014123504647284997
0.014985029069288693
0.015923677123402754
0.016948222987699435
0.01806934782357215
0.019299188220147232
0.02065235098387929
0.022145579118895347
0.023798476054638213
0.025634663774372433
0.027681611334243565
0.02997316484731737
0.03254932082981804
0.03545905259547306
0.03876180878689108
0.04253202843530632
0.04686180854860568
0.05186708507477858
0.05769662792192538
0.06454206540057064
0.0726541799792698
0.08236841741780335
0.09413988597742172
0.10859881899234268
0.12664067511180843
0.14957775762559322
0.17938743153696302
0.21918298441887604
0.27407944270820667
0.3529842307751663
0.47246806681133163
0.6657635703298533
1.0053506253704116
1.6577351800937368
3.0055168381578152
5.784703546786984
10.895543956280115
18.753857140562207
28.734726711519443
39.53066064398998
50.351519903695156
61.09924014829135
71.78004322604362
82.39651503804383
92.95073258644172
103.44404300476103
113.87726473230434
124.25097805275554
134.56558021337747
144.8212854250147
155.01812486208956
165.15594666260364
175.2339389219643
185.2515938827023
195.2093746928617
205.10702666377142
214.94355065115997
224.71720305515126
234.4254958202602
244.065196435403
253.632327933885
263.12216889341215
272.52925343608416
281.847371228393
291.0695674812324
300.16744278670706
308.9858282759566
317.6638942180534
326.3020307297859
334.8693580598164
343.2037265886718
351.01171682875156
357.86863942432404
363.2185351515238
366.33207797990246
366.54018501530584
364.4804590022272
360.87859925323744
356.3196857269392
351.2481790279626
345.9679204069698
340.64213176065147
335.2934156317271
329.85270891817754
324.3890202214601
318.92232223816575
313.4599978127082
308.00801013098527
302.5709027203811
297.1517994497607
291.7524045294757
286.37312829761225
281.0153195303654
275.6798771034583
270.36722297732643
265.0777392047282
259.81176793073917
254.56961139275487
249.35153192049293
244.15775193598733
238.98845395359515
233.84378057999075
228.72383451416852
223.6286785474445
218.5583355634516
213.5127885381455
208.49198053979921
203.49581472900596
198.5241881340748
193.57711699636573
188.65461234824113
183.7566812064546
178.8833297425584
174.03456328290525
169.21038630864376
164.4108024557238
159.6358145148917
154.88542443169246
150.1596333064714
145.45844139436994
140.78184810533043
136.12985200409213
131.50245081019258
126.89964139797003
122.32141979655813
117.76778118989249
113.23871991670465
108.73422947052498
104.25430249968439
99.79893080730949
95.36810535132861
90.96181624446483
86.58005275424286
82.2230170552933
77.89093651539807
73.5838773418172
69.30202181217936
65.04566855184522
60.81523253390924
56.611245079195605
52.43435385626261
48.28532288139924
44.16503251862606
40.07447947969735
36.0150568527738
31.988912569293717
27.998504497838454
24.048440907153562
20.145603738926727
16.299268321082113
12.525171436988485
8.854118571140916
5.3648114845303505
2.2598322095670267
0.31685510553689
0.020482841991422588
0.013161871412296825
0.013764311532887647
0.014591571669007248
0.015494892458866327
0.01647995635030073
0.017556681354169018
0.018736547620739712
0.02003271070400257
0.021461252093452655
0.023040325923872652
0.024791684984596513
0.026741121352957777
0.028919069146915794
0.03136295987159854
0.034116985673077575
0.03723637003684634
0.040788111118268036
0.04485541113332704
0.04954346487916002
0.05498436632315104
0.06134971892343242
0.06886131079051577
0.07781364126563085
0.08860218692765427
0.1017708191679498
0.11808253963152383
0.13864084890114828
0.16508241350094754
0.1999379547723848
0.24728131852912488
0.3140202431045092
0.41260427854593235
0.5671669575843199
0.8284014787206216
1.310741815422778
2.2801236760592403
4.307154103614032
8.283292527020524
14.918877008784914
24.106647168988786
34.708444553925034
45.54605798227811
56.32458607012048
67.03497820769752
77.67983959110552
88.26171537007599
98.78199169166582
109.24174024916137
119.64176986302019
129.98262648085952
140.26459317746628
150.48769024891033
160.65179982637298
170.7567392849189
180.80212332136577
190.78711446251828
200.71115070657288
210.5736588150998
220.37343286475686
230.1086342472782
239.77679166948414
249.37480115327728
258.8989260356373
268.34479696863156
277.70701456067206
286.951321609084
296.0998992908212
305.17994734136136
314.17781045095234
323.0389782646018
331.66808538208636
339.92891135794747
347.64438070148805
354.59656287678075
360.5093289149082
364.4665881882678
366.06341993093974
365.42048375794354
362.82985351053907
358.75501725622667
353.8308772887457
348.686565025751
343.38746251954956
337.9878482110568
332.5359977434166
327.0658459699286
321.59698695405064
316.134673969401
310.67798722110354
305.23468316500106
299.8071266286854
294.3972775295796
289.00682611862055
283.6371929802536
278.2895290324383
272.9647155266436
267.66336404784965
262.3858165145505
257.1321451787483
251.9024293232336
246.6971269415672
241.51629926438636
236.35998590046597
231.22822194488757
226.12103797904544
221.03846007064143
215.980509773687
210.94720412850543
205.9385556617272
200.95457238629484
195.9952578014589
191.06061089277927
186.15062613212817
181.26529347768434
176.40459837393882
171.56852175169055
166.75704002804912
161.97016152930618
157.20810058122817
152.47078642431245
147.75810057510168
143.0699442759226
138.40623849488819
133.7669239258928
129.1519609886175
124.56132982852564
119.99503031686463
115.4530820506679
110.93552435275033
106.44241627171388
101.97383658194225
97.52988378360357
93.11067610265172
88.7163514908225
84.34706762563806
80.00300191040313
75.68435147420601
71.39133317192133
67.12418358420598
62.883159017501974
58.66853550403444
54.48060880181313
50.31969439463295
46.18612749207051
42.08067864155814
38.00557936238707
33.96249580382615
29.95406108623022
25.984047758703603
22.057367799104735
18.181411040211458
14.368398024202792
10.642589933792099
7.049670570698427
3.7104278251356986
1.0360200453152792
0.06531706014309704
0.013770522895803439
0.013401398125296895
0.014176669919708914
0.015042768887895987
0.015986638476193728
0.017017062727909135
0.018144739331668668
0.0193820999752632
0.020743785239001764
0.022247046395154277
0.02391109995057086
0.025760420783752676
0.027822805045364555
0.03013217044792725
0.03272916290921085
0.03566326761384085
0.038994838858338036
0.04279904683291137
0.047169073668887125
0.05222285201645821
0.058110811705888124
0.0650282705005237
0.07322948760863894
0.08305653923923878
0.09497176278889823
0.1096220022112053
0.12792472316817993
0.15122381574883204
0.18155108525584368
0.22211523909316208
0.27820132947558207
0.3590553481422943
0.48194967460080695
0.6817151372501697
1.0343634102628085
1.7162433622665318
3.1274881533513734
6.028510863682776
11.308220986623816
19.325376320315076
29.40914766871796
40.212830515600196
51.030701746642606
61.77432889654544
72.45099172475912
83.06351393922603
93.61393568039483
104.10342474761255
114.53281881614157
124.90274303572954
135.21361003060437
145.46561989948432
155.65876021556758
165.79265802063856
175.86682993355987
185.8813807426412
195.8359802989178
205.7298016859221
215.56152121969387
225.32931844877555
235.0308761542085
244.66338034954214
254.22352028082423
263.7074884266091
273.1109804979537
282.3921647417221
291.46558224245257
300.4542385230274
309.4347466583894
318.41213293293015
327.31983684048663
336.01971108434975
344.30202157725455
351.8854474413886
358.4170810083884
363.4724278193362
366.2451003758679
366.2147078288951
364.11236875645346
360.5820568381481
356.13999865074186
351.1746736681513
345.9468142614515
340.5909604605548
335.17437316712267
329.7267067373884
324.2617081164462
318.7910244063933
313.3242028663244
307.86869091233393
302.42983611751833
297.0108862119707
291.61298908278695
286.235192774061
280.8774247825129
275.54192369847857
270.2293209617276
264.94009496309525
259.6746369129327
254.43321635780467
249.21599815719625
244.0231250561702
238.85471768537235
233.71087456102694
228.59167208493838
223.49716454449384
218.4273841126579
213.3823408479781
208.36202269458056
203.36639548217147
198.39540292604016
193.44896681246672
188.52705263321687
183.62969004080324
178.75690690542618
173.90872649117765
169.08516745603634
164.28624385187334
159.5119651244472
154.7623361134061
150.03735705228934
145.3370235685239
140.66132668342846
136.01025281220907
131.38378376396196
126.7818967416745
122.20456434222056
117.6517545563672
113.12343076876809
108.61955175796702
104.14007203017921
99.68506559485382
95.25460271652612
90.8487000452543
86.46742286539312
82.11088509559562
77.77924928880876
73.47272663227862
69.19157694754571
64.9361086904469
60.706678951118064
56.503693453988106
52.32763682783453
48.17944792689784
44.05961399970918
39.96908933723098
35.90963926672737
31.88384015176857
27.895079392227103
23.9475554242796
20.046353772372512
16.20104884977039
12.429132934244862
8.763840911190098
5.2772669342189085
2.189804160130285
0.2934898303517181
0.019716219054159198
0.013164984373375727
0.013784706469275865
0.014614043585583712
0.015519416779944955
0.016506655270204767
0.01758576213104995
0.01876829555344129
0.020067732872944267
0.021499819849083612
0.023082790082385264
0.024838973071229925
0.02679364654990859
0.028978178313162805
0.03142930613943675
0.03419232807235142
0.037322064688574845
0.04088591579642761
0.04496809693504309
0.04967365045902224
0.055136482759954704
0.061528280222123
0.06907284152080319
0.0780663680581204
0.08890788489372733
0.1021458018377093
0.11855161679954318
0.1392382850267826
0.1658635933702566
0.20098812681829806
0.2487338701172533
0.3161098397812513
0.41575943938724225
0.5722535111782714
0.8372821472191359
1.3279026604253121
2.3156236682557743
4.379861663725955
8.419281602944604
15.126424267232604
24.3650282251594
34.976926609990805
45.8232911670057
56.598723465371606
67.30738442756072
77.9505804837332
88.53092872617563
99.0497768566326
109.50808384897914
119.90659888392345
130.2458613489946
140.52620083855345
150.7477371537879
160.91038030270857
171.01381064278047
181.0568250959882
191.03954627267933
200.9622248235611
210.82432038194375
220.62450156375073
230.36064596750694
240.02984017434912
249.62837974802116
259.1517692348705
268.59472216385694
277.9511610465425
287.21421737710136
296.3762316323134
305.3420248582724
314.04418179877945
322.6589563132264
331.23462488546
339.6792748422233
347.7608043531523
355.1069224307837
361.2051489305465
365.402814550769
366.8555855922877
365.6666503731009
362.6458166764545
358.45407596498126
353.59796948928187
348.4295882879256
343.14657318745304
337.7921148023712
332.35204047811135
326.89190734237036
321.42350964522484
315.95618991993024
310.4973581183707
305.05249161106553
299.62513518716344
294.2169010544448
288.8279182848622
283.4600406470378
278.1141546380129
272.7907712633311
267.49035015415814
262.21329956728425
256.95997638511943
251.73068611569872
246.52568289267734
241.34516947533288
236.18929724856744
231.05816622290328
225.95182503448632
220.87027094508503
215.8134498420874
210.78125630804868
205.77359021389242
200.79046213486774
195.8318975738431
190.89791894187178
185.98854555819412
181.10379365023272
176.2436763535977
171.40820371208216
166.5973826776641
161.81121711050847
157.04970777896256
152.31285235956088
147.60064543702137
142.91307850424658
138.25013996232633
133.61181512053213
128.99808619632338
124.40893231534278
119.84432951141736
115.30425072656166
110.78866581097178
106.2975415230313
101.83084152930857
97.38854564394762
92.97088676381172
88.57787227718721
84.20948125858357
79.86578121977813
75.5469281098179
71.25316631502136
66.9848286589743
62.7423364025346
58.526199243827804
54.33701531824932
50.17547119846585
46.04234189441202
41.93849085329363
37.864869959584915
33.823444483106584
29.816353810664264
25.846540950726318
21.920177362955716
18.04667581696308
14.238690392308362
10.516392116332916
6.929200335962891
3.6031233211605262
0.9685550733263575
0.05892138784494468
0.01365279912384544
0.013424214807164277
0.014204389753058436
0.015073119767565646
0.016019732274476763
0.017053194521204688
0.01818428822089923
0.01942558659751595
0.020791443708222265
0.022299277642708164
0.023968882653020038
0.02582435345421934
0.027893590136677124
0.03021116488297945
0.03281746442842376
0.03576282472291922
0.03910773222083206
0.042928039317832824
0.047318154596604316
0.05239716353555115
0.058316774444719846
0.06527417454936456
0.07352715073775877
0.0834203762441253
0.09542361373437054
0.11018731791292317
0.12864059739749736
0.15214519980350713
0.18276537757581832
0.22376133688904037
0.28051988067072914
0.3624890754957195
0.48733281215777174
0.6907907717072587
1.0511077305744752
1.7495962729796755
3.196564568523421
6.167878201766647
11.538969658798829
19.64445425349183
29.77437256275173
40.59478234192022
51.40490543593336
62.1464200947924
72.82082565536359
83.43126498205672
93.97963956425335
104.46703658479933
114.89431952993048
125.26213452504024
135.5709103346741
145.82085836254123
156.01197265150188
166.1440235109318
176.21609490912394
186.228144622471
196.18026364581974
206.07190304052264
215.90187393444808
225.6683475219761
235.3688550639939
245.00028788790578
254.55889738762193
264.0402950235688
273.43945232268203
282.750700878413
291.95284323183625
300.91754200963726
309.75684157104587
318.5647948962447
327.3367624932456
335.96941239788015
344.26072017381415
351.90996891253803
358.51774923336916
363.5859592834529
366.30108073339034
366.16633021563166
363.93837992346346
360.2930914357702
355.76789296513743
350.76177935785716
345.53531209391974
340.21061928702017
334.7956419110304
329.34503519135035
323.8805345665359
318.41248093431665
312.94931847520957
307.49759465251697
302.0619602123255
296.6451691835121
291.24807887773426
285.8706670439407
280.5149423457382
275.1815403660404
269.87091937970786
264.5834907326863
259.3196188420129
254.07962119581492
248.86376835330782
243.67228394480176
238.50534467169223
233.36308030646578
228.24557369269982
223.1528607450596
218.08493044930398
213.04172486227895
208.02313939064442
203.0290857870304
198.05957408949823
193.11462313828318
188.19424961072846
183.29846802129083
178.42729072153924
173.58072790015342
168.75878758292944
163.9614756327714
159.1887957496969
154.44074947083558
149.7173361704282
145.01855305983148
140.34439518751026
135.69485543904338
131.06992453712098
126.46959104154475
121.89384134923215
117.34265969420895
112.81602814761463
108.31392661770099
103.83633284982935
99.38322242647875
94.95456876723581
90.55037093649764
86.17086904010098
81.81614467728808
77.4862909688905
73.18148202488311
68.90197294438907
64.64809981567863
60.42027971616764
56.219010712423
52.04487186015459
47.89852320422056
43.78074353000005
39.692855535960994
35.63620509732239
31.612994105453335
27.626525922878738
23.681205383277884
19.783140207200947
15.94172671491664
12.17535235894029
8.519872808897139
5.050347676566649
2.008364832343582
0.23951243957478371
0.01803349219164162
0.013180167497997717
0.01383835951877146
0.01467310067279221
0.01558374328907544
0.016576926837159306
0.017662804594784733
0.018852856069445263
0.020160778699464515
0.021602422385210353
0.023196711550614597
0.024965309885031407
0.026934640395256084
0.029135898393194606
0.031606644453567194
0.034392661756281535
0.037549515095007036
0.04114572360328368
0.04526661946902874
0.050018467093153496
0.055538613171472885
0.06200097618030469
0.06963380722443197
0.07873870991208295
0.089724131615827
0.1031504048352844
0.11980650697257136
0.1408352896536228
0.16794129169463437
0.2037653021896999
0.25257440426581124
0.3216459049813762
0.42418557536387913
0.5859775388447463
0.8615619149874956
1.3748255435748415
2.4130033640108626
4.583768397323032
8.785361695899274
15.683406197038662
25.079939412110548
35.71464579165615
46.548823185542226
57.32171427821182
68.025992853635
78.66484474926993
89.24086357331548
99.75544448509275
110.209650946741
120.60424603049196
130.9396924186874
141.2161499866363
151.43364442756092
161.5922186117376
171.69169952999886
181.73167851909656
191.71151126169013
201.63031778634942
211.48698246755785
221.28015402570122
231.00824552708355
240.66861203831579
250.2603594676636
259.78636144512643
269.2442336759545
278.6258602371358
287.917393577385
297.09925451714673
306.146132248598
315.02698433563705
323.70503671390065
332.1377836907509
340.2769879452817
348.25251591645326
355.8222496782462
361.88558810866886
365.7049790043623
366.95003250194065
365.69752107798985
362.4313795490704
358.0401406936601
353.21988815415864
348.0762537243484
342.7413418199731
337.3131107782237
331.8553728577285
326.39779423856004
320.9364342856092
315.47266976661314
310.01836981576923
304.5767984745959
299.15077950625715
293.7426963955613
288.3544923489592
282.98767029455064
277.6432928820744
272.32198248291576
267.023921190104
261.74917505667844
256.4984061750884
251.27178633233962
246.06943737319241
240.89146695464234
235.73796854591865
230.60902142848997
225.50469069605592
220.4250272545525
215.37006782215124
210.33983492925688
205.33433691851388
200.35356794479762
195.3975079752199
190.46612278912767
185.55936397810171
180.6771689459622
175.81946090876056
170.98630791741542
166.17798146194463
161.3944069875009
156.63550589094692
151.90121051518264
147.1914641491507
142.50622102783498
137.84544633225948
133.20911618949327
128.59721767264307
124.00974880085788
119.4467185393283
114.90814679928488
110.39406443800316
105.90451325879667
101.43954601102067
96.9992263900727
92.58362903738946
88.19283954045366
83.82695443278436
79.48608119394457
75.17033824953768
70.87985497120746
66.61477167664216
62.375239629569435
58.161779899700164
53.9750981049118
49.81551745425755
45.68381476502427
41.58123428931201
37.50948771403883
33.47075416093968
29.467680186565108
25.50337978228593
21.582540045748942
17.712810172417974
13.90826446895636
10.196484977982154
6.637120023566742
3.3205565655511435
0.7999541242616331
0.04524646488737195
0.013417316446748496
0.01348535473159156
0.014277194543386773
0.015152343122762571
0.01610608158819305
0.017147675003403723
0.018287827244267685
0.01953933270001648
0.02091711865288923
0.022438288540017486
0.024123556071456873
0.025996427146421443
0.02808665694945045
0.030427844265148576
0.03306184519761619
0.036039795234971736
0.03942330178360497
0.04328916442838237
0.047733912809786484
0.05287918389207098
0.05887976974383675
0.06593677539428774
0.07431630309314513
0.084370905871303
0.09658410342227476
0.11162810638230032
0.13046186508420962
0.1544966887247357
0.18587544846098097
0.2279949705325576
0.286495432563626
0.37131155525480886
0.5011828039538871
0.7142792912031725
1.0945931450599062
1.8372059633422861
3.3822201016648594
6.533110485090307
12.147336872002494
20.48405910284611
30.733299150856144
41.56719268984329
52.37009362387989
63.10545040224839
73.77401799117928
84.37893478549638
94.92191198880026
105.40397313232458
115.82594020524107
126.18843365466313
136.49187238564798
146.73647376118603
156.92225360221695
167.04902618761952
177.11640425421263
187.1230216939792
197.06888132263208
206.95501752648198
216.78124770999705
226.5461682765424
236.24715462838265
245.88036116667064
255.4407212914646
264.92194740171686
274.31653089527606
283.6157421688906
292.80963061819733
301.88702463773933
310.8355316209519
319.6611795521355
328.63581650963715
337.4117997296382
345.48137031260376
352.4229735198575
357.9012587735841
361.66707965682997
363.55749391349957
363.4957634483618
361.4913543270457
357.7865495426963
353.2586718923028
348.24590519625514
342.95418449896204
337.53510961767387
332.08594514248193
326.64962043631607
321.2147296349514
315.75983626153317
310.3120882180681
304.875366725947
299.45281163605983
294.0470931525776
288.66041183294277
283.2944985878761
277.95061468137436
272.6295517307096
267.3316317064341
262.05680773825486
256.8057492798408
251.57876259894346
246.3759502226591
241.19740511577967
236.04321068078372
230.91344075784244
225.80815962481805
220.72742199726272
215.6712730284239
210.6397483092355
205.63287386832488
200.65066617200964
195.6931321242973
190.7602690668913
185.85206477918152
180.96849747825019
176.109535818871
171.27513889350723
166.46526807512467
161.6801470919311
156.91978218439624
152.1840565601874
147.47287181003566
142.7861479077412
138.1238232101651
133.48585445723504
128.8722167719437
124.28290366034744
119.71792701157169
115.17731709780314
110.66112257429451
106.1694104793638
101.70226623439311
97.25979364383278
92.84211489519498
88.44937055905774
84.0817195890646
79.73933932192284
75.42242547740794
71.13119215835745
66.86587185067562
62.626715423329884
58.413992128354046
54.22798960084825
50.06901385897562
45.93738930396576
41.833822047267674
37.76068308599674
33.71956521218938
29.71312794888944
25.74539538102738
21.821756155419216
17.949464133759466
14.140922699779889
10.42077133361636
6.8398016719285755
3.5223640328347168
0.9194453466683319
0.054607107386253656
0.013577415994480127
0.013443165274654343
0.014227061375068668
0.015097838177707398
0.01604659124621764
0.01708259439594987
0.018216601413680967
0.019461137781635576
0.020831057144761887
0.02234328723403837
0.024018152364792742
0.02587965869505741
0.02795622340917651
0.030281764560535104
0.0328978366463653
0.03585426084038799
0.039212231853889036
0.04304796873021828
0.04745569144400841
0.0525556647274507
0.05849995952879077
0.06548659769131274
0.0737754570377519
0.08371299925131388
0.0957738691039792
0.11061422170933728
0.12917447965913798
0.1528295265213282
0.18367022345464504
0.224994450436098
0.2822614615421384
0.3650486143478337
0.4913381832268986
0.6975704819459347
1.0636663444619845
1.7749051213520974
3.2499724328615662
6.273710475789681
11.714420400395491
19.887761891092126
30.061964755258895
40.88159243539992
51.68684675740728
62.426581837184614
73.09927920649818
83.70808000820733
94.25471656571634
104.7404134144496
115.16610831189108
125.53245223757182
135.83980939308876
146.08825364688582
156.2776355438157
166.40796670655598
176.47907537157903
186.49050491639943
196.44151385956258
206.33107586064793
216.15787972027104
225.9203293800729
235.61654392273684
245.2443575719768
254.8012086225479
264.2927438584741
273.72321252260764
283.0864063113635
292.3656165245177
301.5336340652093
310.5527494399439
319.3747527585825
327.9409337343571
336.18208168386144
344.01848552705144
351.3599337872501
357.97745612397364
363.0942278662359
366.0575564963509
366.58346385331686
364.7567711998267
361.03109922227145
356.2288680307367
351.201509198761
345.9647190265192
340.5928498534044
335.15057872451246
329.682708471655
324.21416771336555
318.75001085489794
313.287694856931
307.8372326656172
302.4012924868406
296.9821018416149
291.58158364454687
286.20135620383496
280.84273322127575
275.50672379225375
270.1940324057493
264.90505894433494
259.6398986841756
254.3985317888228
249.1814847390113
243.9888722988596
238.82074443988301
233.67714555042858
228.5581144356807
223.46368431765268
218.3938828351924
213.34873204398065
208.3282484165303
203.33244284219123
198.3613206271422
193.41488149439704
188.49311958380244
183.59602345203612
178.7235760726142
173.87575483588105
169.05253154901567
164.2538724360305
159.4799201552517
154.7307830705984
150.00633322492214
145.30646198751597
140.63108044749498
135.98011941379517
131.35352941517843
126.75128070022502
122.17336323733836
117.6197867147443
113.09058054048924
108.5857938424457
104.10549546830444
99.64977398557954
95.21873768160714
90.81251456354464
86.43125235837445
82.0751185128986
77.74430019374135
73.43900428734926
69.15945739999059
64.90590585775858
60.678615706564756
56.47787271214431
52.30398236005583
48.15726985567595
44.03810964608968
39.94833753172112
35.88969323223621
31.86425142383582
27.87527907154108
23.927235429197932
20.025938987093138
16.180906021588232
12.409167845697537
8.74482626430929
5.259537032284949
2.175669169620891
0.2889798357561476
0.01955925162443393
0.0131667490025535
0.013790039311797852
0.014619707019700334
0.015525592801058022
0.01651336864337321
0.017593129958076506
0.018776339921096147
0.02007675259679337
0.021509990384656702
0.023094382447743606
0.024852340530371202
0.0268090692639567
0.028995936030732774
0.03144984089813149
0.034215985367466804
0.03734928762773911
0.040917155875804995
0.04500405295745644
0.04971438618497645
0.05518322483151599
0.06158079331775954
0.06913172659289843
0.078133084950178
0.08898321334780518
0.10223225406805678
0.11865346966959721
0.13936137815131872
0.16601943935665803
0.20119164762632433
0.24901357842051364
0.31651283570763317
0.4163800791858659
0.5732806881831596
0.8391444750756496
1.3314458912645402
2.3230344069149473
4.396280870134571
8.44675753430288
15.169157678786659
24.421838780146725
35.04441337696538
45.88124949876302
56.65792387244586
67.36622768833566
78.00909903953531
88.58904261163698
99.10742545169771
109.5653071695846
119.96348670087758
130.30250230687258
140.582631574585
150.80389138200277
160.96596880415314
171.06878481248245
181.11222865251787
191.09583283372697
201.018773129506
210.879868577197
220.67758147807706
230.4100173973592
240.07492516419862
249.66969687167892
259.1913678768268
268.62209007033726
277.9736383047172
287.2732344962769
296.52269687132826
305.69841080881616
314.75132884030876
323.6069706499992
332.1654230747086
340.301340103876
347.8639428795736
354.6770196964959
360.50799743028966
364.3041155332913
365.7316249469645
365.0031354098554
362.43365585550737
358.440594412462
353.5437584042581
348.34176379045647
343.0417268893989
337.64947773106206
332.203072764041
326.73206323655427
321.25749519645035
315.7919094911981
310.33934176789325
304.8974664577217
299.47141273428053
294.06359786275243
288.67531251500554
283.3076965102557
277.96173881506525
272.6382775433413
267.33799995634166
262.0614424626662
256.8089906182621
251.58087912642353
246.37719183778904
241.197861785508
236.0430196783013
230.9128884973625
225.8074471667776
220.72667679441744
215.6705606719436
210.6390842747995
205.63223526221637
200.65000347721167
195.6923809465878
190.75936188093777
185.85094267463631
180.96712190584637
176.1079003365168
171.27328091238144
166.46326876296473
161.6778712015731
156.91709772530035
152.1809600150277
147.46947193541988
142.78264953493337
138.12045739170242
133.4796089163244
128.85877376353176
124.25880838987136
119.68055186614183
115.12482587738555
110.59243472289393
106.08416531620624
101.60078718510812
97.14305247163682
92.71169593207352
88.30743493694831
83.9309694710392
79.58298213337058
75.26413813721817
70.97508531010243
66.71645409379163
62.48885754430266
58.29289133189904
54.12913374109464
49.998145670648874
45.900470633568894
41.83663475711004
37.807146782774495
33.81249806631551
29.853162577730558
25.92959690126539
22.04224023541425
18.191514392918975
14.382990497400531
10.65554908655306
7.062882769607353
3.7221743596991383
1.044257407554498
0.06615718018027701
0.013832035493516283
0.013448887358275454
0.014227605653479221
0.015098474464184143
0.016047344205851608
0.01708361962295857
0.018218617775617566
0.0194650982588375
0.020838336896472506
0.022355575229300338
0.02403748126598824
0.02590798072651868
0.027995793182004444
0.03033529831243075
0.032968106952314
0.03594405675487241
0.03932470967934195
0.04318618443351802
0.047623018642557746
0.05275415941261332
0.05873174348698778
0.06575155218566957
0.07407112558934852
0.08403148617568566
0.09609819093318549
0.11091495887497302
0.12939345860703458
0.15287203320601744
0.1833681773102166
0.2240598273441949
0.28018874521026915
0.36092208528514913
0.4834463442842308
0.6825547843819376
1.0340501560170827
1.71339027338847
3.119628626428269
6.015724244651123
11.282693143774138
19.29130905735328
29.387682176474183
40.2155592423553
51.020254270493275
61.763304535601755
72.43986419780303
83.05230954550007
93.6026427478169
104.09196550081128
114.52112940102265
124.89077018489769
135.201307728808
145.4529460490383
155.64567330178983
165.77924213208604
175.85275274287142
185.86622674114645
195.8196568705033
205.71242321078194
215.54329317807267
225.31042152470502
235.01135033926505
244.64300904658296
254.20171440773672
263.6831705200556
273.0824688171071
282.39408806871535
291.53042933223924
300.22083274916673
308.7408915880449
317.30932000689506
326.0052290930927
334.76812686335796
343.39791826375836
351.5549051697103
358.7597863859708
364.39365764665087
367.6980116152061
368.0084445721548
365.9086586891099
362.23438125871337
357.63256141770665
352.5677450749047
347.32207491119544
341.99529037953863
336.5701041564695
331.11293287350884
325.6405850787807
320.16403015290757
314.6921734041676
309.2318560685016
303.7878553095027
298.36288421842363
292.95759181417367
287.5718090222464
282.207708446765
276.8659285795836
271.5469373835036
266.25115452160657
260.9789513572531
255.73065095408825
250.50652807603277
245.3068091872895
240.13167245234087
234.98124773594873
229.85561660315938
224.75481231929444
219.67881984995785
214.62757586103348
209.6009679284796
204.59890557750654
199.62140242382776
194.6684795266615
189.74015538693652
184.8364459472903
179.95736459207512
175.10292214734926
170.27312688088278
165.46798450215636
160.68749816235945
155.93166845439592
151.20049341287583
146.4939685141217
141.8120866761653
137.15483825874827
132.5222110633264
127.91419033306167
123.33075875282798
118.7718964492093
114.2375809904992
109.72778738670522
105.2424880895409
100.78165299243241
96.34524943051505
91.93329239000552
87.54600688535861
83.18345311832044
78.84572770078329
74.53299880696964
70.24550617343118
65.98356109905343
61.74754644504864
57.53791663496074
53.355197654663726
49.199987052360775
45.073056474585215
40.97557598458831
36.90881059397668
32.87482389468536
28.876542608987506
24.91775658949863
21.00388985727388
17.1429430378064
13.350622930486576
9.655042582393671
6.1126919808020155
2.88876036421778
0.5724564634064108
0.03137569505266262
0.013228510505531615
0.013594663575782838
0.014402359279690545
0.015288763579801516
0.016255037060496424
0.01731050213546452
0.01846637647702803
0.01973560892050141
0.021133320345144556
0.022677452103515697
0.02438849559897156
0.02629172414356273
0.028416253071853675
0.030797732213308168
0.03347900565789302
0.03651248527305029
0.0399619774229931
0.04390763893985001
0.048448133081344234
0.05370984527521224
0.05985385782225376
0.06708984632329346
0.0756935452554859
0.08603559938447312
0.09862078465425249
0.11415748504142541
0.1336590106076458
0.15862252814732383
0.19133935128163923
0.2354590161969722
0.29710038107494946
0.38712591728021706
0.5262558320481272
0.7571593632976868
1.175093383624326
2.0009823201808903
3.7266153224563463
7.1917251161716935
13.213548059618475
21.908378332346462
32.304077511989874
43.14263159925021
53.939580870569024
64.66469749749206
75.32378413435059
85.91931533316256
96.45310026500637
106.92630696269212
117.33966973261113
127.69367990945416
137.98865778052877
148.2247525857475
158.4019425176452
168.52003472136812
178.57844749253192
188.57675623595807
198.5163649400735
208.39769032672328
218.21990227793748
227.98092383593354
237.67743120311943
247.30485374208286
256.8573739756064
266.3279275866586
275.7082034183948
284.9886434741618
294.15844291748465
303.20555007208503
312.1166664218687
320.87724661092915
329.6613693961208
338.56216339423764
346.86001314244265
353.9512274825302
359.390611435159
362.89146619985274
364.32558915499686
363.7232738578442
361.27331004451105
357.38633593292735
352.7968978218948
347.7744392711113
342.4825222658307
337.0490673788757
331.56635377063645
326.091019189069
320.6440599697021
315.21083103562745
309.7641614939735
304.32834582468456
298.90768730772214
293.50425683738126
288.1198407750106
282.75594094901874
277.41377465487216
272.0942746550947
266.7980891792724
261.5255819240456
256.27683205311376
251.05199766767555
245.85158751028155
240.67562901219495
235.5241374524549
230.3971277831417
225.29461462937536
220.21661228931407
215.16313473415997
210.1341956081508
205.129808228565
200.1499855857212
195.19474034297582
190.2640848367297
185.35803107641829
180.47659074451894
175.61977519654837
170.78759546106198
165.98006223965783
161.19718590697096
156.43897651067718
151.70544377149068
146.99660428548435
142.31244597686432
137.65289514860575
133.0178887037479
128.40737765730822
123.82132713628118
119.25971637964335
114.7225387383453
110.20980167531752
105.7215267654685
101.25774969568381
96.81852026483064
92.40390238375092
88.01397407526625
83.6488274741757
79.30856882725638
74.99331849326572
70.70328761047378
66.43888106744464
62.20019795840713
57.987527645753694
53.80140582254946
49.64261451252501
45.5121820700813
41.41138318028825
37.341738858883666
33.305016452278466
29.30322984717898
25.339941649160195
21.42039217928592
17.55345856736281
13.753456558655179
10.044673604729608
6.481081049022774
3.208396606150815
0.7374923492847545
0.040956186695473316
0.013354422647913132
0.01351555018883327
0.01431185260536545
0.015190282256047984
0.016147511983212657
0.017192819649280086
0.018337400935581626
0.01959359131602322
0.020976789877564263
0.022504248301433518
0.024196352231799095
0.026077768017948137
0.02817710518156653
0.030529280728036196
0.03317640434063455
0.03616936166345165
0.0395710678384072
0.04345894517207855
0.047930335351092
0.05310831576916541
0.059147891780242656
0.06625520861589447
0.07469635783427585
0.08483078840019292
0.09714783117837905
0.11232853118934474
0.1313470609050599
0.1556358619008346
0.18737873689062123
0.2300405528788448
0.28939226039874927
0.3756190689528916
0.5080031323972583
0.7258604937533323
1.11629001569896
1.881363994929605
3.475203482368208
6.709060442973741
12.434097246726065
20.865330521018272
31.15556361768644
41.98274174983912
52.788022366524544
63.52053050026851
74.18654572103755
84.78880196149058
95.32916986438464
105.80882921110663
116.22853134375379
126.5888338055875
136.89010149229958
147.13250665200147
157.31602888522588
167.44035567454722
177.50464281630332
187.50910746768614
197.45364612329567
207.33754602458077
217.15948515984172
226.9175322642191
236.60914681971087
246.2311790551602
255.7798699462599
265.25085121555367
274.63914533242644
283.9391655131174
293.04280851627436
301.76937856193075
310.3805670034252
319.0443898646053
327.7972471556445
336.5439228730328
345.05758499957886
352.97978550441235
359.8204603429749
364.9579294570337
367.6390788820818
367.41211413456335
364.97919831448064
361.11337971980333
356.41433252749977
351.30835679353964
346.04837845289376
340.713949319532
335.28330784309696
329.8245321297928
324.3529716144104
318.8789524649421
313.41083264748977
307.95500192627134
302.5158818636113
297.09592581994696
291.6956189538268
286.3151672937062
280.95658645154367
275.6204082265093
270.3070865338077
265.0170282038379
259.75059298219196
254.50809352966036
249.28979542222368
244.09591715105856
238.92663012253536
233.78205865821766
228.66227999486824
223.56732428443863
218.4971745940782
213.4517669061279
208.4309905415152
203.4347567404903
198.46307633822192
193.51596892396643
188.59345177391376
183.69553985118617
178.8222458058439
173.97357997487663
169.14955038220916
164.35016273869996
159.57542044214003
154.82532457725793
150.09987391571195
145.3990649160956
140.72289172393582
136.07134617169197
131.44441777876156
126.84209375147081
122.26435898308222
117.71119605379145
113.1825852307264
108.6785044679521
104.19892940646518
99.74383337419482
95.31318738600626
90.90698888835028
86.52547688741771
82.16873212434218
77.83684692118322
73.52999267573003
69.24841986150025
64.99245802774489
60.76251579944083
56.559080877295955
52.382720037747966
48.23407913296288
44.11392721579276
40.02355723490741
35.96428043409899
31.938251373197712
27.948681165302418
23.999837476784904
20.09761484325064
16.251055196365613
12.477610912392016
8.811194991684708
5.321277344194203
2.226054852535335
0.305033632653547
0.020083629188611927
0.013162822252915325
0.013774268776795736
0.014602539082907559
0.015506824176471303
0.01649302132643923
0.01757087312355678
0.018752034764642354
0.02004985104967656
0.021480078490075348
0.023060969748804155
0.024814635192747327
0.02676665760688926
0.028947697064169428
0.03139504522894042
0.03415350642575985
0.03727776838213907
0.0408353986444743
0.04490980839710527
0.049606298742349585
0.05505803563359002
0.061436155661446924
0.06896374351916126
0.0779361496550359
0.08875014914400975
0.10195259001435478
0.11830946000305013
0.13892951218842337
0.16546066026648368
0.20044848463307313
0.2479799883599971
0.315023435532957
0.4141270610656072
0.5696337361789588
0.8326585729800331
1.3190601140609648
2.2973108733923264
4.344359801334033
8.348643171385417
15.020830085737975
24.24896397010202
34.859468336660726
45.695675994381304
56.469886822004696
67.17935600417337
77.8233419620499
88.40450219520385
98.92414379397661
109.38321156141875
119.7824489420995
130.12239802210985
140.40339952906564
150.62559283209558
160.78891594185936
170.89310551053518
180.9375302451487
190.92075389579585
200.84378331262886
210.70710919258585
220.51003027291418
230.2506533311734
239.92589318523758
249.5314726932851
259.0619227538142
268.5105823056327
277.8695983278604
287.1299258399317
296.28132790158554
305.3123756128805
314.21044811418506
323.09229563943165
332.0110827253334
340.49251312386326
348.1082835679065
354.4988857563087
359.3736063538786
362.5105269913884
363.756524265571
363.0272697391251
360.30787244638327
356.21307684959544
351.4636299453128
346.31282575174606
340.95372150819117
335.5191376750334
330.0816579337533
324.6536291869108
319.20233506334444
313.74945741567205
308.30507173061613
302.87281889311095
297.4558136231479
292.0566444757976
286.6773738411847
281.3195379445096
275.9841468460395
270.67168444109865
265.38212574926894
260.115988249324
254.8737878097986
249.6556542126487
244.46170497724862
239.29204536041198
234.14676835636797
229.02595469678192
223.9296728507464
218.8579790247729
213.8109171628114
208.78851894622795
203.79080379382486
198.81777886183121
193.86943904389545
188.94576697110463
184.04673301196075
179.17229527240366
174.32239959579874
169.49701894556188
164.6964254999982
159.9205935582341
155.16942112088938
150.4428212470451
145.74072205423548
141.06306671846673
136.40981347419583
131.78093561434864
127.17642149031266
122.59627451192854
118.04051314750866
113.50917092381631
109.00229642608407
104.51995329800523
100.06222024172739
95.62919101786859
91.2209744454992
86.83769440215744
82.47948982384348
78.14651470501047
73.83893809858354
69.5569441159394
65.3007319269222
61.07051575983935
56.86652490144917
52.689003696983576
48.538353348832835
44.41610871417177
40.323321842994304
36.26152162054717
32.233008929683535
28.240856650844425
24.288909662074985
20.382872036612415
16.531670928105076
12.75263687139403
9.076301026486883
5.568850368026377
2.4291415405085677
0.37659638015317226
0.022601259438268982
0.013162368675989565
0.013717624790552852
0.014539801124492
0.015438389193369892
0.0164181981973843
0.017488932895319387
0.0186621819137201
0.019951087818148788
0.021371279770285224
0.02294094674805801
0.024681468481672676
0.0266186150080865
0.028782373133204503
0.031209726103454925
0.03394465724324119
0.037040855662884765
0.04056505431032299
0.04459907380914127
0.049246407382596356
0.05463719117896925
0.06094045198586206
0.06837323319280371
0.07722516553418715
0.08788571587516124
0.10088646543943135
0.11697744664419164
0.13723520150372223
0.163257600349771
0.1975058494126025
0.24392946290894918
0.30920115038703394
0.4053100892330069
0.5554109826792144
0.807770779336896
1.270975781584364
2.1983165903066078
4.137967645531444
7.968700457477059
14.43650648675515
23.484673383782646
34.03643772628288
44.875291894097394
55.65987730713953
66.37441635498259
77.0231714865666
87.60874630922055
98.13281577092506
108.59640058464791
119.00019625902675
129.3447067699919
139.63024456081405
149.85693054206266
160.02469409162464
170.1330410428789
180.18130248591973
190.16975927095694
200.09816974884336
209.96567415710388
219.77079461995208
229.51143514825083
239.18488163955755
248.78780187808442
258.3162455347161
267.76564416702473
277.1308112192338
286.40594202225844
295.4193176059695
304.080627451318
312.6656027717777
321.3223651265403
330.06337730604156
338.76544333192624
347.1697084570634
354.88165916556056
361.3711231727313
365.972269425129
367.89927885848914
367.01044245480085
364.12888128970906
359.98857422258413
355.1468133867016
349.9842041892567
344.70466531135844
339.33692738796805
333.8953013991142
328.43165054889886
322.9579799669664
317.4842598963614
312.0184256935199
306.56637782829085
301.13198188391135
295.7170685570285
290.32150245446053
284.9465086606062
279.5935364001186
274.2630820452199
268.9555935703958
263.67147055238644
258.4110641701774
253.17467720502063
247.9625640404108
242.77493066210596
237.61193465811823
232.47368521870587
227.36024313639308
222.2716208059468
217.20778222439742
212.16864299102994
207.15408179014668
202.16406288078124
197.19860842459207
192.2577384777007
187.34147054525647
182.44981958142802
177.582797989423
172.7404156214656
167.9226797788164
163.12959521176344
158.36116411961441
153.61738615071584
148.89825840243074
144.2037754211587
139.53392920232676
134.8887091903815
130.2681022788079
125.6720928101088
121.10066257582204
116.55379081651314
112.03145422176871
107.53362693021161
103.0602805294845
98.61138405626409
94.18690410910713
89.78698277265137
85.41177223001537
81.0613317197828
76.73579229998593
72.43535684809805
68.16030006102658
63.91096845512934
59.68778036619626
55.49122594946503
51.321867179614834
47.18033871676358
43.067665245986625
38.98498969946522
34.933926546549586
30.916959588997596
26.93744196096813
22.999717963623386
19.11049173994824
15.28035790217943
11.530891707569689
7.899562626379
4.479351541584025
1.5688348789682462
0.13942800177818748
0.015366237978611879
0.013253058319213883
0.013977868398069516
0.014826015418437012
0.01575031506179343
0.016758843138802267
0.017861833794253764
0.01907144354460031
0.020401417838733664
0.02186815530616302
0.023491060690754312
0.02529266342360807
0.0272993275217783
0.02954495588145905
0.03206720220236923
0.034913231893123835
0.03814132614210098
0.041821847842509585
0.04604385474266799
0.050919355511366185
0.05658951774656116
0.06323689980556008
0.0711014710421838
0.08050107823019545
0.09186518847659099
0.10578813607406948
0.12310999051639075
0.1450531961334177
0.17345164513662942
0.21116497097382952
0.2628596358510257
0.3365668212699557
0.44704112420169306
0.6234693182482559
0.9285848026712984
1.5055893339001998
2.686296391026557
5.14148332330589
9.78419383021384
17.160763045693223
26.8601866917883
37.59560598673198
48.4304834274863
59.19006339894721
69.88261038258896
80.51038190661693
91.07564603697091
101.57974238314833
112.02356391134077
122.40778904402312
132.73288165997096
142.99909109427875
153.20645213831838
163.35469328405136
173.44328816138483
183.4723218190159
193.441519745757
203.35013299827293
213.19693820112533
222.98023754673434
232.69785879539478
242.34715527529232
251.9250058824653
261.4278150808507
270.8515129022408
280.16148895770175
289.2956630341504
298.3530173364404
307.39050176665273
316.4047536575393
325.33209777253893
334.04854630579234
342.3697988821066
350.0512425569954
356.78795181664407
362.21468857792667
365.589643772558
366.1756847237589
364.5978166309032
361.4532728803729
357.24433441238733
352.37832972099164
347.16763485407483
341.82537694857405
336.42619664480213
330.9877690338424
325.5258720314717
320.0539434566664
314.58308103157776
309.1220423815534
303.67724503512835
298.2527664240151
292.8503438831262
287.4693746505487
282.10750687597766
276.76709131878226
271.4494784554456
266.15505218242623
260.88415466822613
255.6370863534119
250.4141059506057
245.21543044447606
240.0412350917594
234.89165342123576
229.76677723374908
224.6666566021996
219.59129987153355
214.5406736587649
209.51470288843637
204.51331102648922
199.5364938036573
194.58425658746722
189.65660423185315
184.75354107713406
179.87507095003357
175.0211971636714
170.19192251755513
165.3872492975995
160.60717927610455
155.85171371177466
151.1208533497101
146.41459842139977
141.73294864473866
137.07590322400793
132.44346084989309
127.8356196994745
123.25237743622236
118.69373121001239
114.15967765710643
109.65021290017087
105.1653325482675
100.70503169684594
96.26930492776437
91.85814630926399
87.4715493959929
83.1095084419927
78.77232537371032
74.46022335779257
70.17328855631767
65.91174679979055
61.67596358713525
57.46644408568807
53.2838331312141
49.12891522788811
45.002614548311584
40.90599493350475
36.840259892900825
32.80726610124795
28.809592758068955
24.850555430258353
20.93673067862085
17.07804008315474
13.28805687909734
9.593420450761116
6.055736490378335
2.8389748276639795
0.5494375478938289
0.030117085092619175
0.013215395153371449
0.0136072614662486
0.01441668630279648
0.015304503443005485
0.016272106809818915
0.01732930170082517
0.018486957975264628
0.019758388526751727
0.02115867749944727
0.022705289584058458
0.02441961470077857
0.026326255501922184
0.02845492135354967
0.030841203868977204
0.033527949843156796
0.03656782146119581
0.04002513006309365
0.043979331270890425
0.048530908182463514
0.05380597018255061
0.059966338354627544
0.06722299664531375
0.07585324623115301
0.08622878359760887
0.09885879606027516
0.11445414294711397
0.13403468610842556
0.15910732013865644
0.19197968185261713
0.23633430949937015
0.29834399524189764
0.38899457010474203
0.5292515322459178
0.7623580978082943
1.1846587708194232
2.0209225077090247
3.766939153291937
7.271101768001555
13.339589828391917
22.064491789062068
32.4900804306499
43.32974144853634
54.12370833281846
64.84791523799204
75.5058963962163
86.10041376496068
96.63323296411066
107.10538489584263
117.51764730797943
127.87058416185704
138.16454563237215
148.39966810793996
158.57587320192525
168.69259699364434
178.74971940638798
188.74719499754804
198.68450216686418
208.5606431564409
218.37414405076458
228.12305477666374
237.80494910335435
247.41692464240066
256.9556028477309
266.4171290156567
275.79598215203004
285.00319020125136
294.0819331165881
303.12077631260667
312.1470763097093
321.1269807340983
329.965428317817
338.5061488987139
346.53166342045864
353.76328393255517
359.8611135903108
364.3868392259231
366.23183761945836
365.5876860530099
363.1049238002008
359.3357998216307
354.73427276486575
349.6560109644523
344.358392441911
338.9836512853304
333.56263834652594
328.1114007238562
322.64386856275047
317.1718500716054
311.70503152177554
306.2509772475953
300.8151296463539
295.40080917831716
290.0092143667181
284.63942179774756
279.2890571641857
273.9605530324111
268.65512098571963
263.37309785100086
258.1147831784433
252.88043924155568
247.6702910371425
242.48452628532527
237.32329542953352
232.1867116364959
227.0748507962606
221.98775152217254
216.92541515089331
211.88780574239178
206.8748500799362
201.8864877576481
196.92272532701278
191.9835574878088
187.06897958973656
182.1789876572148
177.31357838940036
172.47274916016568
167.65649801811807
162.86482368659205
158.09772556364015
153.35520372205312
148.63725890933733
143.9438925477342
139.2751067342115
134.6309042404566
130.01128851289343
125.41626367266271
120.84583451563908
116.30000651242491
111.77878580834084
107.28217922344592
102.81019425251307
98.36283906505258
93.94012250529894
89.5420540922079
85.16864401947184
80.81990315549828
76.49590308178203
72.19715093040382
67.923749922215
63.67585773890778
59.453830065880005
55.25822059225199
51.08978101085934
46.94946101824581
42.83840831468003
38.75796860413647
34.709685594311644
30.695300996618013
26.718229339269627
22.782142157953405
18.894328999847893
15.068842210145602
11.326496978931248
7.703316746100315
4.300517910981167
1.4379708181945952
0.116738645967921
0.014838312822100339
0.013283564205460613
0.014022851112369655
0.014875111651230703
0.015804009009893077
0.01681752988628815
0.017926308210201528
0.019142100576172945
0.02047943497027428
0.021954875567564425
0.023586924311372926
0.02539928136230661
0.027418851958411535
0.029678528106269263
0.03221745900817877
0.03508327425152421
0.03833395866966643
0.04204242590112735
0.04629728790265881
0.051212078313110865
0.05693123532371431
0.06363948579762616
0.0715796497278702
0.08107661036594938
0.09256674806361544
0.10665567704608596
0.12420008731799535
0.1464490839687811
0.17527775124229666
0.2136204059200117
0.2662779088859732
0.3415517719604087
0.4547490561747605
0.6362637302792364
0.9514950003994771
1.5510364491546176
2.7804228597518064
5.3347574057179346
10.118914426539328
17.644152449424418
27.44506668076952
38.211338028848346
49.033769088617134
59.79057173510408
70.47943439913173
81.10375756985681
91.66565009510055
102.16631692885503
112.60671430569965
122.98755862740892
133.30932646297043
143.5722545486022
153.77633978771095
163.92123473054824
174.00652218255547
184.03226548223756
193.99812423808075
203.90329919553855
213.7465322370767
223.52610638213417
233.23984578713987
242.88511574552874
252.45882268770484
261.95741418108236
271.3768789300507
280.62231369540075
289.6557281011989
298.6303430245789
307.6297663666477
316.66453724846747
325.672126011071
334.5169342154769
342.9902946426546
350.8104712935631
357.6226593891181
362.998985370207
366.3493725204247
366.8195947050983
364.99850910523594
361.6096644450484
357.23230777329184
352.3013844632556
347.1075382127812
341.79711104423944
336.3913529388563
330.9445129111541
325.48060047318023
320.0104908215378
314.54319417384903
309.0858557687773
303.6437558660176
298.2203097462875
292.8170677113485
287.43373332834676
282.0711277574675
276.7308337474279
271.4132908271162
266.1188959537172
260.84800351268785
255.60092531777832
250.37793061102332
245.17924606273252
240.00505577151193
234.85550126424027
229.73068149608906
224.63065285051402
219.55542913924688
214.50498160231442
209.47923890801758
204.47809055726864
199.50149656751006
194.54947393670045
189.6220289042962
184.71916704643544
179.84089327595777
174.98721184239545
170.15812633196563
165.35363966758953
160.57375410887
155.8184712521115
151.08779203031096
146.38171671315075
141.7002449070163
137.0433755549758
132.41110693679826
127.80343666894562
123.2203617045644
118.66187833350581
114.1279821823025
109.61866821418766
105.13393072908887
100.67376336361747
96.23815909108903
91.8271102215003
87.44060840155183
83.07868540809307
78.741706315063
74.42976122407765
70.14296477383549
65.88156454828805
61.64594107663232
57.43660783330391
53.2542112379935
49.09953065562789
44.97347839638691
40.87709971569532
36.811572814217485
32.77882692443818
28.781361574530504
24.822620902449888
20.909225917866987
17.051011463946736
13.261487785156138
9.56766384168874
6.031477942296811
2.8182296795180983
0.538877357517176
0.029783998883640056
0.01321269780055589
0.013612636066217026
0.014422643365601014
0.01531098875702668
0.01627919240275135
0.017337036906275236
0.01849557875404823
0.01976774851319223
0.02116891103385983
0.02271674812958102
0.024432235683508014
0.02634042732988075
0.028470883866222593
0.03085899261450555
0.03354812803461887
0.03659065951095343
0.04005103195840588
0.044009320904730025
0.04856581095256826
0.053846322458279604
0.060013781286671196
0.06727944675102343
0.07592086128702667
0.08631005530087227
0.09895849253890841
0.11457800290480398
0.13419283668893503
0.1593099193171061
0.19224802236808736
0.23670175742787475
0.2988725274625726
0.38978450181509167
0.5304947500430303
0.7644655193449742
1.1889386113486875
2.0292054007041416
3.785084734145286
7.304172108581863
13.39260267780624
22.15430785467588
32.567715933232684
43.40258604291271
54.19589570765033
64.91989956963036
75.57742502166667
86.17152355397691
96.70379997235028
107.17548251921816
117.58740548454539
127.9400182720056
138.2335852633882
148.46828249899613
158.64410099357312
168.76084434293594
178.81812872393454
188.81538289449747
198.7518481935916
208.62657854124038
218.43836955247193
228.18426366609768
237.86540617359225
247.48229727448262
257.03230999240213
266.5096901751066
275.90555649443615
285.20790044635856
294.40158635093206
303.4683513523208
312.3868054188107
321.1324313427735
329.6775847407068
338.18232585687286
346.67364125095816
354.2373557411279
360.1583214834079
363.9801479105053
365.5052017317827
364.7946069332742
362.16824477767835
358.22889186529756
353.6601488709678
348.6747449678255
343.41012023692457
337.97922154532694
332.470502546124
326.9479236784125
321.45095216731534
315.99456202397334
310.56923404553504
305.1422330927875
299.71691845330776
294.30948304724694
288.9213469871453
283.55374537769643
278.2077283157688
272.88416089038094
267.5837231827235
262.306910266149
257.05403220616404
251.82521406044935
246.62062659673725
241.44061870390368
236.28519511056447
231.1543530683343
226.0480905924034
220.96640646151423
215.90930021798178
210.87677216768486
205.86882338005753
200.88545568810918
195.92667168840177
190.99247474106906
186.0828689698096
181.19785926187652
176.33745126809836
171.50165140285628
166.69046684410378
161.90390553335826
157.14197617569204
152.4046882397531
147.6920519577418
143.00407832543092
138.34077284281437
133.70169864481602
129.08653605403515
124.49524897539882
119.92783917303429
115.38434627026135
110.86484774958434
106.36945895271053
101.89833308052926
97.45166119313019
93.0296722097951
88.63263290899081
84.26084792838688
79.91465976483488
75.59444877438659
71.3006331722864
67.03366903296312
62.794050290048425
58.58230873635695
54.39901402390187
50.24477366389027
46.12023302671311
42.02607534196421
37.963021698420896
33.93183104405837
29.933300186046072
25.968263790736927
22.042053290380267
18.16527544333376
14.3514980219033
10.627502033914972
7.037166699150316
3.697552516695859
1.029541723623575
0.06456920770586266
0.013764289818688458
0.013411655188148746
0.014188241390329082
0.015055507086292752
0.01600041913926904
0.01703223762813704
0.018161393599357985
0.019400617632201297
0.02076444134391446
0.02227020370987688
0.02393759021766928
0.0257908935835042
0.02785815506940258
0.03017338093961447
0.032777547987390514
0.03572006683759117
0.03906215221897401
0.04287857059367369
0.04726388895629658
0.052335585074564935
0.0582446561153423
0.06518695012878584
0.07341707855382332
0.08327714625299064
0.09522990301799812
0.10991892085052665
0.12826005000541912
0.15159209752770597
0.1819479450350625
0.22253123233780464
0.27864452679858287
0.35956214316070506
0.4826166859020818
0.6827676317050765
1.0364477855820808
1.7200846738215272
3.1362033981360953
6.04429784957457
11.333821189308999
19.3620456307627
29.448726055466953
40.25343587622042
51.07074017980158
61.8140135963034
72.49040014805016
83.10264636581861
93.65277723214201
104.14200896492699
114.57115584064279
124.9408267238819
135.25142506737856
145.50314891202538
155.69599088683364
165.82959953850073
175.9034178558982
185.91757160614125
195.87176633789394
205.76519462996123
215.59653609133426
225.36395736115122
235.0651121087137
244.69714103350398
254.2566718651457
263.73981936344734
273.14218531836684
282.43528949346563
291.486641278748
300.4225381676162
309.3509443899761
318.298630799131
327.211174871797
335.95296070811855
344.3071790316326
351.97582718930875
358.5797091515139
363.65843551203193
366.4831024000649
366.4444786996365
364.2748916094597
360.66344652167356
356.1573103289126
351.16171142429505
345.93993970144135
340.61334655445324
335.1956857857659
329.74526959726813
324.28011011967294
318.81073490066865
313.3457835218679
307.89200759882897
302.4542707810468
297.03554875194385
291.6369292288907
286.2579656989156
280.90038757332337
275.5651768373498
270.25277334874374
264.96357317766075
259.6979286066387
254.4561481306188
249.23849645693682
244.0451945053137
238.87641940787702
233.73230450913664
228.61293936600597
223.51836974779266
218.44859763619002
213.4035812252968
208.383234921596
203.3874520615432
198.41622244073585
193.46955822442146
188.54746905015026
183.64996345257558
178.7770488634734
173.92873161173387
169.1050169233531
164.3059089214525
159.53141062625687
154.78152395511327
150.0562497224831
145.35558763993416
140.67953631615856
136.02809325695281
131.40125486523516
126.79901644103795
122.22137218150033
117.66831518088637
113.1398374305632
108.63592981902053
104.15658213186228
99.70178305179837
95.27152015866372
90.8657799293972
86.48454819785475
82.12806559024635
77.79653117142551
73.49001596252415
69.20870704619824
64.95290756664474
60.72303672959436
56.51962980230429
52.34333811357531
48.194929053731954
44.075286074640104
39.98540868969892
35.9267012324621
31.901327482333798
27.911711201834528
23.962513101488003
20.06076701959347
16.215901647065767
12.44389928928464
8.775199273747425
5.291679416987436
2.2010818896988837
0.29677340502871435
0.01983447044890159
0.013164434848436123
0.013781637565368956
0.014610483010382173
0.015515601700276452
0.016502545707097017
0.017581379255404452
0.01876355292031189
0.020062512594466647
0.02149416843260609
0.023076801611268957
0.024832183558988443
0.02678618605364272
0.028969442755524256
0.03141953640082215
0.034181170952640484
0.037309267289194196
0.04087115358300777
0.04495082168049309
0.04965365299324719
0.05511318484033587
0.061500749594201806
0.06904002262525033
0.07802803381410266
0.08886206499687939
0.10209051053417623
0.11848196738029927
0.13914843103159788
0.1657431013227286
0.20082004925283767
0.2485002554906161
0.3157754730254661
0.4152639777690115
0.5714803441399753
0.8360086958197106
1.3252851104719883
2.310367994130795
4.366378574856967
8.401449457874923
15.096200285495565
24.322861265827747
34.92815535522213
45.77435660784993
56.55088096519007
67.2598292381405
77.9032805710926
88.48374118862321
99.00278780875088
109.46136646646067
119.86019888847267
130.19979750051738
140.4804654273831
150.70229649287452
160.8651671633107
170.96842090424644
181.01200860105553
190.9958716544564
200.91944513760464
210.7816577961106
220.58093204805553
230.31518398395275
239.98182336679224
249.57775363200213
259.09937188746386
268.5425689135309
277.9027289031246
287.07077842313095
296.06620567039977
305.0184271951049
313.980487401441
322.92905854758754
331.76444074575005
340.3105619621241
348.3149780169112
355.44887258433215
361.3070571925965
365.3806370530625
366.65519035246683
365.45171271543387
362.5060026115542
358.4171799988546
353.64768632378684
348.52328452124146
343.2330590145423
337.8419167226861
332.4052702801966
326.94630118919264
321.4772475372928
316.008283490578
310.54751929358224
305.1010012693145
299.6727118192336
294.2645694232701
288.87642863981654
283.50814345732783
278.16195623429576
272.83836813908835
267.53780076048054
262.2606307054555
257.00718959919567
251.7777640851035
246.57259582477803
241.39188149803493
236.2357728028986
231.10437645559225
225.99775419055968
220.91592276044074
215.85885393609234
210.8264745065793
205.81867760042775
200.83543029010238
195.87674583633284
190.94263591344318
186.0331108622878
181.14817969024318
176.28785007122747
171.4521283456779
166.6410195205708
161.85452726941267
157.09265393223237
152.35540051559994
147.64276669260528
142.95475080287633
138.29134985257195
133.65255951437368
129.03837412750335
124.44878669770284
119.88378889725294
115.34337106496424
110.82752220617043
106.33622999274552
101.86948076308434
97.42725952211825
93.00954994131149
88.61633435864985
84.24773456982743
79.904033175535
75.58528494969188
71.29164179821038
67.02336377340414
62.78081907400495
58.564484045143786
54.37494317836725
50.212889111630716
46.079122629290396
41.97455266212186
37.90033393242986
33.85843910170794
29.850852898667892
25.881328995768257
21.95566028555421
18.08167888063948
14.271482028610118
10.5459281564735
6.959196708555421
3.630093626964282
0.9852350438445614
0.060624082857619874
0.01368809252092446
0.013418020422150635
0.014196949410859536
0.01506496124893541
0.016010911849978368
0.017043539620178925
0.018173847906911848
0.0194141368804389
0.020778931357104412
0.022285606951400683
0.023953731869229753
0.025807363378645122
0.027874820971567803
0.030189844548820434
0.03279346952918058
0.03573535570288616
0.03907642196821084
0.042892174424464816
0.04727644728641318
0.05234855291718955
0.05825960111732041
0.06520554429498822
0.07344554865757265
0.08332196030815844
0.09530320216867422
0.11003911604324915
0.1284556137540726
0.15190915070690417
0.18245699044201238
0.2233438963435037
0.279935800077767
0.3616128991728681
0.4859523809821099
0.6884308397599933
1.0468868762560857
1.741114667953548
3.180411781446833
6.132238202411613
11.48132807088182
19.56607708907786
29.683194967152236
40.49181351797186
51.307587368489656
62.04936262795497
72.7243426786976
83.33523881156651
93.8840518123526
104.372001058334
114.79988872980378
125.16831536049334
135.4776798375901
145.72817940175543
155.91980964708375
166.05224389837426
176.12483759307236
186.13774635144992
196.0907350077841
205.9830316733278
215.8133277363552
225.5797778621222
235.27999999288326
244.9110753479083
254.46954842344337
263.951426992755
273.3521821060924
282.66002669166033
291.7030116213626
300.5755035388716
309.42956542554117
318.32345231692847
327.2216113028088
335.9946815271913
344.4194941882833
352.17907253853014
358.8626318845809
363.9655795873055
366.8085825409007
366.78664723736796
364.5673994528293
360.85014572718507
356.2020371622207
351.05806942159506
345.72108273085996
340.36176187743706
335.01863621063933
329.6052048774989
324.13948545060987
318.6724082208742
313.21038245128733
307.75874040821253
302.321737361372
296.9025515838371
291.5032843520502
286.12495994580047
280.76781252255665
275.43310872460734
270.1213932765127
264.83298485227647
259.5681715704325
254.32721099406632
249.11033013080532
243.91772543281078
238.74956279679773
233.60597756401208
228.48707452025064
223.3929278958528
218.32358136569124
213.27904804919282
208.25931051031498
203.2643207575667
198.29400024399828
193.3482398671949
188.42696465368988
183.53035606740383
178.65841093203417
173.8110985192078
168.9883917321044
164.19026710547553
159.41670480562277
154.66768863041682
149.94320600928938
145.2432480032249
140.56780930477944
135.9168882380598
131.29048675874103
126.68861045405949
122.11126854280471
117.55847387533723
113.0302429335688
108.52659583097903
104.04755631260916
99.59315175505328
95.16341316647653
90.75837518659611
86.3780760866955
82.02255776962144
77.69186576977204
73.38605807689395
69.10556113321184
64.85066580706965
60.6216302860231
56.418902281299445
52.24311902781455
48.09510728415307
43.97588333258616
39.88665297906307
35.828811553205206
31.80433216179377
27.81604241450064
23.867989153451127
19.967171169483063
16.123598598725923
12.353640837865454
8.689597523727125
5.21038435969298
2.135052316646386
0.2763501903541399
0.01916030437819177
0.013168256809325485
0.013800448306686176
0.014631384456001885
0.01553834618364977
0.01652734384680845
0.017608461071666113
0.018793315446312162
0.020095359890005778
0.021530395026308862
0.02311716858717083
0.024877088083358406
0.026836389855309725
0.029026013560949818
0.03148314344994249
0.034252865693354784
0.037390694612400036
0.0409640624990618
0.04505731858851041
0.049776584400823554
0.05525585142261723
0.061668142058525374
0.06923863744290341
0.07826555713429546
0.08914994638999382
0.10244453920282545
0.11892514931997002
0.13971271198423849
0.1664788817584
0.20180565751539023
0.2498594601824443
0.3177318524306578
0.4182311012585543
0.5762952459835183
0.8444228135282213
1.341721122042544
2.3442885787723218
4.441236211917787
8.526999607388117
15.29205477799846
24.577758264275506
35.21790864571647
46.102034071670026
56.85926287009764
67.56630172896699
78.20792968349268
88.78666108302208
99.30401842466844
109.76091317492177
120.15805397674225
130.4959499993484
140.7749109382644
150.9950470152785
161.15626897846144
171.25820589422835
181.29972183715444
191.28113205549448
201.20253148509462
211.0632628412202
220.86191661857262
230.59633109125028
240.26359231279264
249.86003411614257
259.3812381136608
268.8220336971454
278.1764980377901
287.43795608623145
296.59898057250797
305.5239293304865
314.2378846023312
322.89105182252996
331.50295840836037
339.96241851824414
348.02753305176225
355.3256896496687
361.3535626938591
365.47711330740316
366.8257352452154
365.57718078468724
362.51329865947514
358.2754185871306
353.3642004156616
348.13963412354747
342.82103981973233
337.48706774361557
332.0814290042121
326.6209153864368
321.154083343022
315.6888787616273
310.2318269604437
304.78803268821576
299.3611801242163
293.9535328782685
288.56593399073637
283.19898687109696
277.85409103690466
272.53177346962093
267.2324987357066
261.9566743111988
256.70465058170214
251.4767208424096
246.2731212980785
241.0940310630518
235.93957216124866
230.80980952615568
225.70475100084766
220.62434733796422
