0.5
10.851106148447796
20.623674967742165
30.254822170010662
39.79677773727359
49.2676863759115
58.67620134846814
68.02709679519619
77.32351049200234
86.5675025716357
95.76053994947931
104.90377434028952
113.99816391178491
123.04447328464583
132.04331908976812
140.99526534340743
149.9007789613495
158.76029848531223
167.57423630921608
176.34297867918363
185.0668856935399
193.7462913028129
202.38150330973153
210.97280969818812
219.52051497931905
228.02489235541418
236.48620506608103
244.90471240557528
253.2806697228005
261.6143284213082
269.90593595929835
278.15573584961845
286.36396765976417
294.5308670118792
302.65666558275603
310.74159110383357
318.78586736119985
326.7897141955918
334.75334750239136
342.6769792316329
350.56082012845684
358.4050921235494
366.2100039069471
373.97576046642354
381.7025655745225
389.3906217885575
397.04013045061225
404.65129168754015
412.22430441096463
419.75936631727905
427.25667388764646
434.7164223880002
442.1388058690434
449.5240171662487
456.87224789985953
464.18368847488784
471.45852808111766
478.6969546931007
485.89915507016
493.06531475638786
500.19561808064697
507.29024815656925
514.3493868825569
521.3732149417833
528.3619118021892
535.3156557164873
542.2346237221592
549.1189916414562
555.9689340814028
562.7846244337874
569.5662348751722
576.3139363668907
583.0279014550795
589.708309750708
596.3553300837335
602.9691294030098
609.5498739036262
616.0977290269076
622.6128594604139
629.0954291379405
635.5456012395179
641.963538191412
648.3494016661241
654.7033525823908
661.0255511051838
667.3161566457104
673.5753278614129
679.8032226559689
685.9999981792922
692.1658108275304
698.3008162430674
704.4051693145223
710.4790241767494
716.5225342108384
722.5358520441138
728.5191295501363
734.4725178487013
740.3961673058394
746.2902275338172
752.1548473911358
757.9901749825319
763.796357658978
769.573542017681
775.3218739020842
781.0414984018648
786.7325598529362
792.3952018374471
798.0295671837824
803.6357979665603
809.2140355066347
814.7644203710976
820.2870923732721
825.782190572719
831.2498532752354
836.6902180328509
842.1034216438318
847.4896001526811
852.8488888501349
858.1814222731651
863.4873342049798
868.7667576750225
874.0198249589707
879.2466675787375
884.4474163024734
889.6222011445615
894.7711513656196
899.8943954725053
904.9920612183091
910.0642756023502
915.1111648701965
920.1328545136422
925.129469270716
930.1011369283283
935.0479855485682
939.9701390349795
944.8677207095714
949.7408533132854
954.5896590059956
959.4142593665091
964.2147753925649
968.9913275008353
973.7440355269246
978.4730187253701
983.1783957696418
987.8602847521416
992.5188031842047
997.1540679960985
1001.7661955370231
1006.3553015751118
1010.9215012974291
1015.4649093099733
1019.9856396376748
1024.483805724397
1028.9595204329353
1033.4128960450178
1037.8440442613057
1042.253076201393
1046.6401024038046
1051.0052328259997
1055.3485768443702
1059.670243254239
1063.9703402698628
1068.2489755244314
1072.5062560700658
1076.7422883778183
1080.9571783376791
1085.1510314075783
1089.3239533458918
1093.4760487943893
1097.6074217478363
1101.7181756982466
1105.8084136348803
1109.8782380442447
1113.9277509100948
1117.9570537134318
1121.9662474325053
1125.9554325428107
1129.924709017091
1133.8741763253367
1137.803933434785
1141.7140788099205
1145.6047104124746
1149.475925701426
1153.3278216330004
1157.1604946606715
1160.974040735158
1164.7685553376532
1168.5441336060107
1172.3008701102153
1176.0388589390298
1179.7581937178481
1183.4589676086937
1187.1412733102204
1190.8052030577126
1194.4508486230843
1198.0783013148803
1201.6876519782752
1205.2789909950739
1209.1327705209549
1211.4332099273822
1209.7100533514993
1204.160220092942
1196.4340830817266
1187.7006860039223
1178.552421489334
1169.192772268551
1159.732653709153
1150.2398685450494
1140.7394361534864
1131.241487372909
1121.7595754746467
1112.301124928884
1102.871832035311
1093.4756649231217
1084.1149225952172
1074.7916237061454
1065.5070968556427
1056.262222896303
1047.0577686801469
1037.8943870586227
1028.7726168826048
1019.692883002395
1010.6554962677228
1001.6606535277432
992.7084376310407
983.7988174256241
974.9316959474921
966.1071731360664
957.3251993278203
948.5856836234133
939.8885286066527
931.2336303444955
922.6208783870477
914.0501557675634
905.5213390024467
897.0342980912493
888.5888965166733
880.1849912445691
871.8224327239355
863.5010648869206
855.2207251488222
846.9812444080854
838.7824470463056
830.6241509282277
822.5061674017433
814.4283272177839
806.3904760918184
798.392431470898
790.4340110460221
782.5150329148115
774.6353155815074
766.7946779569717
758.9929393586877
751.2299195107585
743.5054385439084
735.819316995482
728.1713758094456
720.561436336385
712.9893203335077
705.4548499646413
697.9578478002339
690.4981368173552
683.0755403996956
675.6898823375649
668.3409868278951
661.0286784742378
653.7527822867664
646.5131236822747
639.3095284841763
632.141822922506
625.0098336339208
617.9133876616958
610.8523124557291
603.8264358725373
596.8355861752598
589.8795920336576
582.9582825241079
576.0714871296123
569.2190400701245
562.4007811469811
555.6165431692916
548.8661595753466
542.1494646640293
535.4662935948155
528.816482387775
522.1998679235694
515.6162879434546
509.0655810492792
502.5475867034841
496.06214522910454
489.60909780976743
483.18828648969395
476.799554173698
470.4427446271858
464.1177024761578
457.82427320720626
451.5623031675177
445.3316395648712
439.1321304676386
432.96362480478507
426.82597236586906
420.71902380104166
414.64263062104703
408.59664519722315
402.5809207615001
396.59531140640144
390.6396720850437
384.7138586111369
378.8177276589828
372.9511367634785
367.1139443201121
361.30600958496535
355.5271926747137
349.7773545666244
344.05635709855954
338.364062968972
332.70033573691006
327.0650398220142
321.45804050451585
315.8792039252429
310.3283970856152
304.80548784764363
299.3103449339353
293.8428379276891
288.4028372726948
282.9902142733378
277.6048410945961
272.2465907620419
266.9153371618363
261.6109550407388
256.3333200060993
251.08230852585825
245.85779792855504
240.6596664033183
235.4877929998653
230.34205762852116
225.22234106018536
220.1285249263635
215.06049171914947
210.0181474185241
205.0014157963031
200.01017301119924
195.04429884827485
190.10367823877866
185.18820126014464
180.29776313599385
175.43226423613316
170.59161007655575
165.7757113194412
160.98448377315412
156.21784839224668
151.4757312774562
146.758063675707
142.06478198010913
137.39582772995846
132.7511476107373
128.1306934541144
123.53442223794463
118.96229608626899
114.41428226931376
109.89035320349294
105.3904864514057
100.91466472183676
96.46287586975883
92.03511289633009
87.63137394889216
83.25177318854931
78.89652873025175
74.56564961288487
70.2592529268802
65.97757535997246
61.72097319719832
57.489922320896795
53.28501821070923
49.10697594357879
44.95663019375091
40.834935232774036
36.742989497755126
32.68293319547213
28.65698536007897
24.66914394383865
20.726027463784998
16.83687500172292
13.016312195978802
9.291108464298162
5.735358731944228
2.530120660175722
0.38987631289036884
0.01068444550304411
0.0004589744892320359
0.00026857941968044086
0.0002634940370234084
0.00026181412172787417
0.00026021493831598875
0.00025863733079898384
0.0002570865235278117
0.00025553695980172817
0.00025402476907901466
0.00025276244360155806
0.00025216497846057226
0.00025257541898584895
0.00025420257471733685
0.00025691145078777134
0.0002603693109375879
0.00026425217161302433
0.0002683984375836217
0.00027271780697682446
0.00027717016532530545
0.00028175380775033655
0.00028645288523120103
0.00029126030232461657
0.0002961837977862714
0.00030121971102158544
0.00030636320803091154
0.00031162548198790006
0.0003169978845962826
0.0003224913653009221
0.00032809980693969225
0.000333843199530443
0.00033968665061834556
0.00034568549812907177
0.00035180003283717486
0.00035805615536113876
0.0003644477851441423
0.0003709764466998504
0.0003776479996050686
0.000384481331880387
0.0003914613534052485
0.0003986006140947793
0.00040589013360087397
0.00041335047380026204
0.0004209832456564855
0.0004287863163954618
0.00043677407549862386
0.00044494758674970634
0.00045330689291810735
0.00046186607111569597
0.00047060647090939236
0.0004795789730169999
0.0004887539019789914
0.0004981447760223772
0.0005077649295782694
0.0005176215132078987
0.0005277074292603663
0.0005380456369187064
0.0005486270612908238
0.0005594805200794268
0.0005705940221011969
0.0005819922442559927
0.0005936684180447148
0.0006056525296655411
0.0006179289717707742
0.0006305149305566339
0.00064343388329015
0.0006566980907445383
0.0006702865823692071
0.0006842351070915515
0.0006985616445462102
0.0007132516164563861
0.0007283437657290096
0.0007438483614245395
0.0007597605951225545
0.0007761112356312995
0.0007929033418000467
0.0008101665618022743
0.0008279067919057779
0.0008461550808018292
0.0008648999373786452
0.0008841915930634095
0.0009040168425068699
0.0009244297621711829
0.000945423181980998
0.0009670424637968415
0.000989300429288957
0.0010122052536842027
0.0010357873179337145
0.0010601072748924964
0.0010851460048960542
0.0011109579284576442
0.001137572012491866
0.001164966079626412
0.0011932917075238557
0.0012224947612485876
0.0012526073054608645
0.0012837064529868725
0.0013157986494942025
0.0013489442526377119
0.0013831917000167477
0.0014186215307521776
0.0014551578883287535
0.0014929684215855053
0.0015320854910640211
0.0015725199763183659
0.0016143901111902999
0.0016577403498048984
0.0017026205281871032
0.0017491177605089526
0.0017972975115950714
0.0018472229802259774
0.0018989985447632125
0.0019527421721003057
0.002008480567377936
0.00206635077810466
0.0021264686595813026
0.0021889117646396892
0.0022538247801042466
0.0023213170070775523
0.002391517684940983
0.0024645934498792104
0.0025406605265609864
0.002619921932304838
0.0027025346316250035
0.002788655141372575
0.002878502371394276
0.0029722904456641933
0.003070240740595308
0.0031725836840551694
0.003279582974887376
0.003391516045096371
0.0035086783734641393
0.0036313750554854813
0.0037599805706303533
0.003894863196526592
0.004036373691612637
0.004184998864444224
0.004341190159478127
0.004505434754347765
0.004678308005398347
0.004860413541313364
0.005052345009519915
0.005254831591270789
0.005468683296341901
0.005694661119948813
0.005933702303491172
0.006186915049077576
0.006455200107411453
0.006739966878271271
0.007042366116780052
0.007363987328814747
0.007706407908638492
0.008071381111320351
0.008460978714483269
0.008877333748351174
0.00932289784031671
0.009800504971741274
0.010313046959921046
0.010864174536538285
0.011457731177310986
0.012097972617833795
0.012789992927070356
0.01353925157562363
0.014352296042232463
0.015236523868172027
0.01619995444650749
0.017252794840777724
0.01840589949574877
0.019672360645651324
0.02106734148568897
0.02260851612226698
0.024317026791972726
0.026217791824860413
0.028340553488848994
0.030720530199921908
0.03340125559558795
0.036435169627796166
0.03988727831934774
0.04383729736758893
0.04838586184166524
0.05366103497614871
0.0598252682621078
0.06709223862234165
0.07574114217176287
0.08615032646795771
0.0988358458767429
0.11452045141533891
0.13424625925777553
0.15955508134955868
0.19281813867248285
0.23783573120399662
0.30101375975875844
0.39382759268418477
0.5383524057496516
0.7806252087057167
1.2242956931953217
2.112483106009919
3.9791747194200973
7.708910753279541
14.074597221125423
23.078328383190872
33.64571774712587
44.530047222058705
55.356576146796854
66.1170434786531
76.81425112837401
87.45110395929673
98.029333523239
108.55037864503657
119.01544184213556
129.4254893245924
139.78125099507602
150.0832462193048
160.3320408751628
170.52814114156027
180.67199610192114
190.76402421274426
200.80461393946334
210.7941412380274
220.73294911395362
230.62136308225715
240.4597018074612
250.24827710359284
259.9873939341858
269.6773504122796
279.31843780041936
288.91094051065795
298.4551361045515
307.9512952931649
317.3996819370658
326.80055310007225
336.15417384788054
345.46080491186154
354.72069501836086
363.9340911707469
373.10123864941016
382.2223810117662
391.2977600922511
400.3276160023249
409.31218713047014
418.25171014219177
427.1464199800195
435.99654986350396
444.80233128921884
453.56399403076165
462.28176613875104
470.95587394083174
479.58654204166794
488.17399332294804
496.7184489433834
505.2201283387082
513.6792492216784
522.0960275820755
530.4706776867017
538.8034120793818
547.0944415809643
555.3439753870821
563.5522292903261
571.7194153686386
579.8457395343498
587.9314066773236
595.9766206649657
603.9815843422139
611.946499531547
619.8715670329807
627.7569866240644
635.602957059889
643.4096760730782
651.1773403737961
658.9061456497438
666.5962865661561
674.2479567658097
681.8613488690137
689.4366544736173
696.9740641550075
704.4737674661046
711.9359529373701
719.3608080767995
726.7485193699272
734.0992722798256
741.4132512471002
748.6906396898981
755.9316200039005
763.1363735623273
770.3050807159359
777.4379207930183
784.5350720994059
791.5967119184666
798.6230165111044
805.6141611157622
812.5703199484186
819.491666202591
826.3783720493301
833.2306086372294
840.0485460924148
846.8323535185488
853.5821989968357
860.2982495860132
866.9806713223588
873.6296292196824
880.2452872693377
886.8278084402107
893.3773546787207
899.8940869088347
906.3781650320497
912.8297479274007
919.2489933432413
925.6360426640161
931.9910467677194
938.3141685832127
944.6055693040653
950.8654083885605
957.0938435596879
963.2910308051509
969.4571243773624
975.5922767934436
981.6966388352292
987.770359549261
993.8135862467933
999.8264645037913
1005.8091381609275
1011.7617493235884
1017.6844383618674
1023.5773439105707
1029.4406028692147
1035.274350402024
1041.078719937937
1046.8538431705977
1052.5998500583653
1058.316868824307
1064.0050259561988
1069.6644462065315
1075.2952525925004
1080.8975663960166
1086.4715071636988
1092.017192706875
1097.534739101587
1103.024260688583
1108.4858700733237
1113.9196781259814
1119.3257939814343
1124.7043250392767
1130.0553769638082
1135.3790536840415
1140.6754573937014
1145.9446885512164
1151.1868458797321
1156.402026367102
1161.5903252658877
1166.7518360933657
1171.8866506315203
1176.9948589270443
1182.0765492913415
1187.1318083005317
1192.160720795439
1197.163366550688
1202.1394987098593
1207.0891478752555
1212.0125833413476
1216.9100104174079
1221.7815704275079
1226.6273407105225
1231.4473346201255
1236.2415015247936
1241.009726807805
1245.7518318672362
1250.4675741159688
1255.1566469816814
1259.8186799068567
1264.4532383487783
1269.059823779529
1273.6378736859954
1278.1867615698623
1282.7057969476182
1287.1942253505513
1291.651228324751
1296.0759234311095
1300.4673642453174
1304.8245403578676
1309.1463773740568
1313.4317369139767
1317.679416612528
1321.8881501194044
1326.1991793610548
1331.3707945279943
1337.1340729106173
1343.0729362122008
1348.8172113026615
1354.0426302185613
1358.4708301631053
1361.8693535061398
1364.0516477841556
1364.8770657002854
1364.2508651243063
1362.1242090926369
1358.4941658083403
1353.4037086411204
1346.941716127327
1339.24297196995
1330.4881650386249
1320.9038893696281
1310.762644165879
1300.382833796944
1290.1276069937765
1280.0139433102113
1269.8765401994042
1259.7344228665838
1249.6033362175278
1239.4957448585537
1229.4208330965216
1219.384504938841
1209.3893840934581
1199.4348139688698
1189.5212871604954
1179.6515393665875
1169.8259417422012
1160.0448277284456
1150.3084930524951
1140.617195727579
1130.9711560529865
1121.370556614071
1111.8155422822394
1102.3062202149633
1092.842659855771
1083.4248929342496
1074.0529134660492
1064.726677752876
1055.446104382499
1046.2110742287443
1037.0214304514975
1027.8769784967053
1018.7774860963742
1009.722683268567
1000.7122880143577
991.7462693726769
982.8244923779914
973.9467648126039
965.112894444682
956.32268902825
947.5759563031917
938.872503995255
930.2121398160424
921.5946714630219
913.0199066195171
904.4876529547117
895.997718123654
887.5499097672456
879.1440355122546
870.779902971305
862.45731974288
854.1760934113278
845.9360315468497
837.7369417055144
829.5786314292443
821.4609082458244
813.3835796688999
805.3464531979758
797.3493363184169
789.3920365014478
781.4743612041534
773.5961178694779
765.7571139262266
757.9571567890644
750.1960538585141
742.4736125209618
734.7896401486524
727.1439478427037
719.5363580808363
711.9666857364006
704.4347456660881
696.9403535583181
689.4833259332286
682.063480142686
674.6806343702772
667.3346076313128
660.0252197728304
652.7522914735871
645.5156442440679
638.3151004264786
631.1504831947483
624.0216165545338
616.9283253432105
609.8704352298826
602.847772715374
595.8601651322335
588.9074406447359
581.9894282488756
575.1059577723754
568.2568598746789
561.4419660469523
554.6611086120901
547.9141207247048
541.2008363711391
534.5210903694538
527.8747183694345
521.2615568525952
514.6814431321665
508.1342153531093
501.6197124921039
495.13777435755577
488.6882415895948
482.2709556600735
475.88575887256906
469.5324943623823
463.21100609653587
456.92113887378
450.6627383245846
444.4356509111471
438.2397239273853
432.0748054989424
425.9407445831861
419.8373909692043
413.7645952778165
407.7222089615561
401.71008430468646
395.7280744231931
389.77603326478385
383.8538156088945
377.9612770666818
372.09827408102205
366.2646639265248
360.4603047095159
354.68505536804753
348.93877567189713
343.2213262225579
337.53256845325893
331.87236462894515
326.2405827862967
320.63709431170923
315.0617604420975
309.5144436542625
303.99500795895364
298.503318900876
293.0392435586841
287.6026505449848
282.19341000633904
276.811393623257
271.45647461020394
266.128527715595
260.82742922179693
255.55305694513163
250.30529023586942
245.0840099782358
239.88909859040646
234.7204400245089
229.5779197666247
224.46142483678477
219.3708437889755
214.3060667111325
209.2669852251437
204.25349248685094
199.26548318604623
194.30285354647566
189.3655013258351
184.45332581577335
179.56622784189287
174.7041097637459
169.86687547483803
165.0544304026258
160.26668150851924
155.50353728788073
150.76490777002218
146.05070451821118
141.3608406296647
136.69526663012465
132.0539934878071
127.43691611903941
122.84394242450149
118.27500308686693
113.730051570805
109.20906412298241
104.71203977205909
100.23900032869312
95.78999038553602
91.3650773172355
86.96435128043613
82.58792521377636
78.23593483789229
73.90853865541321
69.60591795096558
65.32827679117142
61.075842024648125
56.848863282009646
52.647929967914195
48.47380771925012
44.32686080897978
40.20816710472586
36.11955082582697
32.063582543333666
28.043579180009946
24.063604010335474
20.128504005693916
16.247783590799827
12.437969394803448
8.735475034789566
5.2212334348633425
2.0906916538353197
0.24188189946262068
0.005789425864924992
0.00031043824309944906
0.00021271503268174274
0.00021402165343041633
0.0002173020053728353
0.00022072873187380646
0.00022423304282258763
0.00022778055596664557
0.00023144179894589258
0.00023516508125341748
0.00023897619493342662
0.00024288308403659783
0.0002468530543715127
0.0002509109222665652
0.00025505811950659295
0.00025928444170001145
0.00026360241684168865
0.000268006601421371
0.0002725029113127752
0.0002771042078932103
0.00028175831725706015
0.0002865593190654605
0.0002914371032732654
0.0002964248765972503
0.0003015066712945404
0.0003067037089082367
0.00031200745223242387
0.000317418641277095
0.00032294297743072273
0.0003285962136614361
0.00033436735242897545
0.000340256620709976
0.0003462776803628369
0.00035242100279828163
0.0003587093597401923
0.00036511851924224924
0.0003716938448650447
0.0003783933187039975
0.0003852484631280053
0.00039225327280132175
0.00039941687394487213
0.00040674546879847554
0.0004142293584502935
0.0004218971283852173
0.00042973101595600923
0.00043774748346266486
0.00044595302477463917
0.00045433692059722595
0.0004629259669583144
0.000471718924613072
0.00048071751761788136
0.0004899203161604247
0.0004993485272209525
0.000509006322323301
0.0005188915952536711
0.0005290164905490962
0.0005393898351001941
0.0005500194719986495
0.000560906079008596
0.0005720711611867453
0.0005834978635936075
0.0005952280559184481
0.0006072527696447836
0.0006195760699926509
0.0006322209918330629
0.0006451870414436926
0.0006584896519750465
0.0006721357108498033
0.0006861381481385645
0.0007005264146714093
0.0007152759086470748
0.0007304192565142565
0.0007459828283396898
0.0007619588294953492
0.0007783792698170806
0.0007952409953601905
0.000812574204276334
0.000830388992872908
0.000848701444814701
0.0008675336500453825
0.0008868936258411838
0.00090681268321434
0.0009273055161648231
0.0009484024413082165
0.0009701054075469905
0.0009924495212976067
0.0010154603352831926
0.0010391574109465912
0.0010635693023821734
0.001088724991895918
0.0011146462881715783
0.0011413807782960838
0.0011689445693536537
0.0011973653482095499
0.0012266980352195992
0.001256955624970353
0.0012881922346321883
0.0013204469684581278
0.0013537544377105527
0.0013881636351871125
0.0014237199178534262
0.0014604707938887895
0.0014984780544460925
0.001537793523764721
0.0015784506039215745
0.0016205275580441544
0.0016640957937421133
0.0017092214285253755
0.0017559476422814337
0.0018043764981867073
0.0018545966003032798
0.0019066561111793449
0.001960680459446497
0.002016727558659533
0.002074892392761415
0.0021353746712096033
0.0021981723624125774
0.0022634529863609426
0.00233134621827573
0.0024019713916317567
0.0024754782210174757
0.0025520124638805522
0.002631772849000457
0.0027148702449192627
0.002801550301067863
0.0028919815072344568
0.0029863650303627747
0.0030849381690904285
0.0031879611534381125
0.0032956697285918646
0.0034083954282119727
0.0035263575227352964
0.0036499097711767455
0.0037794324110544354
0.003915256685262275
0.004057832740462105
0.00420756247273495
0.0043649328052599795
0.004530429581058857
0.004704619943128999
0.004888148853934557
0.005081650353910431
0.005285788772700111
0.00550139719927458
0.00572930445086879
0.005970386086390059
0.006225838217211623
0.006496429651865007
0.006783845705656445
0.007089093566746164
0.0074137870342290135
0.007759451360611063
0.008128054465241794
0.008521488300319393
0.008942144040011884
0.009392357728972477
0.00987500622686459
0.010393230611268041
0.01095049831282121
0.011550704912907184
0.012198525246859182
0.012898731597389234
0.013657204177342602
0.014480467797755516
0.015375987042477446
0.016352458188054992
0.017419591270859326
0.0185889387137764
0.019873716371581314
0.02128974722469856
0.022854901931570488
0.02459088749626458
0.026523369313885298
0.02868281712163159
0.031105634540696786
0.03383712341295791
0.036930429010010986
0.04045300790923821
0.04448642663204704
0.04913803477089828
0.05453697703445391
0.060853822537178255
0.06831082654463622
0.07720009456239012
0.08791758969930324
0.10100652084318622
0.11723087363969274
0.1376943052065576
0.16404239787268537
0.19881799324295488
0.2461174168513415
0.31290928206694235
0.41180779412008844
0.5673987144938374
0.8315910005738576
1.322150105436178
2.315682543232627
4.405130333472536
8.501297186836569
15.302824848502665
24.63891264058058
35.315858804890354
46.201664932829665
57.017297335139695
67.7678948275744
78.45571852066253
89.08352384116412
99.65304441238226
110.16555442154532
120.62215862657665
131.02379235610545
141.371221509462
151.6650425566732
161.90572151624062
172.0937828103493
182.22965736277763
192.31374719473848
202.3464388217491
212.32810325364179
222.25909599455176
232.13975704292778
241.9704108915267
251.75136652741222
261.4829174319592
271.16534841075025
280.79896183527615
290.384033708062
299.9208336229215
309.40962857776714
318.850682974599
328.24425861951454
337.59061472270406
346.89000789844744
356.14269216512287
365.3489189451961
374.50893706523107
383.6229927558829
392.6913296518988
401.7141887921213
410.69180861948297
419.6244249810133
428.51227112783334
437.35557771515613
446.15457280228947
454.909481852633
463.62053029892525
472.28795279849385
480.91197245198157
489.4928093998917
498.0306826351046
506.5258100028857
514.9784082008823
523.3886927791197
531.7568781400095
540.0831775383406
548.3678030812866
556.6109657284035
564.8128752916246
572.9737404352701
581.0937686760374
589.1731663830085
597.2121387776473
605.210889933796
613.1696227776829
621.088539087914
628.9678394954793
636.8077234837516
644.6083893884816
652.3700343978055
660.0928545522374
667.7770447446763
675.4227987204035
683.030309077078
690.5997672647429
698.1313635858229
705.6252871951243
713.0817260998379
720.5008671595282
727.882896086151
735.2279974440356
742.5363546498993
749.8081499728354
757.0435645343283
764.2427783082301
771.4059701207849
778.5333179514083
785.625002135136
792.6812039445198
799.7021033805216
806.6878791421946
813.6387086266895
820.554767929253
827.4362318432228
834.2832738600365
841.0960661692224
847.8747796584067
854.61958391331
861.3306472177496
868.0081365536325
874.6522176009661
881.263054737851
887.8408110404832
894.3856482831553
900.8977269382495
907.3772061762486
913.8242438657287
920.2389965733606
926.6216195639126
932.972266800242
939.2910909433073
945.5782433521592
951.8338740839448
958.058131893907
964.2511642353787
970.4131172597934
976.5441358166778
982.6443634536531
988.7139424164384
994.7530136488419
1000.7617167927727
1006.7401901882318
1012.6885708733164
1018.6069945842216
1024.4955957552297
1030.3545075187249
1036.1838617051849
1041.9837888431812
1047.7544181593842
1053.495877578552
1059.208293723544
1064.8917919153141
1070.5464961729072
1076.1725292134702
1081.770012452235
1087.33906600254
1092.87980867581
1098.392357981568
1103.876830127436
1109.3333400191202
1114.7620012604336
1120.162926153278
1125.5362256976525
1130.882009591651
1136.2003862314605
1141.4914627113628
1146.7553448237388
1151.9921370590628
1157.201942605904
1162.3848633509228
1167.5409998788793
1172.6704514726284
1177.7733161131177
1182.8496904793924
1187.8996699485906
1192.923348595949
1197.9208191947907
1202.8921732165452
1207.8375008307316
1212.756890904962
1217.7412952203993
1223.149520357584
1228.9443414619768
1235.0434142491665
1241.36784100467
1247.8421705839435
1254.394398412375
1260.9559664852873
1267.4617633679375
1273.850124195512
1280.0628306731371
1286.0451110758697
1291.7456402487016
1297.1165396065599
1302.1133771343
1306.6951673867175
1310.8243714885389
1314.4668971344254
1317.592098588972
1320.1727766867061
1322.1851788320912
1323.6089989995232
1324.427377733333
1324.626902147784
1324.197605927074
1323.1329693253354
1321.4299191666337
1319.0888288449692
1316.1135183242727
1312.5112541384158
1308.292749391196
1303.4721637563507
1298.0671034775485
1292.0986213683886
1285.5912168124132
1278.5728357630912
1271.074870743824
1263.1321608479561
1254.7829917387505
1246.0690956494204
1237.0356513831043
1227.7312843128768
1218.2080663817442
1208.5215161026445
1198.73059855846
1188.8977254019974
1179.0887548559967
1169.3663067660261
1159.6938698986291
1150.0513131389027
1140.4402353150085
1130.8621444894627
1121.3184579591339
1111.8105022552397
1102.339513143358
1092.9066356234111
1083.512923929675
1074.1593415307789
1064.8467611297008
1055.5759646637787
1046.3476433046947
1037.1623974584857
1028.0207367655412
1018.9230801005996
1009.8697555727583
1000.8610005254613
991.8969615365045
982.977694418038
974.1031642165605
965.2732452129294
956.4877209223492
947.7462840943772
939.0485367129211
930.3939899962426
921.7820643969593
913.2120896020332
904.6833045327845
896.1955897805617
887.7498268667044
879.3458524643253
870.9834741932447
862.662500246768
854.3827393916832
846.1440009682585
837.9460948902512
829.7888316448947
821.6720222929067
813.5954784684877
805.5590123793186
797.5624368065689
789.6055651048849
781.6882112023969
773.8101896007179
765.971315374941
758.1714041736491
750.4102722189003
742.6877363062372
735.0036138046861
727.3577226567526
719.7498813784315
712.1799090591943
704.6476253619957
697.152850523274
689.6954053529486
682.2751112344257
674.89179012459
667.5452645538081
660.2353576259322
652.9618930182928
645.7246949817094
638.5235883404795
631.3583984923816
624.2289514086808
617.1350736341199
610.0765922869323
603.0533350588245
596.0651302149919
589.1118065941085
582.1931936083334
575.3091212433089
568.4594200581571
561.6439211854823
554.8624563313749
548.1148577754044
541.4009583706256
534.7205915435748
528.0735912942687
521.4597921962086
514.8790293963744
508.33113861524106
501.8159561467477
495.3333188583316
488.8830641909024
482.46503700168256
476.07910328033347
469.72510687524
463.40288998282983
457.11229577582753
450.853168403253
444.62535299042815
438.4286956389669
432.2630434267814
426.1282444080811
420.02414761337076
413.9506030494569
407.9074616994381
401.89457552271153
395.9117974549712
389.95898140820674
384.0359822707094
378.14265590706253
372.278859158148
366.4444498411447
360.6392867495268
354.8632296530706
349.1161392978439
343.3978774062137
337.70830667684334
332.04729078469154
326.41469438102007
320.81038309338095
315.2342235256263
309.68608325790353
304.1658308466571
298.6733358246327
293.20846870086757
287.7711009606978
282.3611050657571
276.97835445397396
271.6227235395783
266.2940877130918
260.99232334133706
255.71730776743087
250.46891931078773
245.24703726712104
240.0515419084379
234.88231448304606
229.73923721554695
224.6221933068385
219.53106693411954
214.46574325088412
209.42610838692227
204.41204944832023
199.4234545174625
194.46021265303025
189.52221389000417
184.60934923965834
179.7215272658522
174.86279829150484
170.03571307928456
165.239371705722
160.47289944318908
155.73544675989768
151.02618931989832
146.34432798308544
141.68908880518944
137.0597230377819
132.4555071282745
127.87574271991748
123.3197566518049
118.78690095886682
114.27655287187474
109.78811481743983
105.32101441801217
100.87470449188542
96.44866305318938
92.04239331189537
87.65542367381414
83.2873077405955
78.93762430973298
74.60597737455585
70.29199612423537
65.99533494378166
61.715673414044495
57.452716311717175
53.20619360932835
48.975860475249135
44.76149727368972
40.562909564699254
36.37992810417078
32.21240884383245
28.060232931255687
23.923306709849747
19.80156171886387
15.694954693390445
11.603467564357908
7.527107458536569
3.465906698536036
-0.5800771971951344
-4.610761514364343
-8.626038342843685
-12.625774576663419
-16.609811914013402
-20.577966857246093
-24.53003071286963
-28.465769591555624
-32.38492440813431
-36.28721088159739
-40.172319535095596
-44.039915695938284
-47.88963949559777
-51.72110586970474
-55.53390455805014
-59.327600104585244
-63.10173185741963
-66.85581396882674
-70.58933539523717
-74.3017598972429
-77.992526039594
-81.66104719120207
-85.30671152513855
-88.92888201863585
-92.52689645308396
-96.10006741403807
-99.65082290696932
-103.18250612259382
-106.69527554062707
-110.18928478899012
-113.6646850075848
-117.12162484828974
-120.5602504749663
-123.9807055634547
-127.38313130157486
-130.76766638912753
-134.13444703789023
-137.48360697162326
-140.81527742606568
-144.12958714893634
-147.42666239993483
-150.70662695073773
-153.96960208500408
-157.2157065983721
-160.4450567984593
-163.65776650486424
-166.8539470491625
-170.03370727491208
-173.19715353764974
-176.34438970489208
-179.47551715613665
-182.59063478285796
-185.68983898851278
-188.77322368853672
-191.84088031034582
-194.8928977933358
-197.92936258888022
-200.95035866033524
-203.9559674830354
-206.94626804429504
-209.92133684340837
-212.8812478916496
-215.8260727122725
-218.7558922588621
-221.67080794335178
-224.5709007797612
-227.45625024933227
-230.32693522833546
-233.18303398806646
-236.024624194847
-238.85178291002575
-241.664586589975
-244.4631110860954
-247.24743164481313
-250.01762290758015
-252.7737589108754
-255.51591308620152
-258.2441582600896
-260.95856665409593
-263.659209884803
-266.34615896381996
-269.01948429777974
-271.6792556883438
-274.32554233219884
-276.9584128210574
-279.5779351416593
-282.1841766757675
-284.777204200174
-287.35708388669565
-289.9238813021754
-292.47766140848324
-295.01848856251286
-297.54642651618605
-300.0615384164505
-302.5638868052791
-305.0535336196722
-307.5305401916538
-309.9949672482764
-312.4468749116174
-314.88632269878036
-317.313369521896
-319.72807368811874
-322.13049289963095
-324.52068425364035
-326.89870424238165
-329.2646087531151
-331.61845306812546
-333.96029186472583
-336.29017921525434
-338.60816858707517
-340.91431284257976
-343.20866423918267
-345.4912744293277
-347.7621944604829
-350.0214747751431
-352.26916521082984
-354.50531500008833
-356.72997277049257
-358.9431865446405
-361.1450037401582
-363.3354711696964
-365.51463504093147
-367.68254095656715
-369.8392339143323
-371.9847583069824
-374.11915792229973
-376.2424759430904
-378.3547549471879
-380.456036907452
-382.54636319176916
-384.6257745630502
-386.69431117923267
-388.75201259328094
-390.7989177531852
-392.83506500196006
-394.8604920776494
-396.8752361133193
-398.8793336370646
-400.8728205720053
-402.85573223628876
-404.8281033430872
-406.7899680005968
-408.7413597120432
-410.68231137567807
-412.6128552847772
-414.5330231276432
-416.4428160493001
-418.3420417869714
-420.23079837120304
-422.10922965251865
-423.9774485364012
-425.83553698329143
-427.6835460085908
-429.52149568265924
-431.349375130816
-433.1671425333401
-434.9747251254679
-436.7720191973968
-438.5588900942825
-440.3351722162402
-442.10066901834455
-443.8551530106279
-445.5983657580832
-447.33001788066235
-449.0497890532761
-450.75732800579493
-452.4522525230471
-454.1341494448215
-455.8025746658656
-457.45705313588604
-459.09707885954924
-460.72211489647924
-462.3315933612607
-463.92491542343697
-465.50145130751037
-467.0605402929432
-468.6014907141556
-470.12357996052737
-471.6260544763982
-473.1081297610665
-474.56899036878985
-476.0077899087842
-477.42365104522594
-478.8156654972499
-480.15626160183103
-481.3801714014405
-482.48725936831244
-483.4809216331874
-484.364927643645
-485.1434201641043
-485.8209152758241
-486.402302376902
-486.8928441822757
-487.2981767237221
-487.62430934985764
-487.8776247261382
-488.0648788348589
-488.1932009751547
-488.27009376299964
-488.30343313120767
-488.30146832943166
-488.2728219241644
-488.22648979873793
-488.17184115332367
-488.11861850493267
-488.0769376874153
-488.05728785146164
-488.0705314646009
-488.12790431120186
-488.24101549247285
-488.42184742646157
-488.68275584805536
-489.0364698089806
-489.4960916778037
-490.07509713992977
-490.7873351976047
-491.647028169912
-492.66521912402254
-493.7634637194688
-494.90086866143986
-496.07304256911556
-497.2758338691675
-498.5053307957609
-499.7578613905535
-501.02999350269545
-502.31853478883016
-503.6205327130926
-504.9332745471114
-506.2542873700076
-507.581338068395
-508.91243333638016
-510.24581967556156
-511.57998339503126
-512.9136506113737
-514.245787248666
-515.5755990384783
-516.9025315198725
-518.2262700394036
-519.5467397511201
-520.864105616562
-522.1787724047632
-523.4913846922486
-524.8027901574529
-526.1116952945354
-527.4169178977465
-528.718349777948
-530.0158864874254
-531.3094273198906
-532.5988753104806
-533.8841372357574
-535.1651236137086
-536.4417487037462
-537.7139305067079
-538.9815907648571
-540.2446549618816
-541.5030523228953
-542.7567158144362
-544.0055821444683
-545.249591762381
-546.4886888589882
-547.72282136653
-548.9519409586702
-550.1760030504994
-551.3949667985326
-552.6087951007103
-553.8174545963983
-555.0209156663868
-556.2191524328923
-557.4121427595561
-558.5998682514447
-559.7823142550501
-560.9594698582886
-562.1313278905027
-563.2978849224598
-564.4591412663526
-565.6151009757991
-566.7657718458419
-567.9111654129496
-569.0512969550155
-570.1861854913585
-571.3158537827234
-572.4403283312778
-573.5596393806168
-574.67382091576
-575.7829062915098
-576.8868813082613
-577.9857501346596
-579.0795278828348
-580.1682297485901
-581.251871011403
-582.3304670344246
-583.4040332644792
-584.4725852320656
-585.5361385513561
-586.5947089201969
-587.648312120108
-588.6969640162825
-589.7406805575881
-590.779477776566
-591.813371789431
-592.8423787960724
-593.8665150800517
-594.8857970086058
-595.9002410326444
-596.9098636867516
-597.9146815891851
-598.9147114418755
-599.9099700304286
-600.9004742241228
-601.886240975911
-602.86728732242
-603.8436303839492
-604.8152873644729
-605.7822755516388
-606.7446123167684
-607.7023151148575
-608.6554014845741
-609.6038890482617
-610.5477955119368
-611.4871386652895
-612.4219363816845
-613.352206618159
-614.2779674154248
-615.1992368978676
-616.1160332735463
-617.0283748341947
-617.9362799552182
-618.8397670956982
-619.7388547983887
-620.6335616897179
-621.5239064797878
-622.4099079623735
-623.2915850149244
-624.1689565985641
-625.0420417580892
-625.9108596219706
-626.7754294023523
-627.6357703950529
-628.4919019795642
-629.3438436190519
-630.191614860356
-631.0352353339894
-631.8747247541392
-632.7101029186658
-633.5413897091048
-634.368605090664
-635.1917691122256
-636.0109019063452
-636.8260236892531
-637.6371547608522
-638.4443155047205
-639.2475263881081
-640.0468131852075
-640.8421995593399
-641.6337024744317
-642.4213388533932
-643.2051255787679
-643.9850794927343
-644.7612173971047
-645.533556053326
-646.3021121824792
-647.066902465279
-647.827943542075
-648.5852520128507
-649.3388444372239
-650.0887373344467
-650.8349471834049
-651.5774904226192
-652.3163834502443
-653.0516426240688
-653.7832842615161
-654.511324639643
-655.2357799951413
-655.9566665243367
-656.674000383189
-657.3877976872926
-658.0980745118754
-658.8048468918004
-659.5081308215641
-660.2079422552976
-660.9042971067663
-661.5972112493694
-662.2867005161404
-662.9727806997475
-663.6554675524926
-664.3347767863123
-665.0107240727765
-665.6833250430903
-666.3525952880927
-667.0185503582569
-667.6812057636902
-668.3405769741339
-668.996679418964
-669.6495284871907
-670.299139527458
-670.9455278480447
-671.5887087168629
-672.2286973614599
-672.8655089690167
-673.4991586863487
-674.1296616199054
-674.7570328357702
-675.3812873596617
-676.0024401769315
-676.6205062325662
-677.2355004311867
-677.8474376370473
-678.4563326740373
-679.06220032568
-679.6650553351329
-680.2649124051877
-680.8617861982701
-681.4556913364403
-682.0466424013927
-682.6346539344559
-683.2197404365927
-683.8019163683998
-684.3811961501086
-684.9575941615846
-685.5311247423272
-686.1018021914706
-686.6696407677823
-687.2346546896653
-687.7968581351553
-688.3562652419237
-688.9128901072752
-689.4667467881486
-690.0178493011178
-690.5662116223899
-691.111847687807
-691.6547713928451
-692.1949965926143
-692.732537101859
-693.2674066949579
-693.7996191059239
-694.329188028404
-694.8561271156798
-695.3804499806662
-695.9021701959135
-696.4213012936056
-696.9378567655605
-697.4518500632302
-697.9632945977022
-698.4722037396962
-698.9785908195685
-699.4824691273075
-699.9838519125365
-700.4827523845137
-700.9791837121305
-701.4731590239138
-701.9646914080228
-702.4537939122531
-702.9404795440329
-703.4247612704252
-703.9066520181273
-704.3861646734705
-704.8633120824204
-705.3381070505767
-705.8105623431741
-706.2806906826269
-706.7485027755282
-707.2140083861707
-707.6772184056874
-708.1381436857187
-708.5967950384122
-709.0531832364235
-709.5073190129146
-709.959213061556
-710.4088760365252
-710.856318552507
-711.3015511846938
-711.7445844687854
-712.1854289009891
-712.6240949380193
-713.0605929970984
-713.4949334559559
-713.9271266528285
-714.3571828864608
-714.7851124161045
-715.210925461519
-715.6346322029709
-716.0562427812342
-716.4757672975907
-716.893215813829
-717.3085983522458
-717.721924895645
-718.1332053873376
-718.5424497311425
-718.9496677913858
-719.3548693929009
-719.7580643210292
-720.1592623216187
-720.5584731010255
-720.9557063261127
-721.3509716242513
-721.7442785833193
-722.1356367517024
-722.5250556382933
-722.9125447124928
-723.2981134042087
-723.6817711038564
-724.0635271623584
-724.4433908911449
-724.8213715621537
-725.1974784078297
-725.5717206211257
-725.9441073555012
-726.3146477249236
-726.6833508038678
-727.0502256273161
-727.4152811907579
-727.7785264501904
-728.1399703221181
-728.4996216835527
-728.8574893720139
-729.2135821855285
-729.5679088826304
-729.9204781823614
-730.2712987642707
-730.6203792684147
-730.9677282953576
-731.3133544061703
-731.657266122432
-731.9994719262288
-732.3399802601544
-732.6787995273102
-733.0159380913042
-733.3514042762528
-733.6852063667791
-734.0173526080142
-734.3478512055964
-734.676710325671
-735.0039380948916
-735.3295426004186
-735.6535318899198
-735.975913971571
-736.2966968140547
-736.6158883465614
-736.9334964587888
-737.2495290009421
-737.5639937837337
-737.8768985783838
-738.1882511166199
-738.4980590906765
-738.8063301532965
-739.1130719177293
-739.4182919577319
-739.7219978075693
-740.0241969620134
-740.3248968763436
-740.6241049663469
-740.9218286083175
-741.2180751390573
-741.5128518558755
-741.8061660165887
-742.0980248395209
-742.3884355035038
-742.6774051478761
-742.9649408724842
-743.251049737682
-743.5357387643309
-743.8190149337989
-744.1008851879627
-744.3813564292057
-744.6604355204187
-744.9381292850003
-745.214444506856
-745.4893879303993
-745.7629662605508
-746.0351861627386
-746.3060542628983
-746.5755771474728
-746.8437613634126
-747.1106134181754
-747.3761397797267
-747.6403468765388
-747.9032410975923
-748.1648287923746
-748.4251162708803
-748.6841098036124
-748.9418156215804
-749.1982399163019
-749.4533888398013
-749.707268504611
-749.9598849837704
-750.2112443108267
-750.4613524798342
-750.7102154453548
-750.9578391224579
-751.2042293867202
-751.449392074226
-751.6933329815665
-751.9360578658411
-752.1775724446563
-752.417882396126
-752.6569933588713
-752.8949109320212
-753.1316406752117
-753.3671881085864
-753.6015632143711
-753.8347835611172
-754.0668551136553
-754.297783135819
-754.527572874625
-754.7562295602734
-754.9837584061477
-755.2101646088142
-755.4354533480233
-755.6596297867083
-755.8826990709857
-756.1046663301557
-756.3255366767014
-756.5453152062895
-756.7640069977699
-756.981617113176
-757.1981505977243
-757.4136124798146
-757.6280077710302
-757.8413414661376
-758.0536185430867
-758.2648439630108
-758.475022670226
-758.6841595922326
-758.8922596397135
-759.0993277065351
-759.3053686697473
-759.5103873895831
-759.714388709459
-759.9173774559745
-760.119358438913
-760.3203364512407
-760.5203162691072
-760.7193026518455
-760.9173003419722
-761.1143140651867
-761.3103485303722
-761.5054084295946
-761.6994984381038
-761.8926232143326
-762.0847873998973
-762.2759956195977
-762.4662524814162
-762.6555625765193
-762.8439304792565
-763.0313607471606
-763.2178579209478
-763.4034265245176
-763.5880710649527
-763.7717960325193
-763.9546059006667
-764.1365051260279
-764.3174981484188
-764.4975893908389
-764.6767832594709
-764.8550841436806
-765.0324964160177
-765.2090244322147
-765.3846725311877
-765.5594450350358
-765.7333462490418
-765.9063804616717
-766.0785519445745
-766.2498649525832
-766.4203237237134
-766.5899324791644
-766.7586954233188
-766.9266167437424
-767.0937006111844
-767.2599511795775
-767.4253725860372
-767.5899689508628
-767.7537443775368
-767.9167029527249
-768.0788487462763
-768.2401858112235
-768.400718183782
-768.560449883351
-768.7193849125129
-768.8775272570333
-769.0348808858613
-769.1914497511293
-769.3472377881528
-769.502248915431
-769.6564870346459
-769.8099560306633
-769.9626597715322
-770.1146021084847
-770.2657868759366
-770.4162178914866
-770.5658989559169
-770.714833853193
-770.863026350464
-771.0104801980618
-771.157199129502
-771.3031868614835
-771.4484470938884
-771.592983509782
-771.7367997754131
-771.8798995402141
-772.0222864368
-772.1639640809698
-772.3049360717052
-772.4452059911721
-772.5847774047187
-772.7236538608772
-772.8618388913632
-772.9993360110748
-773.1361487180942
-773.2722804936868
-773.4077348023012
-773.5425150915692
-773.6766247923059
-773.8100673185103
-773.9428460673638
-774.074964419232
-774.206425737663
-774.3372333693891
-774.4673906443251
-774.5969008755696
-774.7257673594045
-774.8539933752947
-774.9815821858889
-775.1085370370187
-775.234861157699
-775.3605577601286
-775.4856300396889
-775.610081174945
-775.7339143276452
-775.8571326427212
-775.9797392482882
-776.1017372556443
-776.2231297592712
-776.3439198368337
-776.4641105491802
-776.5837049403423
-776.7027060375349
-776.8211168511563
-776.9389403747878
-777.0561795851944
-777.1728374423243
-777.288916889309
-777.4044208524634
-777.5193522412856
-777.6337139484568
-777.7475088498422
-777.8607398044898
-777.9734096546307
-778.0855212256799
-778.1970773262354
-778.3080807480787
-778.4185342661744
-778.5284406386705
-778.6378026068984
-778.7466228953725
-778.8549042117912
-778.9626492470355
-779.0698606751702
-779.1765411534429
-779.2826933222852
-779.3883198053114
-779.4934232093198
-779.5980061242911
-779.7020711233903
-779.8056207629648
-779.9086575825461
-780.0111841048487
-780.11320283577
-780.2147162643917
-780.3157268629778
-780.4162370869763
-780.5162493750182
-780.6157661489178
-780.7147898136731
-780.8133227574649
-780.9113673516576
-781.008925950799
-781.1060008926202
-781.2025944980351
-781.2987090711416
-781.3943468992209
-781.4895102527367
-781.5842013853372
-781.6784225338529
-781.7721759182982
-781.8654637418706
-781.9582881909511
-782.0506514351038
-782.1425556270761
-782.2340029027991
-782.3249953813868
-782.4155351651367
-782.5056243395295
-782.5952649732294
-782.6844591180839
-782.7732088091235
-782.8615160645626
-782.9493828857984
-783.0368112574116
-783.1238031471662
-783.2103605060098
-783.2964852680726
-783.3821793506692
-783.4674446542963
-783.552283062635
-783.6366964425489
-783.7206866440854
-783.8042555004752
-783.8874048281319
-783.9701364266531
-784.0524520788191
-784.1343535505938
-784.2158425911244
-784.2969209327414
-784.3775902909586
-784.4578523644732
-784.5377088351655
-784.6171613680996
-784.6962116115221
-784.7748611968639
-784.8531117387384
-784.9309648349429
-785.0084220664576
-785.0854849974462
-785.1621551752559
-785.2384341304167
-785.3143240467698
-785.3898391334392
-785.4649858207209
-785.5397657286672
-785.6141804726644
-785.6882316634336
-785.76192090703
-785.8352498048436
-785.9082199535985
-785.9808329453537
-786.0530903675023
-786.1249938027719
-786.1965448292248
-786.2677450202574
-786.3385959446009
-786.4090991663209
-786.4792562448171
-786.549068734824
-786.6185381864104
-786.6876661449799
-786.7564541512701
-786.8249037413531
-786.8930164466358
-786.9607937938594
-787.0282373050992
-787.0953484977656
-787.162128884603
-787.2285799736903
-787.294703268441
-787.3605002676031
-787.4259724652588
-787.491121350825
-787.5559484090529
-787.6204551200282
-787.6846429591711
-787.7485133972364
-787.8120679003129
-787.8753079298242
-787.9382349425285
-788.0008503905182
-788.06315572122
-788.1251523773956
-788.1868417971406
-788.2482254138853
-788.3093046563945
-788.3700809487674
-788.4305557104376
-788.4907303561732
-788.5506062960769
-788.6101849355857
-788.669467675471
-788.7284559118386
-788.7871510361292
-788.8455544351175
-788.9036674909128
-788.9614915809589
-789.019028078034
-789.0762783502507
-789.1332437610563
-789.1899256692323
-789.2463254288946
-789.302444389494
-789.3582838958152
-789.4138452879778
-789.4691299014356
-789.5241390669769
-789.5788741107245
-789.6333363541357
-789.6875271140021
-789.74144770245
-789.7950994269399
-789.8484835902669
-789.9016014905606
-789.9544544212848
-790.0070436712381
-790.0593705245533
-790.1114362606978
-790.1632421544733
-790.2147894760163
-790.2660794907974
-790.3171134596217
-790.367892638629
-790.4184182792932
-790.468691628423
-790.5187139281613
-790.5684864159856
-790.6180103247079
-790.6672868824745
-790.7163173127661
-790.7651028343984
-790.8136446615206
-790.8619440036173
-790.910002065507
-790.9578200473428
-791.0053991446123
-791.0527405481376
-791.0998454440751
-791.1467150139158
-791.193350434485
-791.2397528779426
-791.285923511783
-791.3318634988349
-791.3775739972614
-791.4230561605603
-791.4683111375639
-791.5133400724385
-791.5581441046853
-791.6027243691398
-791.6470819959719
-791.691218110686
-791.7351338341211
-791.7788302824506
-791.8223085671821
-791.8655697951577
-791.9086150685546
-791.9514454848835
-791.9940621369902
-792.0364661130548
-792.0786584965917
-792.1206403664502
-792.1624127968133
-792.2039768571991
-792.2453336124601
-792.2864841227829
-792.3274294436889
-792.3681706260337
-792.4087087160076
-792.4490447551352
-792.4891797802755
-792.5291148236222
-792.5688509127033
-792.6083890703811
-792.6477303148528
-792.6868756596494
-792.7258261136371
-792.764582681016
-792.8031463613208
-792.8415181494208
-792.8796990355198
-792.9176900051556
-792.955492039201
-792.993106113863
-793.030533200683
-793.067774266537
-793.1048302736353
-793.1417021795231
-793.1783909370793
-793.2148974945178
-793.251222795387
-793.2873677785693
-793.3233333782821
-793.3591205240768
-793.3947301408397
-793.4301631487909
-793.4654204634858
-793.5005029958135
-793.5354116519981
-793.5701473335978
-793.6047109375054
-793.6391033559482
-793.673325476488
-793.7073781820208
-793.7412623507772
-793.7749788563225
-793.808528567556
-793.8419123487117
-793.8751310593582
-793.9081855543983
-793.9410766840693
-793.9738052939432
-794.0063722249262
-794.0387783132588
-794.0710243905164
-794.1031112836088
-794.1350398147797
-794.166810801608
-794.1984250570065
-794.2298833892228
-794.2611866018387
-794.2923354937707
-794.3233308592695
-794.3541734879205
-794.3848641646435
-794.4154036696926
-794.4457927786565
-794.4760322624584
-794.5061228873557
-794.5360654149405
-794.5658606021393
-794.5955092012131
-794.6250119597573
-794.6543696207017
-794.6835829223106
-794.7126525981829
-794.7415793772517
-794.7703639837847
-794.7990071373841
-794.8275095529865
-794.8558719408629
-794.8840950066188
-794.9121794511942
-794.9401259708636
-794.9679352572358
-794.9956079972542
-795.0231448731964
-795.0505465626749
-795.0778137386363
-795.1049470693617
-795.131947218467
-795.1588148449018
-795.185550602951
-795.2121551422335
-795.2386291077029
-795.2649731396468
-795.2911878736877
-795.3172739407825
-795.3432319672223
-795.3690625746331
-795.3947663799747
-795.4203439955421
-795.4457960289643
-795.4711230832047
-795.4963257565615
-795.5214046426671
-795.5463603304885
-795.5711934043269
-795.5959044438183
-795.620494023933
-795.6449627149756
-795.6693110825855
-795.6935396877362
-795.7176490867361
-795.7416398312273
-795.7655124681874
-795.7892675399273
-795.8129055840935
-795.8364271336661
-795.85983271696
-795.8831228576246
-795.9062980746436
-795.9293588823352
-795.9523057903522
-795.9751393036817
-795.9978599226453
-796.020468142899
-796.0429644554333
-796.0653493465734
-796.0876232979784
-796.1097867866424
-796.1318402848938
-796.1537842603951
-796.1756191761439
-796.1973454904718
-796.2189636570447
-796.2404741248636
-796.2618773382634
-796.2831737369137
-796.3043637558184
-796.325447825316
-796.3464263710794
-796.367299814116
-796.3880685707676
-796.4087330527105
-796.4292936669555
-796.4497508158476
-796.4701049198932
-796.4903579551311
-796.5105113062905
-796.5305654023041
-796.5505206709711
-796.5703775389574
-796.5901364317949
-796.6097977738826
-796.6293619884857
-796.6488294977357
-796.668200722631
-796.6874760830361
-796.7066559976823
-796.7257408841673
-796.7447311589551
-796.7636272373763
-796.7824295336283
-796.8011384607743
-796.8197544307448
-796.8382778543361
-796.8567091412115
-796.8750486999004
-796.8932969377989
-796.9114542611696
-796.9295210751416
-796.9474977837103
-796.9653847897378
-796.9831824949525
-797.0008912999496
-797.0185116041904
-797.0360438060029
-797.0534883025816
-797.0708454899875
-797.088115763148
-797.105299515857
-797.1223971407751
-797.1394090294289
-797.1563355722121
-797.1731771583844
-797.1899341760723
-797.2066070122686
-797.2231960528327
-797.2397016824904
-797.2561242848341
-797.2724642423226
-797.2887219362811
-797.3048977469017
-797.3209920532424
-797.3370052332283
-797.3529376636503
-797.3687897201665
-797.384561777301
-797.4002542084445
-797.4158673858542
-797.4314016806541
-797.4468574628341
-797.462235101251
-797.4775349636282
-797.4927574165552
-797.507902825488
-797.5229715547495
-797.5379639675289
-797.5528804258815
-797.5677212907299
-797.5824869218624
-797.5971776779342
-797.6117939164668
-797.6263359938483
-797.6408042653336
-797.6551990850434
-797.6695208059652
-797.6837697799534
-797.6979463577284
-797.712050888877
-797.726083721853
-797.7400452039763
-797.7539356814333
-797.7677554992771
-797.7815050014271
-797.7951845306693
-797.8087944286563
-797.8223350359067
-797.8358066918062
-797.8492097346066
-797.8625445014263
-797.8758113282504
-797.8890105499299
-797.9021425001831
-797.9152075115941
-797.9282059156138
-797.9411380425596
-797.9540042216154
-797.9668047808312
-797.9795400471243
-797.9922103462776
-798.0048160029411
-798.017357340631
-798.0298346817301
-798.0422483474877
-798.0545986580194
-798.0668859323076
-798.079110488201
-798.0912726424148
-798.1033727105306
-798.1154110069969
-798.1273878451279
-798.1393035371053
-798.1511583939765
-798.1629527256557
-798.1746868409234
-798.186361047427
-798.1979756516799
-798.2095309590625
-798.221027273821
-798.2324648990688
-798.2438441367854
-798.2551652878168
-798.2664286518756
-798.2776345275408
-798.2887832122582
-798.2998750023395
-798.3109101929634
-798.3218890781749
-798.3328119508855
-798.343679102873
-798.3544908247821
-798.3652474061238
-798.3759491352754
-798.3865962994809
-798.3971891848506
-798.4077280763618
-798.4182132578575
-798.4286450120478
-798.439023620509
-798.4493493636842
-798.4596225208825
-798.4698433702799
-798.4800121889187
-798.4901292527079
-798.5001948364227
-798.5102092137049
-798.5201726570627
-798.5300854378712
-798.5399478263714
-798.5497600916713
-798.559522501745
-798.5692353234333
-798.5788988224435
-798.5885132633493
-798.598078909591
-798.6075960234751
-798.6170648661749
-798.6264856977303
-798.6358587770472
-798.6451843618985
-798.6544627089232
-798.663694073627
-798.6728787103821
-798.682016872427
-798.6911088118668
-798.7001547796733
-798.7091550256846
-798.718109798605
-798.7270193460059
-798.7358839143246
-798.7447037488654
-798.7534790937988
-798.7622101921617
-798.7708972858576
-798.7795406156566
-798.7881404211954
-798.7966969409766
-798.80521041237
-798.8136810716115
-798.8221091538035
-798.8304948929149
-798.8388385217812
-798.8471402721044
-798.8554003744529
-798.8636190582615
-798.8717965518317
-798.8799330823314
-798.8880288757949
-798.8960841571231
-798.9040991500833
-798.9120740773095
-798.9200091603019
-798.9279046194274
-798.9357606739193
-798.9435775418773
-798.9513554402678
-798.9590945849236
-798.9667951905438
-798.9744574706945
-798.9820816378076
-798.9896679031821
-798.997216476983
-799.0047275682422
-799.0122013848579
-799.0196381335946
-799.0270380200838
-799.0344012488229
-799.0417280231762
-799.0490185453743
-799.0562730165144
-799.0634916365601
-799.0706746043417
-799.0778221175555
-799.0849343727648
-799.092011565399
-799.0990538897546
-799.1060615389938
-799.1130347051458
-799.119973579106
-799.1268783506366
-799.1337492083661
-799.1405863397896
-799.1473899312684
-799.1541601680308
-799.160897234171
-799.16760131265
-799.1742725852955
-799.1809112328012
-799.1875174347277
-799.194091369502
-799.2006332144173
-799.2071431456336
-799.2136213381774
-799.2200679659416
-799.2264832016854
-799.2328672170348
-799.2392201824822
-799.2455422673863
-799.2518336399727
-799.258094467333
-799.2643249154255
-799.2705251490752
-799.2766953319733
-799.2828356266775
-799.2889461946123
-799.2950271960683
-799.3010787902027
-799.3071011350395
-799.3130943874686
-799.3190587032469
-799.3249942369978
-799.3309011422107
-799.3367795712419
-799.3426296753141
-799.3484516045164
-799.3542455078046
-799.3600115330008
-799.3657498267936
-799.3714605347382
-799.3771438012561
-799.3827997696355
-799.388428582031
-799.3940303794637
-799.3996053018211
-799.4051534878573
-799.410675075193
-799.416170200315
-799.421638998577
-799.427081604199
-799.4324981502674
-799.4378887687354
-799.4432535904224
-799.4485927450143
-799.4539063610637
-799.4591945659895
-799.4644574860771
-799.4696952464786
-799.4749079712122
-799.4800957831632
-799.4852588040826
-799.4903971545885
-799.4955109541653
-799.5006003211637
-799.5056653728013
-799.5107062251619
-799.5157229931957
-799.5207157907197
-799.5256847304172
-799.530629923838
-799.5355514813982
-799.540449512381
-799.5453241249353
-799.5501754260771
-799.5550035216886
-799.5598085165186
-799.5645905141822
-799.5693496171614
-799.5740859268041
-799.5787995433251
-799.5834905658057
-799.5881590921937
-799.5928052193029
-799.5974290428143
-799.6020306572749
-799.6066101560984
-799.611167631565
-799.6157031748212
-799.6202168758801
-799.6247088236215
-799.6291791057913
-799.6336278090022
-799.6380550187332
-799.6424608193299
-799.6468452940044
-799.651208524835
-799.6555505927671
-799.6598715776119
-799.6641715580475
-799.6684506116186
-799.672708814736
-799.6769462426772
-799.6811629695861
-799.6853590684733
-799.6895346112158
-799.6936896685568
-799.6978243101063
-799.7019386043407
-799.7060326186031
-799.7101064191028
-799.7141600709156
-799.7181936379839
-799.7222071831166
-799.726200767989
-799.7301744531429
-799.7341282979868
-799.7380623607954
-799.74197669871
-799.7458713677386
-799.7497464227552
-799.7536019175006
-799.7574379045824
-799.7612544354739
-799.7650515605158
-799.7688293289144
-799.7725877887433
-799.776326986942
-799.7800469693167
-799.7837477805402
-799.7874294641516
-799.7910920625567
-799.7947356170275
-799.7983601677028
-799.8019657535876
-799.8055524125537
-799.809120181339
-799.8126690955482
-799.8161991896526
-799.8197104969895
-799.8232030497632
-799.826676879044
-799.8301320147692
-799.8335684857423
-799.8369863196333
-799.8403855429788
-799.8437661811816
-799.8471282585115
-799.8504717981042
-799.8537968219624
-799.8571033509551
-799.8603914048176
-799.8636610021518
-799.8669121604265
-799.8701448959763
-799.8733592240027
-799.8765551585736
-799.8797327126234
-799.8828918979532
-799.88603272523
-799.8891552039879
-799.8922608319069
-799.8953517962387
-799.8984281753184
-799.9014900301539
-799.9045374215659
-799.9075704101874
-799.9105890564641
-799.9135934206546
-799.9165835628298
-799.9195595428733
-799.9225214204814
-799.925469255163
-799.9284031062396
-799.9313230328453
-799.9342290939267
-799.9371213482434
-799.9399998543672
-799.9428646706828
-799.9457158553873
-799.9485534664907
-799.9513775618153
-799.9541881989963
-799.9569854354814
-799.9597693285309
-799.9625399352177
-799.9652973124274
-799.9680415168582
-799.9707726050208
-799.9734906332387
-799.9761956576481
-799.9788877341974
-799.981566918648
-799.9842332665738
-799.9868868333614
-799.9895276742099
-799.9921558441309
-799.9947713979491
-799.9973743903014
-799.9999648756373
-800.0025429082191
-800.0051085421218
-800.0076618312327
-800.0102028292521
-800.0127315896925
-800.0152481658796
-800.0177526109511
-800.0202449778576
-800.0227253193625
-800.0251936880414
-800.027650136283
-800.0300947162883
-800.0325274800708
-800.0349484794571
-800.037357766086
-800.039755391409
-800.0421414066903
-800.044515863007
-800.0468788112481
-800.0492303021158
-800.0515703861248
-800.0538991136025
-800.0562165346885
-800.0585226993355
-800.0608176573088
-800.0631014581859
-800.0653741513572
-800.0676357860259
-800.0698864112074
-800.0721260757302
-800.0743548282351
-800.0765727171754
-800.0787797908173
-800.0809760972396
-800.0831616843337
-800.0853365998034
-800.0875008911654
-800.0896546057489
-800.0917977906958
-800.0939304929603
-800.0960527593097
-800.0981646363236
-800.1002661703945
-800.1023574077271
-800.1044383943391
-800.1065091760606
-800.1085697985344
-800.110620307216
-800.1126607473733
-800.1146911640872
-800.1167116022506
-800.1187221065697
-800.120722721563
-800.1227134915615
-800.1246944607091
-800.1266656729621
-800.1286271720894
-800.1305790016729
-800.1325212051066
-800.1344538255976
-800.1363769061651
-800.1382904896413
-800.1401946186711
-800.1420893357117
-800.143974683033
-800.1458507027178
-800.1477174366611
-800.1495749265708
-800.1514232139674
-800.1532623401839
-800.155092346366
-800.156913273472
-800.158725162273
-800.1605280533523
-800.1623219871062
-800.1641070037435
-800.1658831432857
-800.1676504455666
-800.169408950233
-800.1711586967442
-800.172899724372
-800.174632072201
-800.1763557791282
-800.1780708838637
-800.1797774249295
-800.1814754406607
-800.1831649692051
-800.1848460485228
-800.1865187163866
-800.188183010382
-800.1898389679071
-800.1914866261728
-800.1931260222024
-800.1947571928316
-800.1963801747091
-800.1979950042963
-800.1996017178669
-800.2012003515073
-800.2027909411166
-800.2043735224065
-800.2059481309013
-800.2075148019379
-800.209073570666
-800.2106244720475
-800.2121675408573
-800.2137028116829
-800.2152303189242
-800.216750096794
-800.2182621793175
-800.2197666003326
-800.2212633934898
-800.2227525922522
-800.2242342298956
-800.2257083395084
-800.2271749539915
-800.2286341060585
-800.2300858282358
-800.2315301528622
-800.2329671120891
-800.2343967378806
-800.2358190620135
-800.2372341160772
-800.2386419314735
-800.2400425394169
-800.2414359709348
-800.2428222568672
-800.244201427866
-800.2455735143967
-800.2469385467368
-800.2482965549767
-800.2496475690192
-800.25099161858
-800.2523287331871
-800.2536589421815
-800.2549822747164
-800.2562987597579
-800.2576084260847
-800.258911302288
-800.2602074167717
-800.2614967977523
-800.262779473259
-800.2640554711335
-800.2653248190301
-800.2665875444159
-800.2678436745705
-800.2690932365861
-800.2703362573675
-800.2715727636323
-800.2728027819105
-800.2740263385448
-800.2752434596906
-800.2764541713159
-800.2776584992012
-800.2788564689396
-800.2800481059371
-800.2812334354121
-800.2824124823956
-800.2835852717312
-800.2847518280754
-800.285912175897
-800.2870663394775
-800.2882143429113
-800.2893562101049
-800.2904919647777
-800.2916216304619
-800.2927452305022
-800.2938627880557
-800.2949743260922
-800.2960798673944
-800.2971794345573
-800.2982730499888
-800.2993607359091
-800.3004425143513
-800.301518407161
-800.3025884359963
-800.3036526223282
-800.3047109874401
-800.3057635524281
-800.3068103382009
-800.3078513654799
-800.3088866547989
-800.3099162265047
-800.3109401007563
-800.3119582975255
-800.312970836597
-800.3139777375675
-800.3149790198469
-800.3159747026575
-800.3169648050341
-800.3179493458242
-800.3189283436882
-800.3199018170986
-800.3208697843411
-800.3218322635134
-800.3227892725264
-800.3237408291033
-800.3246869507798
-800.3256276549045
-800.3265629586386
-800.3274928789558
-800.3284174326425
-800.3293366362976
-800.3302505063327
-800.3311590589722
-800.33206241404
-800.3329617794686
-800.3338575029045
-800.3347495916794
-800.335638053159
-800.3365228947428
-800.3374041238646
-800.338281747992
-800.3391557746266
-800.340026211304
-800.340893065594
-800.3417563451
-800.3426160574596
-800.3434722103447
-800.3443248114605
-800.3451738685468
-800.3460193893773
-800.3468613817594
-800.3476998535347
-800.3485348125788
-800.3493662668013
-800.3501942241458
-800.3510186925897
-800.3518396801447
-800.3526571948563
-800.353471244804
-800.3542818381014
-800.355088982896
-800.3558926873693
-800.3566929597368
-800.3574898082481
-800.3582832411867
-800.3590732668699
-800.3598598936495
-800.3606431299108
-800.3614229840734
-800.3621994645906
-800.3629725799501
-800.3637423386732
-800.3645087493155
-800.3652718204663
-800.3660315607492
-800.3667879788215
-800.3675410833748
-800.3682908831345
-800.36903738686
-800.3697806033447
-800.370520541416
-800.3712572099354
-800.3719906177982
-800.372720773934
-800.373447687306
-800.3741713669117
-800.3748918217825
-800.3756090609837
-800.3763230936148
-800.377033928809
-800.3777415757338
-800.3784460435905
-800.3791473416146
-800.3798454790752
-800.3805404652759
-800.3812323095539
-800.3819210212805
-800.3826066098611
-800.3832890847351
-800.3839684553756
-800.3846447312901
-800.3853179220199
-800.3859880371402
-800.3866550862604
-800.3873190790237
-800.3879800251074
-800.3886379342229
-800.3892928161154
-800.389944680564
-800.3905935373823
-800.3912393964173
-800.3918822675503
-800.3925221606967
-800.3931590858056
-800.3937930528601
-800.3944240718778
-800.3950521529097
-800.395677306041
-800.3962995413909
-800.3969188691128
-800.3975352993938
-800.398148842455
-800.3987595085517
-800.3993673079731
-800.3999722510423
-800.4005743481166
-800.4011736095871
-800.401770045879
-800.4023636674513
-800.4029544847973
-800.4035425084443
-800.4041277489531
-800.4047102169192
-800.4052899229715
-800.4058668777732
-800.4064410920214
-800.4070125764473
-800.4075813418159
-800.4081473989263
-800.4087107586117
-800.4092714317393
-800.4098294292099
-800.4103847619589
-800.4109374409551
-800.4114874772017
-800.4120348817358
-800.4125796656285
-800.4131218399848
-800.4136614159437
-800.4141984046782
-800.4147328173956
-800.4152646653367
-800.4157939597767
-800.4163207120245
-800.4168449334231
-800.4173666353497
-800.4178858292152
-800.4184025264645
-800.4189167385767
-800.4194284770649
-800.419937753476
-800.420444579391
-800.4209489664247
-800.4214509262263
-800.4219504704787
-800.4224476108988
-800.4229423592377
-800.4234347272802
-800.4239247268454
-800.4244123697861
-800.4248976679893
-800.4253806333759
-800.4258612779008
-800.4263396135531
-800.4268156523555
-800.4272894063649
-800.4277608876724
-800.4282301084029
-800.428697080715
-800.4291618168019
-800.4296243288903
-800.4300846292412
-800.4305427301492
-800.4309986439436
-800.4314523829869
-800.4319039596761
-800.4323533864421
-800.4328006757496
-800.4332458400976
-800.4336888920187
-800.4341298440801
-800.4345687088822
-800.4350054990601
-800.4354402272826
-800.4358729062524
-800.4363035487063
-800.4367321674151
-800.4371587751837
-800.4375833848508
-800.4380060092891
-800.4384266614055
-800.4388453541409
-800.4392621004697
-800.439676913401
-800.4400898059772
-800.4405007912754
-800.4409098824062
-800.4413170925143
-800.4417224347785
-800.4421259224115
-800.4425275686599
-800.4429273868046
-800.4433253901603
-800.4437215920756
-800.4441160059332
-800.4445086451498
-800.4448995231762
-800.445288653497
-800.4456760496307
-800.4460617251303
-800.4464456935823
-800.4468279686074
-800.4472085638603
-800.4475874930295
-800.4479647698377
-800.4483404080415
-800.4487144214318
-800.4490868238329
-800.4494576291034
-800.4498268511363
-800.4501945038579
-800.450560601229
-800.450925157244
-800.4512881859316
-800.4516497013543
-800.4520097176088
-800.4523682488257
-800.4527253091695
-800.4530809128388
-800.4534350740662
-800.453787807118
-800.4541391262952
-800.454489045932
-800.4548375803971
-800.4551847440929
-800.4555305514561
-800.4558750169572
-800.4562181551005
-800.4565599804248
-800.4569005075025
-800.4572397509401
-800.4575777253781
-800.4579144454909
-800.4582499259872
-800.4585841816092
-800.4589172271337
-800.4592490773709
-800.4595797471654
-800.4599092513957
-800.4602376049742
-800.4605648228473
-800.4608909199956
-800.4612159114332
-800.4615398122089
-800.461862637405
-800.462184402138
-800.4625051215581
-800.46282481085
-800.4631434852319
-800.4634611599562
-800.4637778503093
-800.4640935716118
-800.4644083392178
-800.4647221685159
-800.4650350749283
-800.4653470739115
-800.4656581809559
-800.4659684115857
-800.4662777813594
-800.4665863058692
-800.4668940007416
-800.4672008816368
-800.4675069642492
-800.4678122643072
-800.468116797573
-800.4684205798429
-800.4687236269474
-800.4690259547506
-800.4693275791508
-800.4696285160804
-800.4699287815058
-800.470228391427
-800.4705273618785
-800.4708257089284
-800.4711234486791
-800.4714205972668
-800.4717171708618
-800.4720131856683
-800.4723086579246
-800.4726036039029
-800.4728980399095
-800.4731919822846
-800.4734854474023
-800.4737784516709
-800.4740710115327
-800.4743631434638
-800.4746548639745
-800.474946189609
-800.4752371369453
-800.4755277225958
-800.4758179632065
-800.4761078754577
-800.4763974760637
-800.4766867817724
-800.4769758093661
-800.4772645756608
-800.4775530953
-800.4778403470217
-800.4781254830267
-800.4784085155345
-800.4786894567301
-800.4789683187643
-800.4792451137533
-800.4795198537797
-800.4797925508911
-800.4800632171012
-800.4803318643893
-800.4805985047002
-800.4808631499448
-800.4811258119992
-800.4813865027057
-800.4816452338721
-800.4819020172718
-800.482156864644
-800.4824097876937
-800.4826607980912
-800.4829099074731
-800.4831571274412
-800.4834024695633
-800.4836459453728
-800.4838875663688
-800.4841273440161
-800.484365289745
-800.484601414952
-800.4848357309988
-800.4850682492131
-800.4852989808883
-800.4855279372831
-800.4857551296226
-800.4859805690969
-800.4862042668622
-800.4864262340404
-800.4866464817189
-800.4868650209511
-800.4870818627556
-800.4872970181174
-800.4875104979866
-800.4877223132793
-800.4879324748771
-800.4881409936274
-800.4883478803437
-800.4885531458044
-800.4887568007542
-800.4889588559034
-800.4891593219278
-800.4893582094692
-800.4895555291348
-800.4897512914976
-800.4899455070964
-800.4901381864358
-800.4903293399857
-800.4905189781821
-800.4907071114264
-800.490893750086
-800.4910789044939
-800.4912625849485
-800.4914448017142
-800.4916255650213
-800.4918048850653
-800.4919827720078
-800.4921592359759
-800.4923342870625
-800.4925079353261
-800.4926801907909
-800.492851063447
-800.4930205632501
-800.4931887001214
-800.4933554839481
-800.493520924583
-800.4936850318444
-800.4938478155166
-800.4940092853493
-800.4941694510584
-800.4943283223248
-800.4944859087958
-800.494642220084
-800.4947972657676
-800.494951055391
-800.4951035984636
-800.4952549044611
-800.4954049828248
-800.4955538429614
-800.4957014942436
-800.4958479460095
-800.4959932075633
-800.4961372881746
-800.4962801970789
-800.4964219434772
-800.4965625365363
-800.4967019853888
-800.4968402991328
-800.4969774868322
-800.4971135575166
-800.4972485201814
-800.4973823837876
-800.4975151572618
-800.4976468494964
-800.4977774693496
-800.4979070256452
-800.4980355271728
-800.4981629826875
-800.4982894009102
-800.4984147905276
-800.498539160192
-800.4986625185213
-800.4987848740994
-800.4989062354758
-800.4990266111654
-800.499146009649
-800.4992644393734
-800.4993819087506
-800.4994984261587
-800.4996139999412
-800.4997286384074
-800.4998423498325
-800.4999551424572
-800.5000670244879
-800.5001780040967
-800.5002880894215
-800.5003972885659
-800.500505609599
-800.5006130605558
-800.5007196494371
-800.5008253842091
-800.5009302728038
-800.501034323119
-800.5011375430183
-800.5012399403308
-800.5013415228512
-800.5014422983403
-800.5015422745241
-800.5016414590947
-800.5017398597098
-800.5018374839927
-800.5019343395326
-800.502030433884
-800.5021257745676
-800.5022203690695
-800.5023142248416
-800.5024073493015
-800.5024997498324
-800.5025914337832
-800.5026824084688
-800.5027726811694
-800.5028622591312
-800.5029511495659
-800.5030393596511
-800.5031268965298
-800.5032137673111
-800.5032999790693
-800.5033855388451
-800.5034704536441
-800.5035547304383
-800.5036383761649
-800.503721397727
-800.5038038019935
-800.5038855957989
-800.5039667859432
-800.5040473791927
-800.5041273822786
-800.5042068018985
-800.5042856447151
-800.5043639173574
-800.5044416264196
-800.504518778462
-800.5045953800104
-800.5046714375561
-800.5047469575566
-800.5048219464345
-800.5048964105788
-800.5049703563434
-800.5050437900487
-800.5051167179802
-800.5051891463894
-800.5052610814934
-800.505332529475
-800.5054034964828
-800.505473988631
-800.5055440119996
-800.5056135726342
-800.505682676546
-800.5057513297122
-800.5058195380755
-800.5058873075443
-800.5059546439928
-800.5060215532608
-800.5060880411538
-800.5061541134431
-800.5062197758657
-800.5062850341243
-800.506349893887
-800.506414360788
-800.5064784404271
-800.5065421383697
-800.5066054601471
-800.5066684112559
-800.5067309971587
-800.5067932232839
-800.5068550950256
-800.5069166177431
-800.5069777967619
-800.5070386373732
-800.5070991448337
-800.5071593243657
-800.5072191811577
-800.5072787203633
-800.5073379471022
-800.5073968664595
-800.5074554834865
-800.5075138031997
-800.5075718305814
-800.5076295705798
-800.5076870281085
-800.5077442080474
-800.5078011152413
-800.5078577545011
-800.5079141306036
-800.5079702482909
-800.5080261122712
-800.5080817272179
-800.5081370977707
-800.5081922285345
-800.5082471240803
-800.5083017889443
-800.508356227629
-800.5084104446021
-800.5084644442973
-800.5085182311137
-800.5085718094167
-800.5086251835368
-800.5086783577702
-800.5087313363794
-800.5087841235919
-800.5088367236015
-800.5088891405671
-800.5089413786139
-800.5089934418323
-800.5090453342788
-800.5090970599753
-800.5091486229096
-800.509200027035
-800.5092512762708
-800.5093023745018
-800.5093533255783
-800.5094041333168
-800.5094548014991
-800.509505333873
-800.5095557341516
-800.509606006014
-800.5096561531051
-800.5097061790351
-800.5097560873803
-800.5098058816826
-800.5098555654494
-800.5099051421539
-800.5099546152352
-800.510003988098
-800.5100532641125
-800.5101024466147
-800.5101515389065
-800.5102005442553
-800.5102494658943
-800.5102983070223
-800.5103470708038
-800.5103957603693
-800.5104443788146
-800.5104929292012
-800.5105414145567
-800.5105898378741
-800.5106382021122
-800.5106865101955
-800.5107347650139
-800.5107829694236
-800.5108311262461
-800.5108792382686
-800.510927308244
-800.5109753388913
-800.5110233328945
-800.5110712929039
-800.5111192215352
-800.51116712137
-800.5112149949554
-800.5112628448042
-800.5113106733951
-800.5113584831723
-800.511406276546
-800.5114540558917
-800.5115018235509
-800.5115495818305
-800.5115973330036
-800.5116450793086
-800.5116928229495
-800.5117405660964
-800.5117883108848
-800.511836059416
-800.5118838137572
-800.5119315759409
-800.5119793479657
-800.5120271317955
-800.5120749293602
-800.5121227425553
-800.5121705732422
-800.5122184232475
-800.5122662943639
-800.51231418835
-800.5123621069295
-800.5124100517922
-800.5124580245937
-800.512506026955
-800.5125540604628
-800.5126021266698
-800.5126502270941
-800.5126983632198
-800.5127465364964
-800.5127947483393
-800.5128430001295
-800.5128912932138
-800.5129396289045
-800.51298800848
-800.5130364331839
-800.5130849042257
-800.5131334227809
-800.5131819899902
-800.5132306069605
-800.5132792747639
-800.5133279944387
-800.5133767669885
-800.5134255933826
-800.5134744745565
-800.5135234114108
-800.5135724048122
-800.5136214555929
-800.5136705645509
-800.5137197324498
-800.513768960019
-800.5138182479535
-800.5138675969142
-800.5139170075274
-800.5139664803855
-800.5140160160462
-800.5140656150331
-800.5141152778356
-800.5141650049085
-800.5142147966725
-800.514264653514
-800.5143145757852
-800.5143645638037
-800.5144146178532
-800.5144647381827
-800.5145149250071
-800.5145651785072
-800.514615498829
-800.5146658860846
-800.5147163403518
-800.5147668616738
-800.5148174500599
-800.5148681054848
-800.514918827889
-800.5149696171786
-800.5150204732257
-800.5150713958678
-800.5151223849082
-800.515173440116
-800.5152245612256
-800.5152757479378
-800.5153269999186
-800.5153783167997
-800.5154296981787
-800.5154811436188
-800.5155326526489
-800.5155842247635
-800.5156358594231
-800.5156875560538
-800.5157393140471
-800.5157911327606
-800.5158430115172
-800.5158949496059
-800.5159469462812
-800.5159990007634
-800.5160511122383
-800.5161032798576
-800.5161555027387
-800.5162077799645
-800.5162601105837
-800.516312493611
-800.5163649280264
-800.5164174127756
-800.5164699467704
-800.5165225288878
-800.5165751579709
-800.5166278328282
-800.5166805522343
-800.5167333149292
-800.5167861196184
-800.5168389649735
-800.5168918496317
-800.516944772196
-800.5169977312346
-800.5170507252819
-800.5171037528381
-800.5171568123686
-800.5172099023048
-800.5172630210438
-800.5173161669484
-800.5173693383471
-800.5174225335339
-800.5174757507688
-800.5175289882774
-800.5175822442509
-800.5176355168463
-800.5176888041864
-800.5177421043593
-800.5177954154194
-800.5178487353862
-800.5179020622454
-800.517955393948
-800.5180087284111
-800.5180620635172
-800.5181153971145
-800.5181687270169
-800.5182220510045
-800.5182753668223
-800.5183286721816
-800.5183819647591
-800.5184352421973
-800.5184885021044
-800.5185417420545
-800.518594959587
-800.5186481522071
-800.5187013173861
-800.5187544525605
-800.5188075551328
-800.518860622471
-800.5189136519091
